1403715278412143104.000000 -0.003364317 0.233450741 0.020009033 -0.575568318 -0.597932160 -0.388533324 0.400300145
1403715280162142976.000000 -0.032964513 0.381522357 0.205106124 -0.579538703 -0.597794831 -0.385814548 0.397395700
1403715282412143104.000000 -0.125298142 0.843811870 0.300593019 -0.771295428 -0.294853747 -0.528815150 0.196263209
1403715285362142976.000000 0.010423455 1.514920115 0.049683191 0.816817582 -0.037874844 0.575643957 -0.002923378
1403715285712143104.000000 0.021723669 1.508680582 0.169198766 0.825054109 -0.062364813 0.561598480 0.001908574
1403715288562142976.000000 0.634423971 1.119539261 0.622495055 0.773896277 -0.252653807 0.557786167 0.161632910
1403715291262142976.000000 1.131607413 0.719674885 0.444740683 0.738807023 -0.351698846 0.539101243 0.199604824
1403715291762142976.000000 1.239051461 0.569757640 0.402834833 0.729027510 -0.389514685 0.517706990 0.220854729
1403715292062142976.000000 1.273900628 0.436804622 0.367078990 0.734595537 -0.382988364 0.501238704 0.249898359
1403715293962142976.000000 1.807634711 -0.174610361 0.612567544 0.817583621 -0.020967619 0.575418472 0.003323877
1403715296912143104.000000 1.918331504 -0.804867268 0.199095726 -0.707924306 -0.416377842 -0.492095113 0.288643658
1403715299662142976.000000 2.464615345 -0.669281065 0.206015319 -0.447516620 -0.697061241 -0.285040408 0.482272297
1403715302212143104.000000 2.527430296 -0.520681679 0.154581085 -0.331909448 -0.747776687 -0.253758222 0.516016424
1403715305162142976.000000 2.208352089 -1.195631504 -0.010409150 -0.146453515 -0.805192947 -0.100399762 0.565805376
1403715307862142976.000000 2.773631096 -1.209937334 0.324680477 -0.431435585 -0.708996177 -0.296792179 0.472337037
1403715310012143104.000000 3.017332792 -0.944554925 0.243124455 -0.503967047 -0.642117321 -0.328106254 0.475445956
1403715311212143104.000000 3.468803644 -0.917528450 0.287923127 -0.570697725 -0.597584009 -0.374727547 0.420448393
1403715313112143104.000000 4.152922630 -0.433932811 0.367469609 -0.544618249 -0.587853968 -0.427624315 0.418277740
1403715315512143104.000000 3.884179115 -0.438210636 0.583749056 -0.657637119 -0.487775862 -0.461894453 0.340942413
1403715318162142976.000000 3.374399900 -0.129507571 0.278032750 -0.821729958 -0.019937413 -0.566650331 0.057183497
1403715319712143104.000000 3.662316322 -0.255666196 0.138923362 0.804560959 -0.164478123 0.555313349 0.131361187
1403715320012143104.000000 3.828433037 -0.221023411 0.208728716 0.801757991 -0.180215716 0.552658617 0.138834491
1403715320912143104.000000 4.279945850 -0.003695402 0.403439999 0.711296916 -0.391734570 0.543549895 0.212495476
1403715321412143104.000000 4.311536789 0.056048002 0.456088483 0.712543547 -0.410038561 0.520770967 0.230103776
1403715321762142976.000000 4.236069679 0.020640697 0.486873746 0.712671697 -0.399792045 0.525330245 0.237262651
1403715324562142976.000000 3.575379372 -0.970951855 0.589546919 0.668537378 -0.469611287 0.496596903 0.293111771
1403715326412143104.000000 3.280426264 -0.834763944 0.636588037 0.673555613 -0.451055080 0.486992002 0.325132251
1403715326862142976.000000 3.145637274 -0.811727822 0.589930952 0.664385736 -0.458753109 0.491327554 0.326702386
1403715328662142976.000000 2.334125757 -0.827399671 0.464618236 0.713122010 -0.393153965 0.499934822 0.294876665
1403715331262142976.000000 2.122030258 -0.691051483 0.367611736 0.802865982 -0.163784221 0.568256915 0.075265966
1403715334012143104.000000 1.956996679 -1.695340991 0.612862587 0.819942355 -0.067575395 0.567625046 0.030493600
1403715336912143104.000000 2.221477270 -2.893011093 0.585344553 -0.818265915 -0.045630760 -0.571944833 0.035185281
1403715339712143104.000000 3.215522289 -3.581383228 0.714944482 -0.800090849 -0.190968364 -0.553413928 0.130839065
1403715340012143104.000000 3.329821110 -3.628172636 0.681370378 -0.792386711 -0.211440146 -0.563089907 0.101716235
1403715340462142976.000000 3.433409929 -3.557486773 0.693675816 -0.772929072 -0.277652830 -0.540486872 0.182656899
1403715341512143104.000000 3.718675137 -3.276748419 0.800303400 -0.761370420 -0.288326144 -0.541728258 0.209078342
1403715342262142976.000000 3.870166779 -3.099162579 0.843106985 -0.775058985 -0.287654757 -0.523457468 0.206229851
1403715343962142976.000000 4.156899452 -2.346743107 0.794743955 -0.725159466 -0.381287128 -0.514341652 0.253409863
1403715346412143104.000000 3.068728924 -1.140675426 0.636327922 -0.698074639 -0.436390817 -0.478380859 0.305624962
1403715347262142976.000000 2.630386114 -0.833962083 0.652842999 -0.707038522 -0.422138602 -0.482736975 0.298094928
1403715350062142976.000000 2.407036781 -0.322628051 0.319148153 -0.488154352 -0.653161466 -0.336211801 0.471218854
1403715352812143104.000000 1.806868196 0.205439180 0.230118871 -0.406091213 -0.703142524 -0.273413748 0.515679657
1403715354662142976.000000 1.475747347 0.364376575 0.151624337 -0.380944788 -0.730319798 -0.256164551 0.505859554
1403715354912143104.000000 1.451347709 0.395273477 0.183774307 -0.383858711 -0.727766812 -0.253320992 0.508759797
1403715357712143104.000000 0.854037285 0.872401237 0.566649377 -0.153601676 -0.808515608 -0.123994768 0.554377377
1403715358062142976.000000 0.700163245 0.924817502 0.582394302 -0.141049758 -0.813344717 -0.138565078 0.547151864
1403715359612143104.000000 -0.241006806 0.729978442 0.492850363 -0.094201133 -0.801441371 -0.089538954 0.583781362
1403715360062142976.000000 -0.378961086 0.582015097 0.502027154 -0.110064745 -0.808178246 -0.073696651 0.573848963
1403715360512143104.000000 -0.474566460 0.434134215 0.521390915 -0.146111906 -0.804826021 -0.065257654 0.571531236
1403715360962142976.000000 -0.518261969 0.385411859 0.554916263 -0.225275099 -0.787289381 -0.147612885 0.554650307
1403715362562142976.000000 -0.812321305 0.372646332 0.526492655 -0.518530965 -0.642414093 -0.368055403 0.427744001
1403715362912143104.000000 -0.981386542 0.408591002 0.499278486 -0.596204698 -0.564996898 -0.392049700 0.414265126
1403715363262142976.000000 -1.107049704 0.449536622 0.501223147 -0.648980379 -0.496242046 -0.409344494 0.406208724
1403715366162142976.000000 -0.636282802 0.009539768 0.850473762 -0.802582026 -0.132389605 -0.563799560 0.143056974
1403715368762142976.000000 0.206575453 -1.164093256 0.945532143 -0.797598898 -0.160928011 -0.566205442 0.131718159
1403715371512143104.000000 1.658108950 -1.915396929 0.879314363 -0.771236598 -0.320774198 -0.505758405 0.215653390
1403715374262142976.000000 3.541503906 -1.535270095 0.942922533 -0.658244669 -0.483961374 -0.468152851 0.336642563
1403715376412143104.000000 3.771864891 -0.614913523 0.886018872 -0.630183995 -0.496281087 -0.466933489 0.372218102
1403715377662142976.000000 3.369267941 -0.356393933 0.761394203 -0.614081264 -0.527003586 -0.452971667 0.374149770
1403715380512143104.000000 1.891321421 -0.215694115 0.767636240 -0.623746693 -0.529360831 -0.442395002 0.367428631
1403715382012143104.000000 0.847100973 -0.002488149 0.798950553 -0.642855585 -0.524127543 -0.444970578 0.337680548
1403715384662142976.000000 -0.162947893 0.970623732 0.679059625 -0.818994164 -0.116587587 -0.550770760 0.110939682
1403715387512143104.000000 0.313161135 0.509662390 0.742554545 -0.821275115 -0.028718229 -0.568378925 0.040346842
1403715390162142976.000000 1.024226546 -1.305885673 0.667084873 -0.819231749 -0.135769114 -0.549226761 0.093680419
1403715392862142976.000000 2.973653793 -1.351607800 0.802767694 -0.687292814 -0.431909144 -0.497206390 0.306380570
1403715394362142976.000000 3.553515673 -1.146056414 0.813669860 -0.427541792 -0.697106719 -0.306133807 0.487372905
1403715394712143104.000000 3.550677061 -1.138952971 0.803921223 -0.335150003 -0.739675820 -0.253439307 0.525664091
1403715396312143104.000000 3.259958029 -1.405758739 0.656598091 -0.058194060 -0.819267511 -0.014715504 0.570261061
1403715397062142976.000000 3.050984859 -1.461118817 0.561250627 -0.011812767 -0.831584692 -0.007722754 0.555218697
1403715399762142976.000000 2.311036825 -1.319965363 0.349254370 -0.015634052 -0.829494417 -0.022194538 0.557854772
1403715400162142976.000000 2.357364416 -1.489537716 0.370129436 -0.035082694 -0.832093954 -0.042186126 0.551914096
1403715400462142976.000000 2.335529089 -1.645082712 0.393737227 -0.077730447 -0.827467561 -0.090125866 0.548755586
1403715401462142976.000000 1.945540667 -2.213644266 0.411674827 -0.264059931 -0.797407150 -0.168144956 0.515888929
1403715401712143104.000000 1.768320918 -2.283867836 0.441031069 -0.272015423 -0.781113684 -0.164910778 0.537283361
1403715402212143104.000000 1.433357477 -2.339317799 0.492969751 -0.275981188 -0.759510279 -0.196333319 0.555366218
1403715403062142976.000000 1.007552028 -2.518747330 0.500633717 -0.346348286 -0.747531533 -0.220175818 0.522266328
1403715403262142976.000000 0.916958094 -2.573965073 0.505086899 -0.358149111 -0.755186141 -0.208932072 0.507710993
1403715403562142976.000000 0.780144572 -2.600421190 0.523644328 -0.363475174 -0.749302983 -0.229657531 0.503674746
1403715403812143104.000000 0.663134515 -2.580879927 0.531446040 -0.406255811 -0.733027756 -0.246903196 0.486482561
1403715404212143104.000000 0.474580050 -2.460879564 0.556578696 -0.463521004 -0.688833654 -0.308322579 0.464320749
1403715404412143104.000000 0.375158608 -2.376505852 0.565882504 -0.473651320 -0.676135063 -0.339666396 0.450691193
1403715404812143104.000000 0.128620833 -2.218302488 0.559711158 -0.487554580 -0.656850517 -0.345930755 0.459532171
1403715405212143104.000000 -0.120197482 -2.086644650 0.530749083 -0.543302655 -0.606696725 -0.361782998 0.453711748
1403715405612143104.000000 -0.290147662 -1.982318997 0.496542662 -0.624546111 -0.537542403 -0.410456568 0.390532523
1403715405812143104.000000 -0.350754976 -1.929862857 0.480094671 -0.656118691 -0.509165227 -0.435074657 0.347806185
1403715406012143104.000000 -0.405319124 -1.866816759 0.462213904 -0.683923900 -0.467230052 -0.459577680 0.320519418
1403715406412143104.000000 -0.498946130 -1.722363353 0.402323216 -0.735491097 -0.372103333 -0.496815205 0.271600246
1403715406612143104.000000 -0.533662975 -1.651003361 0.361698031 -0.761544704 -0.326120824 -0.501939118 0.248499334
1403715406812143104.000000 -0.550135970 -1.584148049 0.321274072 -0.776635945 -0.284978688 -0.516684711 0.220591426
1403715407212143104.000000 -0.536971807 -1.463624001 0.252876937 -0.805087507 -0.210154101 -0.531078637 0.160077617
1403715407412143104.000000 -0.507859707 -1.403891921 0.229423061 -0.819078505 -0.194850102 -0.521404445 0.138857067
1403715410312143104.000000 0.233870968 -0.400427908 0.545467615 -0.748250842 -0.343081087 -0.515891731 0.237216875
1403715410812143104.000000 0.296291560 -0.268955052 0.523811758 -0.734650314 -0.347388327 -0.531648576 0.238663077
1403715411312143104.000000 0.292706519 -0.148190498 0.492774695 -0.735710800 -0.352604628 -0.514819741 0.263363510
1403715411562142976.000000 0.281687140 -0.113066405 0.481612623 -0.727242112 -0.351006687 -0.521306694 0.275957704
1403715412062142976.000000 0.250775218 -0.110457182 0.454172254 -0.728912175 -0.363506377 -0.514035225 0.268920124
1403715412312143104.000000 0.230395317 -0.125813693 0.440279335 -0.731572509 -0.365314901 -0.510842443 0.265304953
1403715412562142976.000000 0.208576202 -0.146483123 0.426850975 -0.735944211 -0.365506053 -0.505640566 0.262905031
1403715412912143104.000000 0.187107697 -0.169059172 0.416204989 -0.738642931 -0.369135708 -0.502074182 0.257034987
1403715413412143104.000000 0.163937777 -0.175877303 0.326498568 -0.734649181 -0.359843403 -0.509123564 0.267575324
1403715413662142976.000000 0.155754015 -0.185489684 0.267445982 -0.733365536 -0.358861446 -0.511276305 0.268309653
1403715414112143104.000000 0.139414623 -0.223088592 0.180815101 -0.731840372 -0.366123319 -0.514324367 0.256581306
1403715414512143104.000000 0.109839246 -0.231266543 0.196996674 -0.744505107 -0.372476280 -0.497546256 0.243764907
1403715414912143104.000000 0.086977921 -0.179635257 0.159249410 -0.740458548 -0.350825727 -0.506232977 0.269018173
1403715415312143104.000000 0.087181434 -0.153902471 0.083569154 -0.743978381 -0.335952938 -0.509344935 0.272396058
1403715415712143104.000000 0.107877851 -0.164994270 0.039672494 -0.736275554 -0.349943161 -0.528862178 0.236099482
1403715416012143104.000000 0.101181053 -0.159543157 0.037614431 -0.735843480 -0.350629002 -0.529290378 0.235468492
1403715416462142976.000000 0.103677712 -0.158211827 0.038071968 -0.738520980 -0.349523544 -0.526571691 0.234824151
1403715416812143104.000000 0.103347018 -0.159488499 0.036719956 -0.738424540 -0.348881662 -0.526841342 0.235476285
1403715417312143104.000000 0.101972625 -0.160096884 0.036078155 -0.738632739 -0.348662078 -0.526561081 0.235775054
1403715417812143104.000000 0.101248041 -0.160805240 0.036024235 -0.738819599 -0.348428696 -0.526344776 0.236017451
1403715417912143104.000000 0.101260126 -0.160845876 0.036064554 -0.738846064 -0.348428577 -0.526343882 0.235936880
1403715418412143104.000000 0.100992441 -0.161147833 0.036393680 -0.738846242 -0.348284215 -0.526393592 0.236038551
