1403637149738319104.000000 2.314600229 11.382173538 -8.103360176 -0.595138431 -0.542193532 -0.407367289 0.431147784
1403637151088318976.000000 2.520212173 11.617082596 -7.852468491 -0.597127914 -0.545988679 -0.433869570 0.396348029
1403637153838319104.000000 3.003970385 12.167052269 -7.497538090 -0.598578751 -0.557242870 -0.419571549 0.393882841
1403637154988318976.000000 3.290207148 12.474346161 -7.597880363 -0.628819168 -0.545713067 -0.420084655 0.360988468
1403637157588318976.000000 4.619478703 13.056909561 -7.945590973 -0.790203929 -0.241726980 -0.519723594 0.216871724
1403637160488318976.000000 7.643405437 11.329799652 -8.097293854 -0.815796673 -0.038635377 -0.575086772 0.047521029
1403637160988318976.000000 8.144307137 10.937116623 -8.206789017 0.828346610 -0.044471964 0.557973266 0.023020247
1403637163838319104.000000 9.132831573 8.063923836 -8.122324944 0.743370056 -0.342285842 0.549019933 0.169760287
1403637164038319104.000000 8.945948601 7.849171638 -8.097034454 0.736904144 -0.351861477 0.553434670 0.163938612
1403637166938319104.000000 5.679747105 4.744317055 -8.136780739 0.758137524 -0.302883118 0.490971595 0.304033428
1403637168138319104.000000 6.232870102 5.785978317 -8.239433289 0.773525357 -0.305361360 0.509027719 0.222044200
1403637170838319104.000000 8.663877487 9.807021141 -8.945464134 -0.761637747 -0.103598639 -0.634442389 0.081597596
1403637173588318976.000000 6.179803371 12.699997902 -9.008337975 -0.837404370 -0.046583518 -0.532845974 0.112512700
1403637173988318976.000000 6.117537975 12.595843315 -9.138422966 0.857027948 -0.031676184 0.508961439 -0.073878057
1403637174188318976.000000 6.180711269 12.463728905 -9.140082359 0.829604864 -0.016852368 0.557447195 -0.026916863
1403637174488318976.000000 6.300191402 12.236083984 -9.077652931 0.804323673 -0.036517184 0.591225505 -0.046716057
1403637177288318976.000000 4.679291725 8.416334152 -8.897439003 0.825610816 -0.211639300 0.513589382 0.099003330
1403637179088318976.000000 5.121482372 6.321526527 -9.141935349 0.755503654 -0.268603027 0.556461155 0.217755869
1403637181788318976.000000 8.270333290 8.124381065 -9.099462509 0.755936444 -0.294582993 0.538657069 0.227221608
1403637183538319104.000000 9.295702934 10.817921638 -8.631459236 0.714300156 -0.322974384 0.596539974 0.172055244
1403637183838319104.000000 9.063547134 11.264759064 -8.709788322 0.716011107 -0.336413592 0.592354894 0.152544573
1403637185038319104.000000 7.151411533 12.141302109 -8.904237747 0.781445444 -0.323841572 0.503791273 0.175111815
1403637185388318976.000000 6.666755676 12.137640953 -8.864864349 0.791282594 -0.322620541 0.487751544 0.178567737
1403637186188318976.000000 5.962502480 11.795994759 -8.609762192 0.761848509 -0.304869980 0.531029224 0.211303636
1403637186838319104.000000 5.570627689 11.500171661 -8.322826385 0.754930794 -0.326089084 0.537423253 0.186873406
1403637187238319104.000000 5.299021244 11.272552490 -8.255295753 0.747476995 -0.339720339 0.543282628 0.175249308
1403637187538319104.000000 5.066159248 11.036274910 -8.262302399 0.765745580 -0.341894954 0.506906211 0.199468166
1403637187988318976.000000 4.784745216 10.588127136 -8.311994553 0.768575251 -0.349001199 0.496451825 0.202548265
1403637190688318976.000000 3.728492498 7.462214470 -8.690394402 0.713175297 -0.383544207 0.516089678 0.279152751
1403637191938319104.000000 3.099327087 6.638573170 -8.662806511 0.744500279 -0.346428841 0.503174543 0.269298971
1403637192288318976.000000 3.006323099 6.520632267 -8.533970833 0.756255865 -0.349597812 0.481317520 0.272381783
1403637192788318976.000000 3.082463264 6.388803959 -8.365550995 0.754234135 -0.370265514 0.482936919 0.246589392
1403637193588318976.000000 3.470088720 6.033008099 -8.145098686 0.745851338 -0.365303636 0.497948617 0.249612346
1403637193838319104.000000 3.625242472 5.871124744 -8.075008392 0.749224663 -0.357564658 0.493914932 0.258569002
1403637194288318976.000000 3.968830585 5.602621078 -8.016242027 0.740813375 -0.357737541 0.505602062 0.259973109
1403637194538319104.000000 4.182291031 5.473705292 -8.000069618 0.743750811 -0.360423982 0.500794888 0.257165104
1403637197438319104.000000 7.380715370 6.219560146 -7.987540722 0.756924629 -0.269202739 0.557913661 0.208151892
1403637199888318976.000000 8.086870193 12.007229805 -7.589653969 -0.744654953 -0.196405172 -0.611528635 0.181512922
1403637200088318976.000000 7.885296345 12.474692345 -7.696275711 -0.710286736 -0.234508112 -0.610150874 0.261179507
1403637200288318976.000000 7.644384384 12.848904610 -7.820568085 -0.687593877 -0.301517189 -0.592644036 0.291676521
1403637202938319104.000000 5.619591236 13.286330223 -8.005100250 -0.761726737 -0.300882906 -0.533001304 0.212488592
1403637205588318976.000000 5.739250660 12.439546585 -8.085034370 -0.756661475 -0.309156746 -0.536958754 0.208712608
1403637208088318976.000000 5.186891556 12.284675598 -8.011946678 -0.761387169 -0.300168514 -0.532925487 0.214892924
1403637209088318976.000000 5.033249378 12.116617203 -7.941384315 -0.752590001 -0.309294283 -0.548576117 0.192378774
1403637211938319104.000000 6.350932598 14.743377686 -8.542855263 -0.767160952 -0.331034601 -0.486981243 0.254420072
1403637212538319104.000000 7.099418163 15.524791718 -8.529985428 -0.743761480 -0.329399318 -0.526307285 0.247619897
1403637212738319104.000000 7.330277443 15.753231049 -8.490833282 -0.753600538 -0.333128452 -0.514052868 0.238456354
1403637212938319104.000000 7.561250687 15.981540680 -8.441543579 -0.754134953 -0.338694513 -0.513162971 0.230716735
1403637213188318976.000000 7.846191883 16.273759842 -8.379204750 -0.754365265 -0.340532064 -0.509545088 0.235233560
1403637213388318976.000000 8.072934151 16.510427475 -8.353048325 -0.752426386 -0.340461880 -0.510915458 0.238548890
1403637213788318976.000000 8.506919861 16.976886749 -8.359203339 -0.741487563 -0.355470568 -0.525474072 0.218434989
1403637213988318976.000000 8.695644379 17.217678070 -8.392125130 -0.739106357 -0.359812081 -0.527133644 0.215376869
1403637214238319104.000000 8.895400047 17.543642044 -8.406498909 -0.725976646 -0.364067435 -0.528303742 0.247604579
1403637214638319104.000000 9.116969109 18.047718048 -8.344345093 -0.664213479 -0.441698700 -0.534871340 0.278631419
1403637214838319104.000000 9.152956963 18.281280518 -8.281050682 -0.639392912 -0.468616784 -0.539648056 0.283469617
1403637215088318976.000000 9.104707718 18.553949356 -8.213272095 -0.631807983 -0.472366214 -0.539904237 0.293585300
1403637215538319104.000000 8.773194313 18.960014343 -8.169301987 -0.612795591 -0.466695130 -0.531941175 0.351732641
1403637216638319104.000000 7.352819443 19.085304260 -7.917138577 -0.549221039 -0.561558008 -0.422968835 0.451781154
1403637216888318976.000000 7.064604282 18.967824936 -7.902644634 -0.543551266 -0.546937406 -0.437009752 0.463070124
1403637217288318976.000000 6.666379929 18.604850769 -7.849021912 -0.573037922 -0.536136746 -0.410284966 0.464597970
1403637217638319104.000000 6.430190086 18.168300629 -7.876150608 -0.570486903 -0.536616325 -0.410041571 0.467390090
1403637217888318976.000000 6.319453716 17.795003891 -7.900314808 -0.513926923 -0.582813144 -0.422917604 0.466206789
1403637218238319104.000000 6.174756050 17.164167404 -7.893744946 -0.485885471 -0.622881770 -0.387421846 0.475224137
1403637218488318976.000000 6.078226089 16.665481567 -7.914018631 -0.479785472 -0.627912641 -0.383648008 0.477855414
1403637218738319104.000000 5.982923031 16.133871078 -7.925247669 -0.485530376 -0.631300569 -0.379958272 0.470480144
1403637218938319104.000000 5.905036926 15.690817833 -7.950946808 -0.485195369 -0.636531353 -0.386738151 0.458090544
1403637219138319104.000000 5.816312790 15.239845276 -8.025048256 -0.482070923 -0.640026987 -0.393899739 0.450351059
1403637220538319104.000000 4.781571388 12.279989243 -7.900255203 -0.526067078 -0.634061754 -0.344748020 0.449853271
1403637223488318976.000000 3.776082516 10.194146156 -8.019288063 -0.637835979 -0.520613551 -0.435727686 0.363686800
1403637223988318976.000000 3.791113853 10.230269432 -7.879707336 -0.628875077 -0.520545065 -0.444432139 0.368821353
1403637224488318976.000000 3.789805412 10.270146370 -7.906552792 -0.625838399 -0.520914376 -0.449735701 0.367031723
1403637225888318976.000000 3.647813082 10.227527618 -8.055365562 -0.627411664 -0.528562844 -0.442078859 0.362687439
1403637227688318976.000000 3.155132294 10.202132225 -7.934705734 -0.643267691 -0.515862644 -0.427833021 0.370204449
1403637228188318976.000000 3.135359764 10.279472351 -7.998512268 -0.625087976 -0.512483537 -0.452699244 0.376416028
1403637229188318976.000000 3.025127411 10.243745804 -7.965048313 -0.621159673 -0.520505667 -0.455532223 0.368408591
1403637229538319104.000000 2.950428486 10.190664291 -8.014809608 -0.659647942 -0.493674099 -0.441266209 0.355576396
1403637230788318976.000000 2.957870245 10.133028030 -8.112481117 -0.756787419 -0.287620515 -0.544471145 0.219313547
1403637231038319104.000000 2.961557865 10.125719070 -8.066914558 -0.797776580 -0.229774535 -0.527434647 0.180468395
1403637231288318976.000000 2.991914749 10.105810165 -8.082994461 -0.821112275 -0.144456223 -0.536576807 0.130354762
1403637231688318976.000000 3.094269276 10.034080505 -8.301629066 0.834508479 -0.021139117 0.549460948 -0.035235491
1403637232188318976.000000 3.321343422 9.814889908 -8.530850410 0.800991595 -0.174740240 0.569520414 0.059370920
1403637232538319104.000000 3.467255831 9.560815811 -8.568066597 0.774880946 -0.249535337 0.568034053 0.120950349
1403637232838319104.000000 3.539866447 9.288489342 -8.551808357 0.767115951 -0.335842282 0.528497636 0.139403969
1403637233238319104.000000 3.610783815 8.768592834 -8.463002205 0.783364952 -0.356999218 0.479317099 0.170722649
1403637235888318976.000000 7.244337559 7.802070141 -9.300991058 0.805391669 -0.072524287 0.578188598 0.108547084
1403637236188318976.000000 7.662051201 8.169770241 -9.239128113 -0.805006385 -0.001527366 -0.584598005 -0.101032525
1403637239088318976.000000 6.156346798 12.118043900 -7.649873734 0.865865886 -0.187318966 0.460199714 -0.058344442
1403637239388318976.000000 5.912355423 11.583156586 -7.535140991 0.847562134 -0.179994807 0.498989999 0.015786001
1403637239638319104.000000 5.800359249 11.029651642 -7.516181469 0.826750517 -0.226511568 0.511379123 0.060558904
1403637239888318976.000000 5.729552269 10.413110733 -7.596258163 0.786162078 -0.266817212 0.540938139 0.134698153
1403637240988318976.000000 5.493072510 7.761706352 -8.122048378 0.731284857 -0.365411490 0.503298879 0.279977322
1403637241238319104.000000 5.519906521 7.211850166 -8.195261955 0.736426175 -0.359930187 0.502986073 0.274101943
1403637241488318976.000000 5.576338768 6.703957081 -8.292901993 0.742656350 -0.340308368 0.499338001 0.288640618
1403637241738319104.000000 5.680647373 6.263743877 -8.364606857 0.736155450 -0.321396947 0.512074530 0.304235041
1403637241988318976.000000 5.826664925 5.926300049 -8.397950172 0.714840949 -0.325822622 0.545393407 0.292212605
1403637242238319104.000000 5.970640659 5.691296101 -8.396496773 0.716811717 -0.324003160 0.539637744 0.299990088
1403637242488318976.000000 6.113792419 5.557214737 -8.387007713 0.719017863 -0.309265822 0.530369878 0.325693011
1403637242738319104.000000 6.277787685 5.546228886 -8.391115189 0.723183811 -0.294463784 0.543737531 0.307645530
1403637242988318976.000000 6.448070526 5.660846710 -8.358380318 0.724226117 -0.277150542 0.569231391 0.273239404
1403637243238319104.000000 6.599563122 5.866728783 -8.328892708 0.740084887 -0.267783940 0.557269037 0.264607966
1403637243488318976.000000 6.738294601 6.149658203 -8.336460114 0.746520638 -0.276842982 0.551630914 0.248532236
1403637243738319104.000000 6.869498253 6.486022949 -8.328508377 0.753416955 -0.295417011 0.541914701 0.226760462
1403637243988318976.000000 6.994456768 6.831917286 -8.266414642 0.756265223 -0.321923137 0.534455597 0.196941152
1403637244238319104.000000 7.099863529 7.145922184 -8.145259857 0.753609359 -0.325059354 0.534238696 0.202480420
1403637244488318976.000000 7.189408779 7.425676823 -7.991013527 0.760962248 -0.323693693 0.526222467 0.198113084
1403637244788318976.000000 7.301746368 7.719522476 -7.807522297 0.784338534 -0.278015226 0.518033981 0.197892591
1403637245088318976.000000 7.450622559 7.987267971 -7.681519032 0.796011865 -0.271211475 0.514591873 0.167346030
1403637245388318976.000000 7.644368649 8.194458008 -7.602026463 0.799185395 -0.265235960 0.512120485 0.169367731
1403637245638319104.000000 7.848258018 8.326671600 -7.565300941 0.803918302 -0.242327809 0.516381681 0.168352604
1403637245888318976.000000 8.091318130 8.447621346 -7.560206890 0.803299010 -0.194764972 0.544366241 0.142978296
1403637246138319104.000000 8.348627090 8.576487541 -7.587625027 0.806735098 -0.114557497 0.572114587 0.093487881
1403637246388318976.000000 8.594998360 8.723736763 -7.645482063 0.810790658 -0.011239277 0.584582329 0.027489239
1403637246638319104.000000 8.814575195 8.891412735 -7.726647377 -0.795041621 -0.096649893 -0.598180890 0.027334807
1403637246888318976.000000 8.974205971 9.091684341 -7.809272766 -0.772652268 -0.180663750 -0.602586806 0.085195802
1403637247238319104.000000 9.077355385 9.411654472 -7.882345676 -0.785644412 -0.234786779 -0.556725144 0.133023605
1403637247738319104.000000 9.090292931 9.901919365 -8.036470413 -0.752094567 -0.248563826 -0.591876686 0.149170429
1403637247988318976.000000 8.999329567 10.155521393 -8.098525047 -0.737409532 -0.277760983 -0.591160119 0.172063217
1403637248238319104.000000 8.830389977 10.406667709 -8.129767418 -0.745146036 -0.309344590 -0.556795061 0.197592154
1403637248488318976.000000 8.627596855 10.653246880 -8.180482864 -0.743384957 -0.319953889 -0.547598720 0.212471351
1403637248788318976.000000 8.351136208 10.938152313 -8.229340553 -0.744419038 -0.320775688 -0.547474682 0.207881793
1403637249288318976.000000 7.822580814 11.413339615 -8.159651756 -0.754782081 -0.307593971 -0.543756723 0.200046584
1403637249538319104.000000 7.542180538 11.659451485 -8.121711731 -0.754884720 -0.304255933 -0.545539498 0.199909970
1403637249788318976.000000 7.253405571 11.909225464 -8.166281700 -0.747381985 -0.303260565 -0.554195106 0.205720723
1403637250038319104.000000 6.945755005 12.154994965 -8.194137573 -0.741599679 -0.317512393 -0.546109676 0.225787640
1403637252838319104.000000 5.069844246 13.297760010 -7.887612343 -0.706928134 -0.424066365 -0.465597093 0.321931213
1403637254838319104.000000 4.684128284 12.831932068 -7.738046646 -0.667693675 -0.462575465 -0.482057214 0.328374892
1403637256988318976.000000 3.676039219 11.999067307 -7.692960262 -0.591870070 -0.565710008 -0.405096501 0.406889200
1403637257388318976.000000 3.466313124 11.835154533 -7.678552151 -0.566244900 -0.589369953 -0.403896540 0.410946876
1403637257738319104.000000 3.277018785 11.702760696 -7.659048557 -0.565307021 -0.601008415 -0.391459376 0.407402128
1403637258038319104.000000 3.103682280 11.614383698 -7.692481518 -0.555261850 -0.619042873 -0.367558897 0.416377991
1403637258338319104.000000 2.927039862 11.569397926 -7.704231739 -0.509730935 -0.642299950 -0.359180719 0.445661902
1403637258688318976.000000 2.726406336 11.539291382 -7.749755859 -0.499444216 -0.647676885 -0.338757813 0.465094924
1403637259038319104.000000 2.557584524 11.516520500 -7.806924820 -0.499551237 -0.642063975 -0.338763744 0.472696126
1403637259388318976.000000 2.426889658 11.499779701 -7.769334316 -0.503290653 -0.638092637 -0.339994013 0.473223537
1403637259888318976.000000 2.338549614 11.470035553 -7.751759529 -0.507994056 -0.637431324 -0.338022172 0.470493853
1403637260388318976.000000 2.347794056 11.437224388 -7.820587158 -0.492666900 -0.647802472 -0.357867807 0.457779318
1403637260638319104.000000 2.349962711 11.413466454 -7.876669884 -0.497390151 -0.657653511 -0.349627763 0.444809437
1403637261038319104.000000 2.314216375 11.388840675 -7.966011524 -0.491995424 -0.647150934 -0.354672462 0.461891353
1403637261288318976.000000 2.282041550 11.371279716 -8.020526886 -0.501184285 -0.658412755 -0.341467947 0.445765287
1403637261738319104.000000 2.211333036 11.369721413 -8.048525810 -0.505609572 -0.658268094 -0.336635500 0.444655657
1403637262138319104.000000 2.145886898 11.409549713 -8.048844337 -0.498901010 -0.640127003 -0.350788504 0.467207283
1403637262538319104.000000 2.140252590 11.405259132 -8.086185455 -0.523406982 -0.599189460 -0.360631764 0.486787319
1403637262738319104.000000 2.142677546 11.406102180 -8.090032578 -0.527219653 -0.603628099 -0.362138599 0.475949734
1403637263238319104.000000 2.143477678 11.405719757 -8.090646744 -0.525260806 -0.600606740 -0.362821639 0.481386811
1403637263738319104.000000 2.143434525 11.405459404 -8.090085030 -0.525192320 -0.600661039 -0.363147438 0.481147945
1403637264238319104.000000 2.143636703 11.404789925 -8.089838982 -0.525530517 -0.600485325 -0.362705052 0.481331557
1403637264738319104.000000 2.143494606 11.405205727 -8.090070724 -0.525561512 -0.600520790 -0.362711877 0.481248468
1403637265238319104.000000 2.143589497 11.405031204 -8.089930534 -0.525782883 -0.600489795 -0.362469524 0.481227934
