1403638538777829376.000000 -3.941185951 1.764959931 1.042431951 -0.583229065 -0.602407634 -0.377490163 0.393001467
1403638539027829504.000000 -3.942832708 1.775909305 1.043095469 -0.577926993 -0.596804976 -0.385612279 0.401406884
1403638539277829376.000000 -3.945984602 1.795625925 1.069491744 -0.570213556 -0.587000132 -0.396998256 0.415547550
1403638539777829376.000000 -3.951535463 1.841566920 1.203493953 -0.570127308 -0.594738245 -0.390191585 0.411086202
1403638540027829504.000000 -3.956558943 1.875651717 1.225807309 -0.576216757 -0.602809191 -0.378397733 0.401759177
1403638541177829376.000000 -4.108499050 2.348168373 1.302353501 -0.454489261 -0.689348996 -0.330166847 0.457413793
1403638541577829376.000000 -4.270175457 2.532243252 1.323845029 -0.442751557 -0.695815265 -0.323879957 0.463588148
1403638541977829376.000000 -4.514130116 2.701605797 1.438006639 -0.414937764 -0.711914957 -0.292450458 0.485259295
1403638542327829504.000000 -4.754347324 2.828223228 1.497602701 -0.352159888 -0.747765124 -0.243841097 0.507318795
1403638542577829376.000000 -4.932961464 2.912999868 1.514795542 -0.295198202 -0.755690217 -0.250352710 0.528312206
1403638543027829504.000000 -5.280511856 2.964004755 1.601850152 -0.301949888 -0.765385509 -0.217405662 0.525115430
1403638543377829376.000000 -5.564303398 2.963416815 1.676439524 -0.309900492 -0.763896406 -0.214124054 0.523998857
1403638544177829376.000000 -6.280561924 2.936956644 1.790171027 -0.195126712 -0.802653193 -0.134321988 0.547385633
1403638544327829504.000000 -6.424846649 2.932307005 1.816200376 -0.188855246 -0.803449392 -0.126434103 0.550288320
1403638545477829376.000000 -7.513436317 2.949659109 1.861450553 -0.177511960 -0.800289631 -0.120702788 0.559872150
1403638545927829504.000000 -7.918766022 2.947676182 1.855887890 -0.106589802 -0.816771090 -0.073712289 0.562218964
1403638546227829504.000000 -8.185057640 2.943172693 1.900490880 -0.052474268 -0.823797762 -0.045293663 0.562629819
1403638546527829504.000000 -8.459706306 2.930580139 1.894654274 -0.043630932 -0.825051129 -0.029528847 0.562596679
1403638546877829376.000000 -8.796056747 2.905574322 1.921799779 -0.020295328 -0.826129019 -0.020766625 0.562732339
1403638547677829376.000000 -9.622571945 2.745591402 1.922178507 -0.020070976 -0.827645779 -0.016047629 0.560662329
1403638548027829504.000000 -10.014350891 2.630219936 1.858198285 -0.015349872 -0.827911079 -0.022031782 0.560216308
1403638548477829376.000000 -10.552199364 2.434703588 1.885423303 0.032811098 -0.829157472 0.016808910 0.557798266
1403638549177829376.000000 -11.431525230 2.094882965 2.019632101 0.061963439 -0.826322317 0.040443212 0.558315516
1403638549327829504.000000 -11.625833511 2.019603729 2.078494072 0.059327554 -0.826027095 0.042658947 0.558873713
1403638549727829504.000000 -12.149517059 1.823208213 2.214807034 0.054086030 -0.822759449 0.044168338 0.564084053
1403638550177829376.000000 -12.759838104 1.621945977 2.412296772 0.051265303 -0.825640261 0.047491591 0.559852302
1403638550477829376.000000 -13.180735588 1.503623962 2.601739645 0.051699247 -0.825033605 0.049435046 0.560538232
1403638550827829504.000000 -13.675624847 1.391340017 2.765384197 0.046491560 -0.816396892 0.056868210 0.572800875
1403638550977829376.000000 -13.882078171 1.356269836 2.821473122 0.045292731 -0.807220817 0.057860740 0.585658073
1403638551427829504.000000 -14.416000366 1.320836306 2.987904549 0.026577512 -0.808579266 0.059547748 0.584762633
1403638551577829376.000000 -14.564363480 1.339713931 3.038538218 -0.004183351 -0.811401963 0.048476540 0.582459748
1403638551927829504.000000 -14.886049271 1.458659053 3.117172718 -0.075425513 -0.808960795 0.005269211 0.582979977
1403638552077829376.000000 -15.008498192 1.538899899 3.159548998 -0.083736181 -0.805592597 -0.016966870 0.586277246
1403638554777829376.000000 -14.817960739 3.841662645 3.682343721 -0.063436531 -0.815923810 -0.028686937 0.573952198
1403638556527829504.000000 -13.687627792 5.235966206 3.855304956 -0.110897250 -0.827330172 -0.056031704 0.547801971
1403638558527829504.000000 -13.158798218 7.411023140 4.148513794 -0.107805215 -0.838810265 -0.065884858 0.529560626
1403638559527829504.000000 -13.503828049 8.566181183 4.307226658 -0.100855358 -0.817448378 -0.074441113 0.562196374
1403638562177829376.000000 -13.768866539 10.701811790 3.859527111 -0.396569729 -0.708574057 -0.282837629 0.510547042
1403638562377829376.000000 -13.685691833 10.782550812 3.843039036 -0.413233846 -0.696896136 -0.295604914 0.506153524
1403638563727829504.000000 -12.819154739 11.044389725 3.775787354 -0.569846094 -0.563689411 -0.389591962 0.453594297
1403638564027829504.000000 -12.503916740 10.983325005 3.785388470 -0.567978680 -0.566035032 -0.381146282 0.460143536
1403638564227829504.000000 -12.264355659 10.917713165 3.787367821 -0.561041474 -0.571000755 -0.379480988 0.463880271
1403638564577829376.000000 -11.790783882 10.752716064 3.813526869 -0.550460398 -0.577931941 -0.380371183 0.467232168
1403638564977829376.000000 -11.170710564 10.479088783 3.806245327 -0.558880270 -0.572397351 -0.368744314 0.473330498
1403638565177829376.000000 -10.827848434 10.321590424 3.714638948 -0.560236871 -0.572588205 -0.366575718 0.473180354
1403638565627829504.000000 -9.973340034 9.935747147 3.447015047 -0.553069353 -0.576479316 -0.383590639 0.463297129
1403638565927829504.000000 -9.375955582 9.638165474 3.333189964 -0.548997462 -0.588452339 -0.396849513 0.441402525
1403638566877829376.000000 -7.670035839 8.566085815 2.749826908 -0.567246675 -0.618436277 -0.360522062 0.407175183
1403638567027829504.000000 -7.428383350 8.420172691 2.619664669 -0.566078424 -0.622568548 -0.358076006 0.404654473
1403638567177829376.000000 -7.196419716 8.292163849 2.491626978 -0.551588178 -0.610080123 -0.377929270 0.425114363
1403638567327829504.000000 -6.972716331 8.171557426 2.352432489 -0.543033838 -0.603561938 -0.391180485 0.433364958
1403638567777829376.000000 -6.354149818 7.799369812 1.978668332 -0.552565813 -0.609418869 -0.388271868 0.415360928
1403638570377829376.000000 -4.989066124 6.951024055 1.386872292 -0.562467515 -0.600836515 -0.383363396 0.419116199
1403638573077829376.000000 -2.931406260 6.001379967 0.981695294 -0.776992619 -0.313179463 -0.506389022 0.204380482
1403638573277829376.000000 -2.669685364 5.943274498 0.995635688 -0.776536942 -0.317535847 -0.503649950 0.206151068
1403638573477829376.000000 -2.399851322 5.907601833 1.013589263 -0.776577652 -0.318547666 -0.504216671 0.203027248
1403638573677829376.000000 -2.121464014 5.899387836 1.059477925 -0.777408600 -0.318206698 -0.505420744 0.197307587
1403638573877829376.000000 -1.838293195 5.915807724 1.118836641 -0.775167048 -0.301374733 -0.523080766 0.186214834
1403638574027829504.000000 -1.627325773 5.941073418 1.151155949 -0.776808619 -0.266557634 -0.540221334 0.183511242
1403638574427829504.000000 -1.095166326 5.979763508 1.178938389 -0.796660244 -0.156416312 -0.563469887 0.152866632
1403638574627829504.000000 -0.843459964 5.963636398 1.184258819 -0.804122925 -0.122443095 -0.568287969 0.124268785
1403638574877829376.000000 -0.539841712 5.925334930 1.226170182 -0.811518312 -0.116077684 -0.565142632 0.092617184
1403638575227829504.000000 -0.126225173 5.867355824 1.252381325 -0.819097757 -0.106243722 -0.553964794 0.104471341
1403638575477829376.000000 0.178318098 5.810294628 1.236386061 -0.823674381 -0.113544494 -0.545592070 0.104869597
1403638575677829376.000000 0.435620338 5.756485462 1.223071575 -0.825093448 -0.127183110 -0.542028069 0.096181728
1403638576227829504.000000 1.216876388 5.656852722 1.347254038 -0.824880838 -0.140695393 -0.540450394 0.087692007
1403638576427829504.000000 1.523671389 5.651024342 1.402763367 -0.822745025 -0.146524996 -0.543594420 0.078270353
1403638576627829504.000000 1.836956859 5.667262077 1.437504888 -0.822356820 -0.155379221 -0.543567419 0.064196534
1403638576877829376.000000 2.229937077 5.733716965 1.457560897 -0.812769413 -0.154087618 -0.557843566 0.066884324
1403638577077829376.000000 2.533511639 5.816534042 1.455034733 -0.810076594 -0.142889053 -0.562678397 0.082169540
1403638578277829376.000000 4.164383411 6.612302780 1.611711144 -0.811214447 -0.135752454 -0.559718430 0.101082399
1403638578427829504.000000 4.349887848 6.734599590 1.636228681 -0.811178505 -0.132834703 -0.559794366 0.104760490
1403638578577829376.000000 4.532354832 6.851077080 1.647238851 -0.811130702 -0.131645262 -0.560151696 0.104721926
1403638578727829504.000000 4.711822510 6.961957932 1.650119901 -0.809846520 -0.134239331 -0.562272191 0.099892423
1403638578877829376.000000 4.887020588 7.070129395 1.646072507 -0.808344901 -0.141102731 -0.564423501 0.089969672
1403638579177829376.000000 5.226458549 7.298626423 1.662132144 -0.806746125 -0.145694554 -0.566040039 0.086790398
1403638579527829504.000000 5.593559742 7.583713055 1.730404377 -0.807625473 -0.132959023 -0.564073622 0.109013870
1403638579977829376.000000 6.009682178 7.929239273 1.742716074 -0.779423177 -0.223172516 -0.565408230 0.151681080
1403638580427829504.000000 6.290331841 8.245658875 1.672101378 -0.717202067 -0.366990000 -0.527173519 0.270236552
1403638581877829376.000000 6.845920563 8.816159248 1.662389040 -0.686303675 -0.429104567 -0.502159536 0.304454148
1403638582327829504.000000 6.915076256 8.935412407 1.686223507 -0.689042449 -0.430267841 -0.500131309 0.299931228
1403638582777829376.000000 6.913307190 9.024164200 1.884619713 -0.687539697 -0.430086851 -0.502262652 0.300077885
1403638583627829504.000000 6.755637646 9.163684845 2.199828148 -0.697179794 -0.433159500 -0.491702497 0.290760905
1403638583777829376.000000 6.712544918 9.195668221 2.256808281 -0.696428895 -0.433457792 -0.492719471 0.290393949
1403638584727829504.000000 6.276016235 9.329657555 2.371954679 -0.676275790 -0.423583835 -0.518564343 0.307113856
1403638584877829376.000000 6.165553093 9.310810089 2.398185492 -0.688940585 -0.428766519 -0.501256585 0.300436407
1403638585077829376.000000 6.012608528 9.282559395 2.426241636 -0.694156289 -0.430892825 -0.494718045 0.296196759
1403638585177829376.000000 5.935024261 9.268359184 2.430648804 -0.695193052 -0.429784477 -0.493124932 0.298026621
1403638585377829376.000000 5.778475285 9.239731789 2.425847769 -0.691497087 -0.427778572 -0.498122841 0.301182628
1403638585827829504.000000 5.422616482 9.179463387 2.449594736 -0.701753259 -0.434694797 -0.483325779 0.291511655
1403638586227829504.000000 5.124227047 9.173451424 2.561663389 -0.698849261 -0.428922266 -0.489568174 0.296577752
1403638586527829504.000000 4.906970024 9.175239563 2.601330519 -0.686176479 -0.430988520 -0.508508921 0.291255176
1403638586977829376.000000 4.543788910 9.164288521 2.567639589 -0.690382361 -0.426707029 -0.502209365 0.298461288
1403638587227829504.000000 4.329520226 9.148859978 2.529536963 -0.692060649 -0.428276449 -0.499247372 0.297293544
1403638588127829504.000000 3.536816835 9.075360298 2.453657150 -0.695013404 -0.426522374 -0.496716380 0.297166407
1403638590177829376.000000 1.603276253 8.754306793 2.320709705 -0.697322130 -0.422346830 -0.496076792 0.298785776
1403638590577829376.000000 1.236214280 8.660722733 2.243778706 -0.699546874 -0.421867371 -0.493947893 0.297787815
1403638591627829504.000000 0.411594391 8.498949051 2.244129896 -0.727161884 -0.431956589 -0.454470068 0.279474854
1403638591777829376.000000 0.332240462 8.518041611 2.220185995 -0.725213766 -0.430602014 -0.457778484 0.281221986
1403638592177829376.000000 0.184403554 8.639158249 2.212152004 -0.714948058 -0.425546288 -0.469922721 0.294842899
1403638592927829504.000000 0.088306755 8.935166359 2.510606289 -0.678664505 -0.486554086 -0.437663883 0.333361775
1403638593377829376.000000 0.140393585 9.163599968 2.684669495 -0.664423227 -0.490442097 -0.455707461 0.332173169
1403638593827829504.000000 0.188891381 9.422399521 2.835896015 -0.650046825 -0.481301308 -0.480697066 0.338701308
1403638595477829376.000000 -0.078229681 9.729043007 3.316694975 -0.645982981 -0.495748818 -0.458422452 0.356072903
1403638595727829504.000000 -0.135616004 9.717829704 3.323084354 -0.643971622 -0.499543756 -0.460670054 0.351482242
1403638596077829376.000000 -0.226651609 9.688712120 3.304482460 -0.638725817 -0.505694747 -0.468747109 0.341435730
1403638596777829376.000000 -0.680330038 9.648680687 3.337595463 -0.607962966 -0.537004352 -0.503967583 0.296688467
1403638597127829504.000000 -1.190401077 9.666289330 3.457725763 -0.601635873 -0.537289619 -0.513068795 0.293453008
1403638597327829504.000000 -1.571794748 9.686104774 3.497027874 -0.602603674 -0.530911922 -0.514576256 0.300354391
1403638597527829504.000000 -2.012414455 9.704428673 3.513002396 -0.609492421 -0.516293168 -0.508702934 0.321219355
1403638597677829376.000000 -2.369730949 9.712123871 3.511971235 -0.613257945 -0.507313132 -0.505231440 0.333600640
1403638597827829504.000000 -2.741956472 9.712141991 3.499843597 -0.607150614 -0.516423762 -0.507631481 0.327085763
1403638597977829376.000000 -3.133201599 9.703994751 3.479027033 -0.597567916 -0.528703928 -0.508724153 0.323395193
1403638598177829376.000000 -3.692094564 9.683918953 3.464849234 -0.603589535 -0.525812149 -0.489704490 0.345529824
1403638598377829376.000000 -4.272805691 9.646935463 3.461578608 -0.616486251 -0.519759476 -0.466960132 0.362964183
1403638598577829376.000000 -4.849187851 9.600188255 3.437840939 -0.619173706 -0.523169816 -0.457171679 0.365939051
1403638598777829376.000000 -5.416275501 9.547183990 3.395140171 -0.607378006 -0.539165676 -0.447450191 0.374407232
1403638598977829376.000000 -5.973546982 9.489379883 3.369702339 -0.586323977 -0.561754942 -0.434929997 0.389219195
1403638599177829376.000000 -6.523179054 9.425126076 3.366766214 -0.562157035 -0.586013436 -0.418476492 0.406749487
1403638599377829376.000000 -7.066917896 9.351284981 3.387996197 -0.538135111 -0.613440454 -0.398321360 0.418857396
1403638599577829376.000000 -7.601826191 9.273136139 3.425770283 -0.524621248 -0.631004810 -0.383442134 0.423766017
1403638599977829376.000000 -8.640338898 9.127943039 3.426430464 -0.528324962 -0.632121205 -0.372193575 0.427513212
1403638600577829376.000000 -10.047386169 9.024880409 3.338735819 -0.568027794 -0.609216809 -0.331535071 0.443039238
1403638600777829376.000000 -10.418581009 9.041631699 3.351593733 -0.573374867 -0.611578345 -0.324159116 0.438330919
1403638600977829376.000000 -10.740324974 9.092049599 3.381523132 -0.560146868 -0.630639434 -0.340888709 0.415119737
1403638601177829376.000000 -11.040456772 9.175539017 3.394227028 -0.548385203 -0.639302850 -0.355189353 0.405470073
1403638601327829504.000000 -11.262432098 9.257446289 3.395370960 -0.534064710 -0.638332665 -0.372935206 0.410153300
1403638601527829504.000000 -11.566620827 9.381128311 3.404037714 -0.519059718 -0.639657497 -0.364410609 0.434304446
1403638601677829376.000000 -11.796079636 9.476397514 3.425461292 -0.494345963 -0.654314041 -0.355027765 0.448832422
1403638601877829376.000000 -12.104475975 9.596913338 3.476463318 -0.447646052 -0.683504999 -0.336918324 0.467888921
1403638602077829376.000000 -12.415356636 9.705500603 3.531522751 -0.413828880 -0.705989003 -0.314067036 0.481338799
1403638602277829376.000000 -12.728959084 9.801062584 3.563143969 -0.381136209 -0.718505800 -0.307193518 0.494081795
1403638602677829376.000000 -13.336536407 9.900230408 3.668869972 -0.310604811 -0.693263352 -0.249234438 0.600660324
1403638602877829376.000000 -13.549710274 9.873955727 3.758029461 -0.275871068 -0.713053465 -0.223694235 0.604492307
1403638603527829504.000000 -13.815604210 9.584095955 3.950642109 -0.221507654 -0.781381786 -0.140813529 0.566169858
1403638603827829504.000000 -13.823437691 9.435699463 3.951334238 -0.196496919 -0.772692025 -0.159820229 0.582059681
1403638604227829504.000000 -13.769062042 9.162460327 3.887136221 -0.181329399 -0.766912460 -0.181337893 0.588286936
1403638604627829504.000000 -13.643504143 8.753792763 3.894409657 -0.199827209 -0.784487247 -0.156341791 0.565867484
1403638605427829504.000000 -13.348307610 7.924920559 3.962435722 -0.202064961 -0.802984357 -0.153355077 0.539322078
1403638605827829504.000000 -13.279179573 7.530877113 3.986540794 -0.179469556 -0.795366406 -0.183335632 0.549154758
1403638606227829504.000000 -13.282183647 7.028943539 4.050218582 -0.174598247 -0.798251092 -0.194762200 0.542566478
1403638606627829504.000000 -13.362077713 6.423070908 4.009195805 -0.207031488 -0.811256111 -0.150756821 0.525617719
1403638606827829504.000000 -13.439774513 6.124151707 3.956206083 -0.193172008 -0.821926236 -0.131441712 0.519466043
1403638607027829504.000000 -13.553207397 5.844210148 3.910937309 -0.161761507 -0.830320835 -0.104259230 0.523001552
1403638607227829504.000000 -13.698261261 5.590342045 3.898825645 -0.136597067 -0.825415909 -0.079422690 0.541961253
1403638607627829504.000000 -14.017422676 5.151537418 3.824841738 -0.119463943 -0.812959611 -0.063702673 0.566363037
1403638607827829504.000000 -14.169024467 4.961191654 3.757127285 -0.118137740 -0.811671257 -0.066602565 0.568152606
1403638609327829504.000000 -14.910501480 3.954736710 2.959671497 -0.132304564 -0.800766051 -0.062707484 0.580807269
1403638609577829376.000000 -14.942429543 3.851614714 2.828456402 -0.128304705 -0.804071486 -0.070088036 0.576276660
1403638609827829504.000000 -14.959536552 3.766454458 2.671482325 -0.126555875 -0.805104733 -0.072453529 0.574926496
1403638610227829504.000000 -14.955846786 3.664006233 2.497828007 -0.125817224 -0.796325386 -0.073904283 0.587004364
1403638610627829504.000000 -14.884000778 3.592506170 2.289863110 -0.123363279 -0.783542812 -0.078350350 0.603906751
1403638610877829376.000000 -14.778105736 3.551737070 2.158123732 -0.125916630 -0.795010686 -0.071541138 0.589054286
1403638611177829376.000000 -14.612791061 3.520022154 2.034384251 -0.124729313 -0.791580796 -0.068983488 0.594208419
1403638611377829376.000000 -14.475410461 3.508000851 1.946665883 -0.118710145 -0.792913437 -0.076607414 0.592728913
1403638611727829504.000000 -14.191188812 3.470937252 1.849552035 -0.109913930 -0.800974190 -0.093387432 0.581066430
1403638612177829376.000000 -13.804700851 3.389178276 1.709025502 -0.128556088 -0.805171251 -0.071826629 0.574468017
1403638612577829376.000000 -13.464206696 3.352240801 1.643597007 -0.126132041 -0.802264154 -0.080958113 0.577848434
1403638612777829376.000000 -13.290626526 3.339227915 1.582316995 -0.122555971 -0.801641643 -0.092319861 0.577778280
1403638613227829504.000000 -12.890405655 3.275804043 1.480175853 -0.130020186 -0.801576853 -0.090015069 0.576599121
1403638613527829504.000000 -12.620000839 3.216094732 1.473561645 -0.131848767 -0.800067842 -0.092281520 0.577920079
1403638613777829376.000000 -12.392007828 3.160941839 1.437224269 -0.144901276 -0.789979160 -0.092668168 0.588514447
1403638614027829504.000000 -12.140964508 3.106177330 1.362438440 -0.170441002 -0.784090757 -0.113159515 0.585957825
1403638614277829376.000000 -11.865378380 3.050195217 1.278568149 -0.211214766 -0.780914724 -0.141361132 0.570594013
1403638614477829376.000000 -11.639060974 3.001211643 1.239156485 -0.232591316 -0.777758837 -0.151489541 0.563953280
1403638614677829376.000000 -11.409385681 2.954574585 1.231259704 -0.254285663 -0.771901667 -0.157892585 0.560871303
1403638614927829504.000000 -11.112230301 2.913015842 1.267214894 -0.303398222 -0.763481736 -0.166004196 0.545424461
1403638615177829376.000000 -10.801156998 2.908777952 1.337313294 -0.354210466 -0.740944624 -0.212536857 0.529494286
1403638615427829504.000000 -10.482246399 2.927930117 1.418978930 -0.404606402 -0.707650363 -0.271448523 0.511703432
1403638615627829504.000000 -10.231740952 2.943944216 1.460003495 -0.444048196 -0.682063997 -0.303342909 0.495573401
1403638615827829504.000000 -9.988130569 2.954634428 1.504374146 -0.465501666 -0.667645097 -0.317702413 0.486439705
1403638616077829376.000000 -9.683403015 2.959266901 1.568703413 -0.490901172 -0.649755657 -0.332338452 0.475799173
1403638616277829376.000000 -9.437506676 2.958360910 1.571319342 -0.516902745 -0.630420506 -0.347969651 0.462924153
1403638616477829376.000000 -9.188527107 2.954190493 1.517195344 -0.545995295 -0.607171476 -0.365440100 0.446861744
1403638616677829376.000000 -8.941301346 2.947790384 1.444638610 -0.567050576 -0.597634673 -0.370317429 0.429128677
1403638616927829504.000000 -8.631926537 2.955154181 1.340450287 -0.589106739 -0.597202301 -0.351316929 0.415787399
1403638617177829376.000000 -8.310026169 3.007194996 1.287146926 -0.572770238 -0.600728333 -0.372013628 0.415530443
1403638617427829504.000000 -7.995442867 3.087144375 1.280050516 -0.570865333 -0.613167644 -0.365893245 0.405290604
1403638617677829376.000000 -7.700473309 3.201030493 1.320918560 -0.564912915 -0.618883312 -0.366296858 0.404578298
1403638617927829504.000000 -7.430026054 3.352284908 1.409518480 -0.559070170 -0.621127367 -0.368605971 0.407150000
1403638618427829504.000000 -6.959636688 3.726403713 1.543641567 -0.554058313 -0.623415351 -0.367738485 0.411267728
1403638618677829376.000000 -6.755586147 3.945031643 1.585012197 -0.554709971 -0.621568084 -0.371976763 0.409369290
1403638618927829504.000000 -6.574119091 4.182207584 1.643645406 -0.559843719 -0.611665785 -0.381355703 0.408666015
1403638619177829376.000000 -6.408440590 4.426995754 1.686630011 -0.581664383 -0.580252707 -0.409563869 0.396523327
1403638619427829504.000000 -6.257485390 4.664931774 1.677031398 -0.619792938 -0.533717930 -0.437368304 0.373779088
1403638622227829504.000000 -4.524521828 6.068537235 1.335376024 -0.629242837 -0.498609960 -0.464677453 0.373519093
1403638625027829504.000000 -4.136568546 4.144144535 1.390992165 -0.635430038 -0.505692720 -0.452550650 0.368376791
1403638625327829504.000000 -4.127321720 3.812381268 1.385687828 -0.635766208 -0.508584023 -0.441949904 0.376595140
1403638625627829504.000000 -4.105270386 3.484297752 1.396088958 -0.635030091 -0.510630369 -0.441412479 0.375697136
1403638625927829504.000000 -4.071281433 3.166280031 1.431568742 -0.641588271 -0.515919626 -0.433099329 0.366901040
1403638626227829504.000000 -4.023350239 2.871620893 1.425868511 -0.643981814 -0.515225768 -0.431603819 0.365442097
1403638626527829504.000000 -3.967379570 2.600183487 1.385059237 -0.634994209 -0.519342601 -0.444455534 0.359895766
1403638626777829376.000000 -3.930953026 2.390110970 1.346596599 -0.641002357 -0.523117185 -0.435104609 0.355173707
1403638627077829376.000000 -3.893648863 2.183864117 1.346377373 -0.643119693 -0.526263118 -0.430391103 0.352431297
1403638627377829376.000000 -3.859784603 2.022485495 1.328817964 -0.640193343 -0.527989745 -0.433260977 0.351659328
1403638627677829376.000000 -3.831656456 1.903199673 1.289747000 -0.636585176 -0.526200533 -0.439319193 0.353370816
1403638627977829376.000000 -3.817288160 1.813575864 1.243336916 -0.635592043 -0.526357830 -0.441897869 0.351705134
1403638628227829504.000000 -3.819814444 1.755732536 1.210640430 -0.637642205 -0.526846588 -0.441116154 0.348226577
1403638628477829376.000000 -3.835495472 1.720890403 1.192711115 -0.641068280 -0.521250725 -0.437690616 0.354620963
1403638628727829504.000000 -3.854916096 1.699660420 1.190138698 -0.641258717 -0.506755769 -0.437591255 0.374832988
1403638628977829376.000000 -3.859472036 1.674219728 1.167249441 -0.637765169 -0.512481630 -0.443779379 0.365620047
1403638629277829376.000000 -3.864228249 1.647027969 1.147868872 -0.634767413 -0.518594801 -0.447243959 0.357914209
1403638629577829376.000000 -3.883671761 1.630658746 1.144053578 -0.645210266 -0.523619175 -0.433714628 0.348451465
1403638630077829376.000000 -3.893849134 1.656138539 1.122175455 -0.632002234 -0.504442096 -0.455156118 0.372752279
1403638630527829504.000000 -3.898542881 1.676384568 1.054885626 -0.633318126 -0.514360487 -0.449654043 0.363528043
1403638630777829376.000000 -3.897933483 1.692992091 1.031396031 -0.644206882 -0.538379908 -0.425723314 0.337496996
1403638631027829504.000000 -3.898654699 1.682549715 1.029060125 -0.644331098 -0.536441386 -0.423907936 0.342593431
1403638631527829504.000000 -3.900271416 1.668523312 1.034915328 -0.644496143 -0.536404073 -0.423769206 0.342512846
