1403638147795097088.000000 -0.787798762 -2.123843193 -2.210925341 -0.583851159 -0.601854265 -0.375418156 0.394905835
1403638148095097088.000000 -0.787938178 -2.093570471 -2.176381826 -0.575340688 -0.584556341 -0.395915836 0.412949800
1403638150845096960.000000 -1.202799797 -1.565772891 -1.829443812 -0.525100648 -0.645083964 -0.354235679 0.427379429
1403638151945096960.000000 -1.856938958 -1.225538254 -1.748837948 -0.398413777 -0.722270906 -0.280357689 0.490908206
1403638152445096960.000000 -2.222876310 -1.094386458 -1.662359118 -0.394795448 -0.725538433 -0.286654979 0.485344768
1403638152895097088.000000 -2.624167681 -0.992551088 -1.659180164 -0.387792945 -0.727227330 -0.270007879 0.497848213
1403638153295097088.000000 -3.012153387 -0.897022963 -1.577209234 -0.354205489 -0.750256479 -0.240665853 0.503719687
1403638154545096960.000000 -4.424407959 -0.624387741 -1.500025153 -0.252716184 -0.764776230 -0.199634373 0.558030367
1403638155395097088.000000 -5.330041885 -0.767172873 -1.395573616 -0.189233884 -0.785949945 -0.164512694 0.565162539
1403638156045096960.000000 -5.922448635 -1.122802019 -1.433878779 -0.096834496 -0.809291422 -0.069379188 0.575201809
1403638156195097088.000000 -6.031705379 -1.222111344 -1.429151177 -0.069576390 -0.818663478 -0.041929062 0.568499088
1403638156545096960.000000 -6.289330482 -1.433547497 -1.402383566 -0.030355727 -0.830673695 -0.005748668 0.555901825
1403638156695097088.000000 -6.406453133 -1.512332678 -1.411518574 -0.026391929 -0.831418037 -0.002211713 0.555015922
1403638157045096960.000000 -6.710301876 -1.671738386 -1.455279589 -0.029712725 -0.833129764 -0.005980234 0.552246451
1403638158145096960.000000 -7.920667171 -2.095562220 -1.367754340 0.066160917 -0.819573879 0.051502679 0.566805780
1403638158345096960.000000 -8.143976212 -2.175540924 -1.355143309 0.077453911 -0.818965912 0.061580695 0.565246522
1403638158545096960.000000 -8.362114906 -2.248273611 -1.359135151 0.086443461 -0.816388249 0.054865651 0.568355143
1403638158945096960.000000 -8.780144691 -2.404714108 -1.377107263 0.074243769 -0.822797596 0.062699519 0.559965014
1403638159245096960.000000 -9.098384857 -2.517013311 -1.339558363 0.070698880 -0.841781318 0.059739135 0.531824350
1403638159545096960.000000 -9.459571838 -2.614637852 -1.312650084 0.056831513 -0.806190014 0.075241663 0.584094703
1403638159945096960.000000 -9.885190010 -2.650171041 -1.196962595 0.056887440 -0.792130589 0.077410653 0.602744162
1403638160295097088.000000 -10.146495819 -2.592050791 -0.992411435 0.073118083 -0.815270960 0.061484635 0.571144938
1403638160745096960.000000 -10.462091446 -2.507871866 -0.681376219 0.073279917 -0.824487090 0.061699573 0.557713449
1403638160945096960.000000 -10.614934921 -2.468777895 -0.565256357 0.050799485 -0.809747279 0.066506319 0.580780268
1403638161145096960.000000 -10.754052162 -2.410474777 -0.464598268 0.020501813 -0.805890501 0.045207936 0.589980066
1403638161495097088.000000 -10.955899239 -2.273345947 -0.317596048 -0.042852819 -0.821119428 -0.009782552 0.569061339
1403638161845096960.000000 -11.149634361 -2.118992090 -0.220022187 -0.074486211 -0.820858359 -0.023777951 0.565754414
1403638162245096960.000000 -11.371999741 -1.903267860 -0.133360416 -0.101673819 -0.817810178 -0.036144156 0.565281093
1403638165195097088.000000 -12.061537743 0.975155354 0.625440300 -0.206978083 -0.776489735 -0.120536745 0.582833290
1403638166195097088.000000 -11.526801109 2.062369108 0.489316672 -0.212547272 -0.790886223 -0.145312160 0.555164099
1403638166345096960.000000 -11.427208900 2.204257965 0.531952381 -0.207335204 -0.793658197 -0.146795690 0.552783847
1403638166645096960.000000 -11.235407829 2.465864658 0.668681681 -0.202846974 -0.795162320 -0.144432634 0.552909851
1403638166945096960.000000 -11.061923027 2.711926937 0.739614666 -0.222395688 -0.805025041 -0.110795289 0.538701355
1403638167695097088.000000 -10.838367462 3.497828960 0.924856424 -0.224507406 -0.797824621 -0.119208299 0.546682417
1403638167895097088.000000 -10.814603806 3.744584084 0.946866810 -0.250911742 -0.786361516 -0.121870041 0.551204801
1403638169045096960.000000 -10.605648041 5.440252304 1.118790269 -0.314910144 -0.774577558 -0.220577553 0.502202034
1403638169195097088.000000 -10.619892120 5.665799141 1.104462862 -0.314423829 -0.765735030 -0.213800833 0.518725991
1403638169595097088.000000 -10.646730423 6.266908169 1.026086211 -0.360413164 -0.721338511 -0.209166706 0.553192973
1403638169745096960.000000 -10.621086121 6.495698452 1.012146950 -0.377626002 -0.714535117 -0.235711887 0.539701939
1403638169895097088.000000 -10.577371597 6.718496323 1.017241478 -0.391921073 -0.708434880 -0.274183273 0.518981278
1403638170345096960.000000 -10.426318169 7.287865162 1.056344509 -0.469421893 -0.646375835 -0.335508615 0.499274880
1403638170545096960.000000 -10.342160225 7.490401745 1.041452765 -0.511587739 -0.619557738 -0.344576985 0.485482126
1403638170745096960.000000 -10.234742165 7.675372124 1.051190376 -0.541758418 -0.587504208 -0.363026023 0.479112595
1403638171845096960.000000 -9.179800987 8.141134262 1.041146159 -0.621009052 -0.486053437 -0.426501304 0.442940801
1403638172195097088.000000 -8.665303230 8.030561447 1.053668380 -0.625422776 -0.473946303 -0.444458693 0.432062119
1403638172395097088.000000 -8.342833519 7.899766922 1.036139488 -0.625191569 -0.475211263 -0.447208077 0.428152651
1403638172945096960.000000 -7.373475075 7.342782021 0.811273694 -0.621665955 -0.474851400 -0.436649710 0.444279850
1403638174445096960.000000 -4.231823444 4.818970203 -0.462863952 -0.626807511 -0.525639117 -0.426523924 0.385866791
1403638174595097088.000000 -3.938044548 4.555188179 -0.594798028 -0.628951430 -0.530305147 -0.422047406 0.380884081
1403638174945096960.000000 -3.272418976 3.989339113 -0.842396975 -0.633807659 -0.541381180 -0.414631546 0.365068614
1403638175195097088.000000 -2.826248169 3.646118641 -0.970167577 -0.633533001 -0.540309191 -0.418562025 0.362639993
1403638176395097088.000000 -1.071025014 3.042333126 -1.239505172 -0.613633156 -0.545300961 -0.444601893 0.358371913
1403638177045096960.000000 -0.541544497 3.179987431 -1.210708141 -0.618529439 -0.545661271 -0.440243214 0.354769051
1403638177445096960.000000 -0.359413445 3.303280830 -1.236435890 -0.617315650 -0.548320115 -0.443552941 0.348607570
1403638179245096960.000000 0.366767585 3.549959660 -1.488424659 -0.747025609 -0.373477042 -0.483317882 0.262433857
1403638179645096960.000000 0.657526374 3.534652233 -1.608124614 -0.762333751 -0.310622752 -0.517117023 0.234415844
1403638180245096960.000000 1.132474303 3.500105858 -1.688337922 -0.798324347 -0.227530479 -0.529476821 0.174821228
1403638180595097088.000000 1.444713116 3.480808020 -1.744687438 -0.799806118 -0.229660556 -0.529735386 0.164154321
1403638181195097088.000000 2.074856997 3.512178183 -1.797871709 -0.799310744 -0.238812625 -0.521875799 0.178091347
1403638181645096960.000000 2.624376774 3.529221535 -1.895937562 -0.790115476 -0.165568218 -0.562851667 0.177489862
1403638182045096960.000000 3.091993809 3.421455145 -1.920210719 -0.814872086 -0.113792464 -0.559335053 0.100891531
1403638182495097088.000000 3.611237764 3.263266325 -1.873468757 -0.832702339 -0.091820829 -0.539185464 0.086341009
1403638182695097088.000000 3.867069721 3.186701536 -1.827409267 -0.833497047 -0.105670139 -0.537338734 0.073372617
1403638183295097088.000000 4.711437702 3.003743172 -1.721827388 -0.818744838 -0.118768156 -0.556464911 0.076797433
1403638183595097088.000000 5.145147800 2.943989754 -1.732589841 -0.831032217 -0.123866715 -0.537623227 0.070737869
1403638183995097088.000000 5.744750023 2.926252604 -1.708044291 -0.811468005 -0.123295702 -0.566784501 0.071227096
1403638184445096960.000000 6.380222321 2.976826429 -1.633237362 -0.820662022 -0.120284244 -0.554176271 0.070244439
1403638184845096960.000000 6.937573433 3.080757618 -1.603289843 -0.816723824 -0.117381439 -0.560446441 0.071298674
1403638185045096960.000000 7.206098557 3.149094105 -1.582906246 -0.815177262 -0.116923064 -0.562794626 0.071255632
1403638185245096960.000000 7.467672825 3.227319241 -1.557188511 -0.815831363 -0.121853001 -0.561572254 0.064867571
1403638185645096960.000000 7.960928917 3.436670065 -1.499196172 -0.801038265 -0.154203236 -0.573995352 0.071332358
1403638186045096960.000000 8.385794640 3.707873344 -1.449255347 -0.809273124 -0.152516201 -0.552554190 0.128451437
1403638186245096960.000000 8.591531754 3.830268621 -1.443160057 -0.809392333 -0.163113192 -0.551707029 0.117888071
1403638186495097088.000000 8.844952583 3.978135109 -1.410438180 -0.808038592 -0.166780204 -0.553858280 0.111799382
1403638189295097088.000000 9.840155602 5.759787560 -0.989950061 -0.721324623 -0.340834856 -0.543693542 0.260614276
1403638190495097088.000000 9.104278564 5.862160206 -0.848636866 -0.691156447 -0.413920730 -0.529061854 0.266582042
1403638190695097088.000000 8.969650269 5.908172607 -0.874983251 -0.689586163 -0.421755552 -0.520085514 0.275870115
1403638192845096960.000000 7.040995598 6.346633911 -0.549089491 -0.682709992 -0.404957861 -0.522167444 0.311861247
1403638192995097088.000000 6.882758617 6.370301723 -0.508248448 -0.674830854 -0.388156921 -0.530004442 0.336203575
1403638193145096960.000000 6.721722126 6.365073204 -0.469611406 -0.673397005 -0.392123371 -0.522608042 0.345914125
1403638193295097088.000000 6.560479641 6.327951908 -0.415133744 -0.674199104 -0.410626769 -0.511610448 0.339257926
1403638194545096960.000000 5.196771622 5.514257431 -0.096637465 -0.686742902 -0.438858300 -0.484333158 0.318133831
1403638196895097088.000000 3.612751961 4.935869217 -0.109334469 -0.707077742 -0.446945339 -0.458145708 0.300638407
1403638197245096960.000000 3.528754950 5.058729172 -0.111961327 -0.695167005 -0.443128377 -0.475784689 0.306608886
1403638198095097088.000000 3.265921116 5.376311779 0.082072563 -0.672610700 -0.432296604 -0.505093217 0.324954599
1403638198545096960.000000 3.057507992 5.474519730 -0.066959135 -0.678054810 -0.447883159 -0.497140855 0.304127067
1403638199345096960.000000 2.304853678 5.600786686 -0.209013581 -0.656972110 -0.457983911 -0.524651051 0.288755417
1403638199495097088.000000 2.076529503 5.619475842 -0.171071917 -0.655931056 -0.461790890 -0.526833832 0.280980080
1403638199895097088.000000 1.346704364 5.676962852 -0.023630498 -0.661730945 -0.472147673 -0.493604064 0.309101552
1403638200095097088.000000 0.950294614 5.703612328 0.030972574 -0.656884015 -0.481454641 -0.483931810 0.320179433
1403638200295097088.000000 0.544599175 5.728117943 0.084234349 -0.629895449 -0.501725018 -0.488304287 0.336247861
1403638200495097088.000000 0.119765982 5.744395256 0.160379469 -0.605345130 -0.525115430 -0.486477643 0.348066837
1403638200695097088.000000 -0.329838395 5.749365330 0.261622041 -0.583968401 -0.552024543 -0.482453912 0.348551512
1403638201095097088.000000 -1.321246982 5.734012604 0.444492370 -0.585237861 -0.561586559 -0.450059354 0.373582214
1403638201295097088.000000 -1.838780880 5.718780994 0.490334928 -0.589891791 -0.556353807 -0.445334285 0.379704624
1403638201495097088.000000 -2.356748104 5.699186325 0.507894933 -0.590918124 -0.554339111 -0.448091775 0.377806365
1403638201695097088.000000 -2.875298500 5.674598694 0.495809108 -0.590534270 -0.550667286 -0.452805638 0.378155977
1403638201895097088.000000 -3.394790173 5.640821934 0.451550484 -0.592009723 -0.549171984 -0.452816963 0.378009707
1403638202295097088.000000 -4.438461781 5.518312454 0.379999220 -0.593650222 -0.562751055 -0.420437992 0.392584383
1403638202495097088.000000 -4.941679955 5.454332352 0.366873324 -0.593147635 -0.566239834 -0.414191335 0.394960791
1403638202695097088.000000 -5.425483227 5.398627281 0.327731997 -0.596200585 -0.565986216 -0.408681512 0.396464199
1403638203295097088.000000 -6.747757912 5.256602764 0.193869561 -0.588854253 -0.560108244 -0.421856731 0.401953042
1403638203695097088.000000 -7.535201073 5.143100262 0.144282848 -0.591909826 -0.557373345 -0.416848809 0.406466246
1403638203895097088.000000 -7.897491455 5.076452255 0.140429422 -0.589742124 -0.558321834 -0.419065267 0.406035990
1403638204245096960.000000 -8.483743668 4.941996574 0.195174366 -0.597824156 -0.560455143 -0.403257459 0.407283515
1403638204445096960.000000 -8.783683777 4.868487835 0.251424640 -0.613908768 -0.555681705 -0.380946130 0.411356330
1403638204745096960.000000 -9.161856651 4.783543110 0.307476759 -0.603770971 -0.563717902 -0.381490976 0.414906651
1403638204945096960.000000 -9.376564026 4.739431858 0.312298626 -0.565441191 -0.597090244 -0.386860937 0.417250782
1403638205145096960.000000 -9.588129997 4.699855804 0.295930803 -0.513518631 -0.640730202 -0.365179986 0.438642234
1403638205345096960.000000 -9.805660248 4.658936501 0.295617551 -0.446821213 -0.684755802 -0.324138105 0.475809783
1403638205745096960.000000 -10.238348007 4.548291206 0.384923548 -0.326279521 -0.733514905 -0.300998181 0.514682293
1403638205945096960.000000 -10.467984200 4.439269543 0.462906480 -0.295516491 -0.747884214 -0.278645903 0.525067329
1403638206145096960.000000 -10.712144852 4.287467480 0.561875284 -0.263495058 -0.761560440 -0.244005114 0.539497614
1403638206945096960.000000 -11.593379974 3.433090448 0.793448389 -0.205729678 -0.770128906 -0.163480565 0.581249535
1403638207145096960.000000 -11.755752563 3.191158295 0.784437835 -0.200465485 -0.767351329 -0.159137577 0.587929130
1403638207345096960.000000 -11.887548447 2.937637329 0.745150924 -0.188629523 -0.767007411 -0.149476886 0.594790161
1403638207745096960.000000 -12.038264275 2.391220808 0.675887525 -0.140070587 -0.788534939 -0.099878021 0.590438247
1403638208145096960.000000 -12.075492859 1.868271232 0.705072880 -0.133817181 -0.799668849 -0.081818976 0.579593420
1403638208545096960.000000 -12.054027557 1.398520112 0.677219748 -0.131393731 -0.802459121 -0.081719540 0.576295972
1403638208995097088.000000 -11.980662346 0.921185136 0.688072622 -0.095728926 -0.805746019 -0.057546549 0.581633747
1403638209295097088.000000 -11.901148796 0.638149023 0.651948333 -0.090989374 -0.806550086 -0.050528161 0.581931949
1403638209645096960.000000 -11.787507057 0.343408585 0.525692165 -0.093242556 -0.803468347 -0.047451284 0.586082697
1403638210095097088.000000 -11.603441238 0.016030975 0.119716600 -0.088285320 -0.794158280 -0.058923893 0.598369777
1403638210345096960.000000 -11.457668304 -0.155353159 -0.101803735 -0.088126957 -0.789758980 -0.059404258 0.604140282
1403638210595097088.000000 -11.263784409 -0.322980285 -0.323941857 -0.090039112 -0.789203823 -0.058339376 0.604687452
1403638210995097088.000000 -10.861474991 -0.579943299 -0.681595266 -0.094775140 -0.794241369 -0.052602362 0.597855687
1403638211295097088.000000 -10.504873276 -0.750839353 -0.870994866 -0.097268276 -0.801286697 -0.048892207 0.588292420
1403638211545096960.000000 -10.194670677 -0.867255569 -1.008586168 -0.119869478 -0.799592912 -0.062877290 0.585088789
1403638211795097088.000000 -9.865831375 -0.961570263 -1.178467751 -0.173508584 -0.789538085 -0.087490022 0.582125247
1403638211995097088.000000 -9.591016769 -1.015452981 -1.308438540 -0.224375486 -0.778694332 -0.112860702 0.574937582
1403638212395097088.000000 -9.003623962 -1.060969234 -1.469891906 -0.302547604 -0.752412081 -0.182884037 0.555782795
1403638212795097088.000000 -8.367301941 -1.072526932 -1.506443501 -0.383524418 -0.716955721 -0.240042135 0.530342758
1403638212995097088.000000 -8.030900002 -1.072620630 -1.487663865 -0.427893341 -0.694246948 -0.268627524 0.512608767
1403638213195097088.000000 -7.685850620 -1.066833496 -1.453911901 -0.477017611 -0.666662157 -0.292544037 0.492375612
1403638213395097088.000000 -7.332366943 -1.050473213 -1.442435980 -0.535021365 -0.637903988 -0.298462331 0.466637909
1403638213595097088.000000 -6.960955620 -1.008817673 -1.450912952 -0.574959278 -0.604587197 -0.318730116 0.449785918
1403638213795097088.000000 -6.569010258 -0.943601310 -1.453485608 -0.570096254 -0.588111579 -0.368011832 0.440093637
1403638213995097088.000000 -6.174801350 -0.872845769 -1.434125185 -0.568727493 -0.586247027 -0.381783396 0.432556123
1403638214245096960.000000 -5.691961765 -0.787866354 -1.385203123 -0.574544847 -0.601995051 -0.367747992 0.415044099
1403638214545096960.000000 -5.135372639 -0.655253530 -1.348894596 -0.566837370 -0.610358655 -0.363492578 0.417170018
1403638217445096960.000000 -1.291860223 0.032820545 -1.847212434 -0.596349001 -0.557777464 -0.420450330 0.395567477
1403638220195097088.000000 -0.918503761 -0.738785386 -1.806271553 -0.623463809 -0.528032422 -0.416970402 0.398259044
1403638221245096960.000000 -0.863909423 -1.309239745 -1.810511351 -0.620063543 -0.538693249 -0.431784481 0.372683436
1403638221545096960.000000 -0.878076494 -1.454741120 -1.814452887 -0.626286089 -0.535745203 -0.424638480 0.374733299
1403638222045096960.000000 -0.885735810 -1.664810419 -1.829489589 -0.619626701 -0.533855796 -0.433638096 0.378178269
1403638222395097088.000000 -0.890716374 -1.799046755 -1.815231204 -0.627864122 -0.541917443 -0.422555119 0.365457833
1403638222795097088.000000 -0.899338841 -1.900629878 -1.856639624 -0.621697605 -0.535350204 -0.431131303 0.375523776
1403638223195097088.000000 -0.917265058 -1.993406415 -1.906552911 -0.623281121 -0.536122382 -0.428354949 0.374974042
1403638223445096960.000000 -0.930285633 -2.055707693 -1.917923450 -0.632989645 -0.531963825 -0.414908320 0.379723310
1403638223745096960.000000 -0.918859720 -2.114458323 -1.945236087 -0.624665976 -0.532745719 -0.427571744 0.378360629
1403638223995097088.000000 -0.900779605 -2.158758640 -1.977532029 -0.618722022 -0.540362835 -0.435985059 0.367570490
1403638224245096960.000000 -0.896425426 -2.193946123 -2.019507885 -0.627572358 -0.546820045 -0.422744632 0.358368248
1403638224495097088.000000 -0.904210567 -2.204218626 -2.050180674 -0.621928453 -0.532071590 -0.431520224 0.379335165
1403638224745096960.000000 -0.915794671 -2.213477850 -2.082927942 -0.627196550 -0.540249050 -0.423768520 0.367662460
1403638224995097088.000000 -0.931499064 -2.210962772 -2.091970444 -0.627033353 -0.528991044 -0.423012555 0.384783208
1403638225245096960.000000 -0.936174273 -2.203508854 -2.084381580 -0.624085486 -0.536301434 -0.424984574 0.377208591
1403638225495097088.000000 -0.936373055 -2.192268610 -2.078095436 -0.616794884 -0.535688937 -0.434829533 0.378846705
1403638225745096960.000000 -0.941761017 -2.186033249 -2.113172054 -0.605615675 -0.527810454 -0.450221002 0.389803559
1403638225995097088.000000 -0.957445264 -2.201127291 -2.201805115 -0.625885546 -0.544142067 -0.421573102 0.366678238
1403638226345096960.000000 -0.987605393 -2.183374643 -2.204968691 -0.627219558 -0.550187469 -0.416068614 0.361630172
1403638226845096960.000000 -0.982620120 -2.176356554 -2.178222895 -0.627210319 -0.549686253 -0.415903956 0.362596393
1403638227345096960.000000 -0.979953766 -2.174159765 -2.158990622 -0.627663434 -0.550004065 -0.415281534 0.362043530
1403638227845096960.000000 -0.979759336 -2.173172712 -2.148684740 -0.627829492 -0.550276041 -0.414928913 0.361746371
1403638228345096960.000000 -0.979859412 -2.170358181 -2.149114609 -0.628143668 -0.550258756 -0.414491028 0.361729264
1403638228845096960.000000 -0.979516327 -2.165771961 -2.150813341 0.628363013 0.550307810 0.414182812 -0.361626774
