1403638538777829376.000000 0.248794168 2.013775587 -4.036103249 -0.556670785 -0.626704574 -0.360269368 0.409347057
1403638539027829504.000000 0.246238172 2.025541306 -4.035755634 -0.551616788 -0.620868206 -0.368018031 0.418096215
1403638539277829376.000000 0.241658017 2.045454979 -4.009739399 -0.544334233 -0.610736191 -0.378775865 0.432701439
1403638541527829504.000000 -0.117466822 2.724645138 -3.759830236 -0.413069874 -0.714321673 -0.303231746 0.476621747
1403638541677829376.000000 -0.202183813 2.785820723 -3.729815483 -0.408909112 -0.714502990 -0.300979763 0.481341839
1403638542127829504.000000 -0.506940663 2.936245680 -3.603851080 -0.360259742 -0.742169142 -0.251394361 0.506160915
1403638542377829376.000000 -0.688339353 3.005187511 -3.575477123 -0.308653712 -0.764335871 -0.217849165 0.522556663
1403638542827829504.000000 -1.029917121 3.085025072 -3.531357527 -0.258312643 -0.773671269 -0.210169718 0.539014101
1403638543327829504.000000 -1.428126216 3.056296587 -3.408017159 -0.276574880 -0.776071727 -0.191725060 0.533348501
1403638543777829376.000000 -1.807407856 3.015421391 -3.375019550 -0.222465232 -0.795242429 -0.164552629 0.539463699
1403638544277829376.000000 -2.273131609 2.949189663 -3.269346714 -0.156175971 -0.810069680 -0.104045987 0.555491388
1403638544827829504.000000 -2.801679850 2.903079748 -3.199803352 -0.147192881 -0.805886805 -0.100918718 0.564531922
1403638545277829376.000000 -3.220178127 2.875525236 -3.187207222 -0.144585729 -0.809191346 -0.098467432 0.560899675
1403638545527829504.000000 -3.445577383 2.859906197 -3.223256826 -0.140407503 -0.807780564 -0.094272688 0.564702570
1403638545977829376.000000 -3.845701218 2.820566177 -3.212871790 -0.059392698 -0.822152138 -0.042684801 0.564549804
1403638546427829504.000000 -4.244637966 2.772880077 -3.174311876 -0.010306909 -0.825841606 -0.007038253 0.563764095
1403638546877829376.000000 -4.670559406 2.706301212 -3.149875164 0.015302489 -0.826158285 0.003420746 0.563219965
1403638547027829504.000000 -4.818356991 2.678024530 -3.124505997 0.022413969 -0.826484799 0.001384578 0.562511027
1403638548477829376.000000 -6.376128197 2.081984758 -3.176728249 0.067952663 -0.827149034 0.040903632 0.556357563
1403638548677829376.000000 -6.613778114 1.966399908 -3.146706581 0.086659849 -0.824707091 0.055346098 0.556134045
1403638548827829504.000000 -6.794273853 1.879009962 -3.129731655 0.094228476 -0.824093342 0.060579259 0.555267036
1403638548977829376.000000 -6.977956295 1.789956808 -3.098644257 0.097149558 -0.823686004 0.063060731 0.555091679
1403638549677829376.000000 -7.847947598 1.371891737 -2.857331514 0.088532649 -0.820028067 0.070752688 0.560990095
1403638549877829376.000000 -8.099320412 1.259236097 -2.798198700 0.088286184 -0.821643770 0.069377996 0.558832407
1403638550977829376.000000 -9.586220741 0.734768748 -2.228436708 0.080086045 -0.805096924 0.083304934 0.581777811
1403638551127829504.000000 -9.775923729 0.691923559 -2.178990602 0.078138821 -0.801106989 0.085668981 0.587182105
1403638551327829504.000000 -10.003216743 0.656617224 -2.101047516 0.072671831 -0.803202987 0.089021072 0.584516108
1403638551527829504.000000 -10.206329346 0.652850986 -2.025916576 0.041980505 -0.811123133 0.077678390 0.578172207
1403638553927829504.000000 -11.272393227 2.397076607 -1.516481876 -0.022063557 -0.794753134 -0.015538018 0.606332660
1403638556227829504.000000 -9.893617630 4.337665081 -1.227083921 -0.072297372 -0.824162245 -0.036280431 0.560547531
1403638559027829504.000000 -9.601944923 7.346656799 -0.764425516 -0.081015274 -0.827281594 -0.033874564 0.554882169
1403638561927829504.000000 -10.389245033 9.866558075 -1.165363669 -0.345762968 -0.735737503 -0.244103611 0.528726518
1403638562127829504.000000 -10.314661980 9.969682693 -1.213306546 -0.361509055 -0.727615297 -0.256714702 0.523435593
1403638562527829504.000000 -10.155067444 10.142995834 -1.235841870 -0.405000448 -0.702073932 -0.284870356 0.511777103
1403638563677829376.000000 -9.416975975 10.437159538 -1.301621318 -0.543739200 -0.588097095 -0.371030569 0.469921112
1403638564077829376.000000 -8.991179466 10.397747040 -1.297633767 -0.541446745 -0.592116714 -0.358779639 0.476980627
1403638564427829504.000000 -8.537041664 10.306920052 -1.293230653 -0.525076926 -0.599984169 -0.363046288 0.482193559
1403638564827829504.000000 -7.931829929 10.122853279 -1.258599997 -0.531084001 -0.599881172 -0.349424273 0.485793144
1403638564977829376.000000 -7.681411743 10.037077904 -1.283056378 -0.532776237 -0.597265065 -0.347730547 0.488372207
1403638565177829376.000000 -7.327548027 9.912631035 -1.375065446 -0.534110010 -0.597565114 -0.345516622 0.488119662
1403638566677829376.000000 -4.400006294 8.625700951 -2.169352770 -0.530072212 -0.625522971 -0.361976177 0.443528622
1403638566777829376.000000 -4.222476006 8.521354675 -2.254278660 -0.535844982 -0.635771990 -0.351078957 0.430590063
1403638567127829504.000000 -3.635863543 8.230605125 -2.552734613 -0.528785884 -0.638476610 -0.353236437 0.433540404
1403638567277829376.000000 -3.401180506 8.130059242 -2.686737776 -0.517874181 -0.627945006 -0.369045466 0.448661238
1403638567577829376.000000 -2.955420732 7.917194366 -2.962406874 -0.520936191 -0.628528059 -0.371605337 0.442139804
1403638568027829504.000000 -2.369665384 7.615308762 -3.245655537 -0.530887544 -0.634364426 -0.365982592 0.426376700
1403638568327829504.000000 -2.043869734 7.451897144 -3.350727797 -0.528180361 -0.634463608 -0.371998996 0.424379885
1403638568577829376.000000 -1.810675383 7.332413197 -3.441786766 -0.529667020 -0.636779606 -0.370687604 0.420185030
1403638570377829376.000000 -1.251947284 7.052685738 -3.698321342 -0.535982013 -0.625003338 -0.364927351 0.434651822
1403638571227829504.000000 -1.063720703 7.008021832 -3.989346743 -0.654444396 -0.483580500 -0.426392972 0.395020872
1403638572627829504.000000 0.303306580 6.439774990 -4.137545586 -0.758903205 -0.341335982 -0.496078789 0.247914165
1403638572877829376.000000 0.621478915 6.337149620 -4.123948574 -0.761669993 -0.342883408 -0.499731064 0.229256898
1403638573077829376.000000 0.882793546 6.279202938 -4.093024254 -0.762524426 -0.347470462 -0.496908665 0.225616038
1403638573327829504.000000 1.215253234 6.238981724 -4.075289726 -0.761051774 -0.352533787 -0.494302779 0.228440374
1403638573927829504.000000 2.047951698 6.303834915 -3.945236683 -0.760876656 -0.327180177 -0.521228433 0.205768868
1403638574377829376.000000 2.650914669 6.413912773 -3.898225546 -0.785253942 -0.202581719 -0.554489613 0.186757088
1403638574577829376.000000 2.905337095 6.425469398 -3.897387266 -0.796894968 -0.165101796 -0.560059190 0.155027866
1403638574827829504.000000 3.214477539 6.416272163 -3.861594677 -0.802465618 -0.153958797 -0.563865781 0.120004080
1403638575227829504.000000 3.690741777 6.392668724 -3.827486515 -0.813092172 -0.143381998 -0.549365759 0.128530413
1403638575577829376.000000 4.127003193 6.348865986 -3.854387999 -0.818343639 -0.156321123 -0.538446546 0.126304567
1403638575777829376.000000 4.397209644 6.319712162 -3.853527069 -0.819474638 -0.171612188 -0.534913301 0.113482811
1403638576577829376.000000 5.591222286 6.361609936 -3.648800373 -0.814262450 -0.190839201 -0.540762007 0.090186447
1403638576927829504.000000 6.132776737 6.502420902 -3.618874788 -0.802990794 -0.187697187 -0.557647526 0.094893500
1403638577327829504.000000 6.709035397 6.742124557 -3.591436863 -0.801875889 -0.178536624 -0.560087442 0.106873035
1403638577677829376.000000 7.175011158 6.994686127 -3.514355183 -0.802689433 -0.183296174 -0.558377445 0.101523019
1403638578727829504.000000 8.426575661 7.929629803 -3.417173624 -0.802689791 -0.170667484 -0.557931423 0.123589396
1403638578927829504.000000 8.647170067 8.095960617 -3.421619892 -0.800797462 -0.178596884 -0.560599864 0.112046756
1403638579377829376.000000 9.108819962 8.496265411 -3.359260082 -0.800567627 -0.175729036 -0.559978783 0.120973520
1403638579827829504.000000 9.519933701 8.891357422 -3.312056303 -0.778044403 -0.210892066 -0.571346402 0.154060781
1403638580477829376.000000 9.909597397 9.393949509 -3.400398254 -0.697283566 -0.407337189 -0.507343650 0.300789654
1403638581127829504.000000 10.166389465 9.711014748 -3.495745659 -0.671674371 -0.473673671 -0.463168949 0.331604332
1403638581827829504.000000 10.397968292 10.011685371 -3.407519341 -0.667648196 -0.460687310 -0.486520469 0.324516535
1403638582327829504.000000 10.473569870 10.167866707 -3.383380890 -0.668872714 -0.459967643 -0.487673461 0.321268767
1403638584927829504.000000 9.654365540 10.432811737 -2.641908169 -0.671272635 -0.460312724 -0.485023141 0.319777697
1403638587777829376.000000 7.397892952 10.052148819 -2.546274662 -0.676594794 -0.456469923 -0.481396496 0.319549948
1403638590527829504.000000 4.886738777 9.434946060 -2.840815783 -0.679083407 -0.451156557 -0.482640415 0.319940358
1403638591377829376.000000 4.202921391 9.195796967 -2.827327967 -0.699050307 -0.461703837 -0.453929752 0.303489745
1403638591677829376.000000 4.014364243 9.177404404 -2.861176491 -0.706853330 -0.463018745 -0.442669868 0.300025791
1403638592827829504.000000 3.682602406 9.524199486 -2.617795706 -0.656588137 -0.511507630 -0.426855624 0.353618890
1403638593527829504.000000 3.724896669 9.876811028 -2.334786892 -0.633071542 -0.518464625 -0.454730719 0.351617455
1403638595077829376.000000 3.526205063 10.332612991 -1.799663782 -0.620116651 -0.525238097 -0.444165021 0.377223730
1403638595877829376.000000 3.341925621 10.288866997 -1.753365636 -0.619377434 -0.529770136 -0.447137445 0.368488073
1403638596327829504.000000 3.196291208 10.235037804 -1.815146923 -0.600612283 -0.549202800 -0.471890539 0.339058429
1403638597227829504.000000 2.137638807 10.143046379 -1.605211735 -0.576083183 -0.561122835 -0.502685130 0.317138702
1403638597377829376.000000 1.830555081 10.130124092 -1.583848596 -0.579380035 -0.554706514 -0.500791132 0.325311691
1403638597527829504.000000 1.492313027 10.112679482 -1.574648499 -0.585297585 -0.542933404 -0.495033413 0.342916846
1403638597677829376.000000 1.133135438 10.087595940 -1.576444864 -0.589477301 -0.534196019 -0.490898281 0.355204374
1403638597827829504.000000 0.760052204 10.053745270 -1.589154959 -0.583014250 -0.542990267 -0.493527412 0.348836213
1403638597977829376.000000 0.368856311 10.009587288 -1.610703945 -0.572977245 -0.554798424 -0.494735330 0.345156193
1403638598127829504.000000 -0.045735572 9.958498955 -1.624340653 -0.574389219 -0.555050075 -0.483190984 0.358500957
1403638598277829376.000000 -0.476777256 9.893988609 -1.627518535 -0.586874545 -0.548748732 -0.460748404 0.377046347
1403638598427829504.000000 -0.908484519 9.823439598 -1.634534240 -0.594007909 -0.546784580 -0.448425889 0.383530408
1403638598577829376.000000 -1.336054206 9.747245789 -1.655336499 -0.594810784 -0.550455391 -0.441310555 0.385284364
1403638598727829504.000000 -1.757575393 9.668040276 -1.688197851 -0.586055875 -0.561599851 -0.434617490 0.390194714
1403638598877829376.000000 -2.173440456 9.587210655 -1.713315129 -0.571614861 -0.575618625 -0.425542444 0.401040286
1403638599027829504.000000 -2.582599878 9.502754211 -1.728507876 -0.555205643 -0.592853665 -0.412868679 0.412081003
1403638599177829376.000000 -2.988211155 9.414776802 -1.728081107 -0.535568535 -0.610597908 -0.400698990 0.424001247
1403638599377829376.000000 -3.523135900 9.290738106 -1.705986142 -0.510522664 -0.636912107 -0.379922509 0.435164899
1403638599577829376.000000 -4.048293591 9.159939766 -1.669071198 -0.496224761 -0.653954268 -0.364854515 0.439301729
1403638599977829376.000000 -5.067630291 8.925678253 -1.662654519 -0.499788493 -0.655344546 -0.353371680 0.442564756
1403638600327829504.000000 -5.918051720 8.767688751 -1.714943767 -0.530420005 -0.639430642 -0.321161121 0.454575300
1403638600477829376.000000 -6.249126911 8.718256950 -1.739918351 -0.539718926 -0.634058774 -0.311098754 0.458138078
1403638600627829504.000000 -6.549704075 8.687470436 -1.744360447 -0.542159140 -0.634481132 -0.310317427 0.455192596
1403638600777829376.000000 -6.821310520 8.676821709 -1.730971098 -0.545884311 -0.636758089 -0.305080235 0.451082706
1403638600927829504.000000 -7.066499710 8.686169624 -1.707054973 -0.536547899 -0.650938213 -0.316844344 0.433596134
1403638601227829504.000000 -7.524230480 8.763460159 -1.687643766 -0.515407383 -0.663242936 -0.343180865 0.420346290
1403638601377829376.000000 -7.753815651 8.826197624 -1.687055707 -0.503656805 -0.661126912 -0.353398770 0.429360479
1403638601527829504.000000 -7.989678383 8.896129608 -1.677882314 -0.490709335 -0.662128985 -0.345383018 0.448887765
1403638601677829376.000000 -8.226272583 8.967386246 -1.656007171 -0.465462178 -0.675677836 -0.335328877 0.462989300
1403638601877829376.000000 -8.543590546 9.055816650 -1.604347944 -0.417590767 -0.702857733 -0.316284984 0.481220037
1403638602077829376.000000 -8.862356186 9.132722855 -1.548460841 -0.382819772 -0.723818421 -0.292956144 0.493672669
1403638602227829504.000000 -9.101799011 9.182384491 -1.522096753 -0.358398646 -0.732400119 -0.288611323 0.501840651
1403638602427829504.000000 -9.427912712 9.230715752 -1.490185022 -0.324657947 -0.728126347 -0.263208181 0.543277740
1403638604027829504.000000 -10.218547821 8.627934456 -1.141538978 -0.149365753 -0.775877714 -0.154156834 0.593244672
1403638604427829504.000000 -10.097395897 8.291666985 -1.178561091 -0.161326304 -0.782967746 -0.137001544 0.584949553
1403638605177829376.000000 -9.744715691 7.515331745 -1.141422272 -0.179887518 -0.811806977 -0.112623550 0.543990791
1403638605477829376.000000 -9.635205269 7.244743347 -1.094587207 -0.161551625 -0.808611929 -0.138043568 0.548627317
1403638605927829504.000000 -9.533957481 6.794106007 -1.058564425 -0.143482611 -0.803428948 -0.162571430 0.554513395
1403638606327829504.000000 -9.510771751 6.264133453 -1.011845112 -0.143929452 -0.807483315 -0.167846903 0.546884239
1403638606527829504.000000 -9.523388863 5.958438873 -1.033769369 -0.166827947 -0.815982580 -0.139241621 0.535679638
1403638606727829504.000000 -9.560644150 5.650926590 -1.078042269 -0.167617649 -0.825068772 -0.119664021 0.526162088
1403638606927829504.000000 -9.629631042 5.356553555 -1.131510139 -0.142303944 -0.834149122 -0.097167343 0.523930609
1403638607127829504.000000 -9.737631798 5.082403183 -1.158474326 -0.113350101 -0.837066054 -0.064716212 0.531304061
1403638607327829504.000000 -9.871677399 4.831313133 -1.167589426 -0.091466375 -0.823141992 -0.050823536 0.558111370
1403638607577829376.000000 -10.046113014 4.546074867 -1.219789863 -0.084286742 -0.818436086 -0.040447958 0.566941082
1403638607977829376.000000 -10.308373451 4.150461674 -1.364283442 -0.090545036 -0.818157196 -0.035940122 0.566682279
1403638608777829376.000000 -10.734271049 3.552765131 -1.852698565 -0.087327525 -0.800631404 -0.053910580 0.590302527
1403638609177829376.000000 -10.832355499 3.304669380 -2.041837931 -0.092689417 -0.809845507 -0.044965606 0.577526748
1403638609377829376.000000 -10.861101151 3.203360319 -2.122710466 -0.096930169 -0.806818128 -0.039227918 0.581472576
1403638609827829504.000000 -10.881714821 3.032877445 -2.389710188 -0.091847464 -0.810087383 -0.047995321 0.577077985
1403638610177829376.000000 -10.871719360 2.940861940 -2.545779228 -0.091391876 -0.802477956 -0.049366802 0.587570965
1403638610477829376.000000 -10.827898979 2.886049032 -2.689650059 -0.091826774 -0.797970831 -0.049663592 0.593585730
1403638610777829376.000000 -10.727707863 2.845305681 -2.859131813 -0.090870589 -0.792301834 -0.049326371 0.601304650
1403638610977829376.000000 -10.628902435 2.825651646 -2.946238041 -0.091628492 -0.800269127 -0.045120236 0.590878844
1403638611277829376.000000 -10.447673798 2.815387249 -3.077889681 -0.089509971 -0.796469271 -0.044044498 0.596393168
1403638611527829504.000000 -10.257928848 2.817486048 -3.168924570 -0.072140172 -0.799686730 -0.070295103 0.591908455
1403638611827829504.000000 -10.002118111 2.792700768 -3.246483564 -0.082901783 -0.806355476 -0.058820974 0.582630455
1403638612277829376.000000 -9.609040260 2.751780510 -3.375631094 -0.094254293 -0.809538007 -0.046968538 0.577544987
1403638612527829504.000000 -9.393016815 2.748674631 -3.411440134 -0.092379630 -0.807542026 -0.053776238 0.580043197
1403638612977829376.000000 -8.995150566 2.742841005 -3.544064760 -0.091146827 -0.803150415 -0.068926685 0.584714293
1403638613377829376.000000 -8.628355980 2.701883316 -3.585099459 -0.095077798 -0.807010055 -0.066501655 0.579027295
1403638613627829504.000000 -8.397377968 2.667846918 -3.598518133 -0.103447065 -0.802516997 -0.067073859 0.583751798
1403638613877829376.000000 -8.157736778 2.631222248 -3.651640654 -0.118882731 -0.792292476 -0.072894000 0.593991578
1403638614127829504.000000 -7.890970707 2.598373175 -3.737201214 -0.153179199 -0.790159762 -0.100284681 0.584915936
1403638614377829376.000000 -7.606772900 2.563736200 -3.809231520 -0.189476669 -0.788708389 -0.124119952 0.571517289
1403638614627829504.000000 -7.318449497 2.527224302 -3.835134268 -0.214888960 -0.783548594 -0.131811738 0.567891002
1403638614827829504.000000 -7.084282875 2.508957148 -3.819119215 -0.250712633 -0.778580725 -0.134707391 0.559293509
1403638615077829376.000000 -6.779675961 2.515916586 -3.760656357 -0.303037018 -0.766511798 -0.165481836 0.541520119
1403638615277829376.000000 -6.528947830 2.548708677 -3.694154263 -0.340515435 -0.744118750 -0.216762409 0.532306910
1403638615477829376.000000 -6.278903008 2.590480089 -3.637319565 -0.385074437 -0.717902005 -0.258954972 0.518918812
1403638615677829376.000000 -6.033744812 2.629056215 -3.600619316 -0.421276629 -0.696596503 -0.286632270 0.505095303
1403638615877829376.000000 -5.793838978 2.660414934 -3.550501347 -0.441952378 -0.683781564 -0.297770828 0.498451144
1403638616077829376.000000 -5.552630424 2.686215639 -3.501943111 -0.462367415 -0.670613647 -0.311168373 0.489558935
1403638616277829376.000000 -5.308472633 2.707864761 -3.499647141 -0.489022911 -0.652544141 -0.327361286 0.477365136
1403638616477829376.000000 -5.060793877 2.726463556 -3.553899050 -0.519079208 -0.630635262 -0.345506996 0.462039888
1403638616877829376.000000 -4.569940090 2.766824722 -3.709377289 -0.562487662 -0.622997105 -0.331688762 0.430656224
1403638617277829376.000000 -4.067768097 2.898201227 -3.788359880 -0.543638945 -0.630353868 -0.352890760 0.427292347
1403638617727829504.000000 -3.547822714 3.137489319 -3.733794689 -0.535112083 -0.643912375 -0.349882662 0.420254797
1403638617977829376.000000 -3.297061682 3.317711592 -3.639352322 -0.530659914 -0.645334125 -0.350096196 0.423528850
1403638618477829376.000000 -2.869641304 3.741169453 -3.508904219 -0.526083469 -0.648065031 -0.348328263 0.426515251
1403638618727829504.000000 -2.689683437 3.977863073 -3.467915773 -0.527942359 -0.644839466 -0.354606628 0.423925906
1403638618977829376.000000 -2.534159184 4.230936050 -3.406105518 -0.535056353 -0.631035030 -0.367576003 0.424732149
1403638619227829504.000000 -2.395102978 4.486272335 -3.373769999 -0.563562989 -0.596767068 -0.397544146 0.410151929
1403638619727829504.000000 -2.170719624 4.965728283 -3.434662580 -0.628801525 -0.522769928 -0.424264193 0.388999045
1403638619977829376.000000 -2.062062502 5.192728043 -3.466806889 -0.638566494 -0.509388208 -0.424589664 0.390487194
1403638622527829504.000000 -0.583346784 6.205321312 -3.772976875 -0.608097374 -0.526530385 -0.448327601 0.389853418
1403638625277829376.000000 -0.107351057 4.073140621 -3.681645393 -0.613532484 -0.535556853 -0.424945503 0.395193696
1403638625577829376.000000 -0.060410723 3.748268127 -3.680325031 -0.611964941 -0.536886573 -0.424266756 0.396547019
1403638625827829504.000000 -0.012150280 3.484174013 -3.648168802 -0.618219137 -0.542522788 -0.416055202 0.387778491
1403638626077829376.000000 0.044551615 3.235166311 -3.638417244 -0.621068478 -0.542995036 -0.413788021 0.384980381
1403638626327829504.000000 0.109984659 3.005000353 -3.657956600 -0.616851449 -0.543742597 -0.421319336 0.382528722
1403638626577829376.000000 0.173970014 2.789573431 -3.697814703 -0.612531960 -0.547290623 -0.426701784 0.378421903
1403638626827829504.000000 0.226859838 2.590832710 -3.731726408 -0.618911207 -0.551416337 -0.416842490 0.373003155
1403638627077829376.000000 0.272526294 2.427917480 -3.729391336 -0.619764447 -0.553774118 -0.413986892 0.371269673
1403638627427829504.000000 0.328240305 2.250602722 -3.753454924 -0.616718233 -0.555787683 -0.416837335 0.370142341
1403638627727829504.000000 0.364994526 2.142257929 -3.794107199 -0.612162769 -0.552550077 -0.424517930 0.373804390
1403638628027829504.000000 0.384474158 2.058849096 -3.840907812 -0.612670898 -0.553994417 -0.425368816 0.369845927
1403638628277829376.000000 0.384238750 2.005391836 -3.870800972 -0.614506662 -0.554219127 -0.424890667 0.367002189
1403638628527829504.000000 0.369074970 1.974340558 -3.884526253 -0.618266642 -0.543882072 -0.420679271 0.380746067
1403638628977829376.000000 0.353543103 1.930640936 -3.908509493 -0.615060866 -0.539734900 -0.426595211 0.385230988
1403638629227829504.000000 0.352855206 1.907384038 -3.926341295 -0.612232506 -0.545604050 -0.429917991 0.377701283
1403638629477829376.000000 0.341962636 1.887893319 -3.930522442 -0.617937922 -0.550572932 -0.422851175 0.369078755
1403638629977829376.000000 0.318789214 1.902629256 -3.935015678 -0.616724133 -0.530478835 -0.427423298 0.394401848
1403638630227829504.000000 0.325508237 1.905270219 -3.995901108 -0.609634101 -0.537994802 -0.437307835 0.384278417
1403638630477829376.000000 0.318135530 1.915803313 -4.023679256 -0.611228287 -0.541390240 -0.431383938 0.383672357
1403638630877829376.000000 0.315852791 1.927382588 -4.046744347 -0.620450854 -0.564276159 -0.407499671 0.361354649
1403638631077829376.000000 0.315240651 1.917644501 -4.046710968 -0.620214045 -0.564380288 -0.408178151 0.360832423
1403638631577829376.000000 0.313509047 1.897567153 -4.038460255 -0.620857120 -0.564042866 -0.407369375 0.361167997
