#Stereo rect[ms], MP culling[ms], MP creation[ms], LBA[ms], KF culling[ms], Total[ms]
3.914386,0.009441,0.097714,0.005395,0.005395,4.030680
4.630337,0.028956,0.286255,0.001472,0.001472,4.948099
7.088844,0.147066,8.755728,0.346832,0.346832,27.133355
5.954705,0.117744,7.629941,0.191629,0.191629,22.320175
8.404850,0.313206,14.226376,0.601796,0.601796,60.208888
8.998919,0.345892,16.003165,0.734023,0.734023,56.559008
9.137196,0.273590,26.194066,0.588203,0.588203,57.178267
9.427403,0.268817,21.366273,0.811324,0.811324,65.448376
9.739586,0.220035,19.811079,0.631200,0.631200,55.068348
11.170402,0.167290,28.237462,98.229243,98.229243,171.546713
12.197722,0.190859,29.446924,0.785823,0.785823,77.509911
7.017985,0.214624,22.293138,1.050039,1.050039,69.113238
13.547858,0.298972,22.800387,1.663650,1.663650,91.605307
15.115235,0.212579,33.922575,1.255692,1.255692,114.186949
12.386091,0.154956,23.890775,1.174201,1.174201,95.554487
7.758125,0.094215,17.295636,2.388744,2.388744,89.211063
12.343339,0.092158,16.404600,1.598071,1.598071,96.008981
7.018316,0.066843,19.582067,1.707910,1.707910,104.174000
8.008579,0.068767,16.584431,2.437777,2.437777,116.268170
9.568733,0.093501,20.593002,2.108697,2.108697,123.612618
8.361209,0.068550,31.749937,3.076612,3.076612,139.547963
8.106085,0.072219,28.092450,3.174011,3.174011,130.692246
9.584357,0.085508,32.932196,3.709306,3.709306,149.574086
8.589820,0.115222,26.582927,3.344677,3.344677,153.565472
8.741441,0.121428,27.393479,3.099989,3.099989,127.732478
7.681225,0.119097,28.890629,4.114407,4.114407,151.672749
7.868318,0.103106,25.457688,2.956660,2.956660,161.592216
10.394524,0.157028,27.834822,2.914275,2.914275,136.847971
7.638354,0.109831,19.728910,3.006359,3.006359,378.405083
7.731868,0.104042,28.676970,2.771424,2.771424,152.757627
17.066637,0.264071,40.580794,2.973597,2.973597,155.844863
8.220589,0.091190,28.843749,2.360132,2.360132,127.174736
10.916583,0.143649,28.989211,3.479652,3.479652,133.014310
19.244478,0.246857,37.555258,2.985358,2.985358,154.340783
11.981011,0.162163,33.509356,3.452772,3.452772,142.331747
10.705045,0.113565,28.974024,3.672551,3.672551,143.033169
9.667353,0.124378,25.171019,4.233437,4.233437,138.557976
10.382514,0.103177,24.422610,3.366298,3.366298,147.356272
9.002979,0.159069,22.757315,3.817097,3.817097,143.608022
7.224215,0.067426,15.818415,2.489599,2.489599,139.762059
7.626734,0.045405,15.473627,3.959218,3.959218,132.114598
6.561487,0.039709,13.332870,2.900536,2.900536,119.444646
11.674155,0.085785,20.003469,2.307781,2.307781,131.370499
8.163010,0.043266,18.619733,3.678301,3.678301,128.955067
6.400864,0.066872,13.323967,1.948571,1.948571,79.697282
11.495159,0.120028,29.762278,4.124887,4.124887,143.645534
5.201466,0.022094,0.203955,0.002214,0.002214,5.431063
6.094327,0.044199,0.321787,0.001638,0.001638,6.462974
4.115495,0.062267,0.395507,0.268361,0.268361,10.629683
4.545153,0.051861,0.568283,0.187250,0.187250,8.128112
6.365357,0.019367,0.674394,0.166629,0.166629,12.151586
7.449199,0.025419,1.908789,0.461149,0.461149,22.072198
7.389047,0.016713,2.170147,0.664379,0.664379,25.070791
7.994363,0.015423,2.691482,0.770122,0.770122,23.076007
4.786002,0.011760,1.216273,0.780975,0.780975,17.225885
7.597396,0.019893,3.118955,31.713938,31.713938,56.252177
5.125392,0.010882,1.439326,0.557350,0.557350,29.297091
5.025539,0.003919,1.905316,0.886782,0.886782,28.444367
9.446724,0.005663,4.557692,1.052746,1.052746,49.303485
6.070701,0.028769,0.300653,0.002704,0.002704,6.404446
4.614313,0.059802,0.755813,0.002287,0.002287,5.433731
7.442222,0.147937,1.194532,0.301040,0.301040,16.092727
6.767131,0.132414,4.711422,0.393954,0.393954,22.513563
4.816628,0.081495,7.308364,0.293254,0.293254,21.222188
5.959802,0.107199,4.859126,0.411889,0.411889,23.032307
8.318116,0.252088,14.105807,0.779595,0.779595,53.233756
9.984981,0.288367,29.795625,0.836908,0.836908,66.008620
6.442771,0.164310,14.037463,0.937401,0.937401,54.484667
9.711391,0.343202,19.530913,68.579075,68.579075,127.360184
8.011323,0.145114,14.507563,1.124232,1.124232,72.034034
6.977248,0.188283,21.244906,0.824811,0.824811,76.230268
10.766863,0.272920,26.711473,1.463233,1.463233,87.095078
6.853742,0.223497,19.960899,1.274345,1.274345,76.372884
7.941852,0.162278,19.762408,1.864176,1.864176,83.042134
5.992495,0.192399,22.549113,2.406662,2.406662,100.047193
7.212125,0.341463,20.271074,1.956609,1.956609,95.305675
6.751437,0.240809,17.626898,1.631525,1.631525,114.255485
7.842492,0.281590,26.285147,2.435537,2.435537,143.884909
5.658250,0.163690,18.546298,2.095130,2.095130,124.012681
8.600077,0.231371,22.785380,2.059691,2.059691,120.678289
6.576585,0.197625,19.993942,3.480757,3.480757,123.208249
7.728223,0.226500,20.190035,5.300172,5.300172,136.976291
6.860514,0.165663,21.572398,3.377193,3.377193,133.820785
6.316074,0.129235,17.115826,3.378147,3.378147,143.393056
5.667863,0.136955,18.047226,2.752154,2.752154,125.439423
5.921366,0.152338,16.805706,3.127845,3.127845,126.437178
6.557738,0.175020,19.155520,2.961594,2.961594,337.672774
8.635285,0.275007,18.861545,2.846563,2.846563,126.996393
9.497053,0.357835,30.056317,2.723049,2.723049,157.932679
6.907142,0.317711,20.838178,2.343090,2.343090,142.317159
11.294158,0.366822,30.031088,2.636558,2.636558,131.461014
6.555166,0.189388,19.678223,2.369498,2.369498,140.017186
12.123166,0.355935,26.220153,3.738113,3.738113,148.299980
6.757884,0.159175,17.154220,2.997440,2.997440,137.340472
6.326576,0.176983,17.900426,2.334111,2.334111,134.701073
6.506816,0.182780,22.391182,3.544753,3.544753,142.529296
5.905003,0.147446,22.901781,3.422000,3.422000,141.676808
5.851380,0.129466,22.928411,2.215823,2.215823,144.576936
6.130117,0.145140,19.261458,2.679108,2.679108,144.771969
6.451391,0.151530,21.012713,3.695348,3.695348,151.828696
6.151561,0.133160,18.567959,3.178831,3.178831,151.120901
7.513084,0.133680,19.149101,3.390289,3.390289,153.947450
6.421525,0.137508,18.586857,4.421892,4.421892,157.891185
6.437105,0.137840,19.134412,3.890426,3.890426,150.386094
8.166204,0.112823,22.777175,2.360952,2.360952,156.652344
6.247294,0.116480,21.013817,4.239168,4.239168,157.738566
7.197959,0.125036,24.923107,3.328724,3.328724,157.696070
6.231292,0.123550,20.530409,2.413695,2.413695,154.728286
6.925790,0.138117,24.769573,2.450739,2.450739,161.604613
8.557886,0.130332,22.669041,4.515708,4.515708,183.159910
7.416108,0.147497,27.499096,6.282035,6.282035,203.027889
7.481070,0.132731,21.119335,4.359394,4.359394,171.027887
9.194631,0.164588,26.876235,2.300493,2.300493,167.851184
7.137193,0.117453,20.600935,2.705641,2.705641,155.757160
6.896910,0.148843,21.814845,3.232910,3.232910,165.014510
9.644934,0.232323,25.923456,2.893841,2.893841,181.026053
7.158642,0.158220,21.714224,4.230161,4.230161,159.921065
7.484619,0.149459,21.599652,5.328707,5.328707,161.491909
7.029505,0.169152,21.553804,3.520720,3.520720,171.576661
7.927652,0.179581,25.668799,4.761676,4.761676,160.640506
6.751030,0.114596,23.428710,3.775759,3.775759,167.225143
7.488603,0.145907,23.677644,3.031062,3.031062,161.180312
7.515532,0.125300,24.116608,3.990285,3.990285,164.890350
7.746471,0.237510,25.437639,2.052575,2.052575,162.191722
7.311725,0.110375,26.883844,2.978029,2.978029,162.733839
7.860783,0.171792,24.578993,4.878019,4.878019,163.921556
7.145697,0.177401,22.727091,3.072617,3.072617,158.005367
7.451200,0.244398,22.984656,3.424538,3.424538,167.874254
9.472251,0.276029,26.174803,2.614230,2.614230,178.278170
10.061101,0.376413,25.426274,3.781389,3.781389,183.690164
9.360358,0.212498,24.960452,3.044435,3.044435,163.792307
9.438865,0.234485,29.659955,3.355104,3.355104,189.367751
9.186758,0.213574,28.560828,4.986271,4.986271,169.544164
8.570457,0.199872,31.286892,3.458485,3.458485,186.854091
14.038625,0.367949,40.030093,3.659135,3.659135,191.802489
7.950465,0.207015,29.216615,6.029890,6.029890,185.055451
7.931914,0.232192,22.274232,4.862538,4.862538,199.542457
7.579129,0.224862,25.341423,3.781269,3.781269,162.156384
8.165632,0.197900,26.072242,6.147820,6.147820,179.091855
8.630496,0.267234,25.219767,4.723194,4.723194,164.172561
10.728702,0.208441,26.237696,6.526957,6.526957,686.282348
8.198024,0.365640,26.499298,4.494574,4.494574,184.685416
14.632131,0.443873,38.714873,5.295034,5.295034,189.651067
8.115032,0.249627,25.969581,5.079986,5.079986,171.748232
7.560683,0.229955,25.862272,8.615791,8.615791,188.566659
8.528550,0.254474,25.184478,5.123257,5.123257,183.596819
7.854847,0.223437,22.925598,5.763429,5.763429,187.242906
7.388189,0.223382,25.201955,8.413954,8.413954,192.190185
8.910711,0.251015,26.441848,7.358201,7.358201,184.192124
7.771924,0.257904,27.074094,5.966665,5.966665,182.280936
8.060898,0.264286,25.820131,7.558353,7.558353,192.453374
7.023829,0.278426,24.208035,8.468212,8.468212,189.261095
8.132614,0.241083,23.928046,10.673652,10.673652,190.065283
7.017980,0.264502,24.066127,5.830990,5.830990,184.361866
6.656627,0.246833,24.655203,8.103003,8.103003,173.197608
7.738681,0.301946,26.978324,6.737054,6.737054,183.246651
6.374356,0.250828,25.008729,6.878627,6.878627,186.616379
8.281734,0.380670,26.678037,7.569693,7.569693,183.708972
6.594131,0.286918,19.468731,6.736418,6.736418,172.619686
6.605848,0.263908,24.816616,9.631181,9.631181,189.883556
6.176781,0.269996,20.710813,7.483377,7.483377,176.711211
7.313319,0.317517,24.405977,10.181835,10.181835,189.840070
6.195252,0.278437,23.081078,13.716239,13.716239,190.930578
6.013749,0.281200,20.632908,7.585035,7.585035,166.593097
8.058763,0.367973,28.525115,10.949344,10.949344,193.427938
6.135663,0.286473,23.042342,7.199201,7.199201,173.754340
6.348682,0.289912,22.533956,9.191766,9.191766,185.865596
6.298963,0.303956,20.639581,9.015062,9.015062,176.763786
6.874345,0.333954,22.903303,8.948285,8.948285,187.275169
6.532027,0.289292,17.945892,4.213122,4.213122,165.053854
6.668648,0.188898,17.864167,5.894890,5.894890,169.017047
6.174711,0.316874,23.881077,3.855615,3.855615,171.320796
5.441009,0.324378,17.709491,6.032687,6.032687,161.698305
7.731365,0.385222,28.553608,6.472131,6.472131,173.324304
5.728609,0.251908,17.004262,3.536370,3.536370,164.236698
9.183457,0.410394,35.160457,2.617597,2.617597,188.450666
8.013815,0.361240,24.100254,4.172496,4.172496,169.839032
9.271301,0.345864,32.978672,4.441887,4.441887,190.917316
6.873532,0.247549,18.903343,3.969539,3.969539,184.229088
6.473574,0.231412,19.016514,3.952501,3.952501,186.290509
7.412899,0.232740,17.693337,3.115577,3.115577,165.571417
6.358715,0.221022,24.350523,3.586995,3.586995,176.658063
5.510159,0.200615,21.529127,1.813037,1.813037,167.675742
6.004732,0.158981,14.731745,4.163350,4.163350,155.393365
5.682466,0.212014,14.705404,4.257478,4.257478,169.156654
5.261391,0.260259,16.946743,3.331342,3.331342,159.029114
10.068447,0.353895,24.720663,2.303942,2.303942,184.210763
6.215057,0.216259,17.727450,4.051167,4.051167,170.494198
8.099734,0.242218,20.993513,2.897529,2.897529,170.457068
7.657442,0.260671,20.501397,5.485159,5.485159,172.117105
5.767099,0.163008,17.901665,2.993142,2.993142,165.078630
8.832009,0.288186,23.923528,4.273497,4.273497,182.814374
5.828710,0.217973,21.825249,3.869882,3.869882,161.860259
5.845180,0.169544,18.300707,4.584369,4.584369,161.274579
7.112076,0.242549,17.799491,4.776003,4.776003,164.735220
5.994871,0.228877,15.956620,1.674622,1.674622,161.346549
5.485620,0.137270,17.214774,3.776417,3.776417,158.226836
7.085544,0.305611,20.317247,4.118550,4.118550,168.044256
6.061751,0.223459,17.108895,5.658946,5.658946,157.607198
4.794928,0.134762,15.446452,5.332200,5.332200,150.746307
5.251157,0.223832,16.220366,6.547137,6.547137,156.764613
4.586835,0.144069,17.156554,4.864387,4.864387,151.569187
5.337369,0.154761,16.344043,6.551218,6.551218,155.076174
6.080835,0.284656,17.799987,2.476644,2.476644,96.102292
5.120574,0.214391,16.516570,4.104320,4.104320,141.860933
5.714974,0.399022,15.521443,3.576954,3.576954,153.324251
5.385400,0.405451,15.568510,5.724686,5.724686,141.721419
5.135725,0.254368,16.477892,3.520203,3.520203,142.954971
6.074275,0.353550,21.649232,2.183166,2.183166,151.360657
6.223222,0.277759,17.324991,4.085436,4.085436,145.440730
7.313876,0.501424,20.465943,4.395074,4.395074,153.685170
6.039083,0.358627,20.073704,4.162734,4.162734,154.386412
7.236786,0.360135,20.392972,4.387182,4.387182,154.357962
9.242385,0.401492,16.284099,3.594963,3.594963,149.790566
7.265066,0.291833,16.153905,5.509996,5.509996,144.852758
12.840841,0.485742,28.507084,5.929264,5.929264,185.349598
7.314056,0.291378,31.872788,4.557970,4.557970,176.548889
14.132588,0.411874,37.908717,5.774635,5.774635,181.351644
11.236724,0.298764,35.425859,4.935450,4.935450,186.999920
7.250732,0.288499,20.836572,4.561781,4.561781,156.376387
7.113519,0.220791,20.913659,3.888559,3.888559,149.699301
9.097790,0.365250,25.099179,4.880587,4.880587,162.749199
10.783804,0.664635,36.346705,4.021892,4.021892,176.468170
5.821326,0.316107,19.065766,3.744638,3.744638,156.931226
8.546263,0.500192,23.856532,3.868027,3.868027,162.382572
7.754087,0.389706,18.692273,5.757502,5.757502,157.814755
5.807647,0.363971,17.432807,4.608805,4.608805,159.190650
8.075801,0.429901,17.827053,4.382865,4.382865,174.475258
9.269515,0.447777,15.147987,4.943745,4.943745,165.393835
6.846440,0.391955,16.313188,3.676880,3.676880,165.423814
5.438145,0.315949,21.423734,5.764028,5.764028,179.453266
6.017135,0.369961,15.919209,3.669073,3.669073,162.408354
5.805382,0.241827,14.179159,7.214642,7.214642,162.724222
4.506331,0.257700,17.306401,4.372306,4.372306,157.802170
3.700924,0.160983,12.630992,5.824554,5.824554,153.825499
4.589416,0.183155,14.004069,4.562186,4.562186,151.532498
4.342360,0.204222,14.344646,4.642274,4.642274,157.491331
7.724958,0.391749,19.606995,5.574544,5.574544,166.495145
5.370814,0.278389,19.583026,5.631449,5.631449,173.892263
9.069734,0.439950,33.447296,5.427518,5.427518,207.492390
8.920044,0.509765,28.299573,3.709545,3.709545,195.621235
5.074898,0.320038,13.806940,3.184407,3.184407,164.583432
4.673226,0.254835,12.976554,3.513817,3.513817,188.270134
4.255092,0.172630,14.237795,5.386263,5.386263,166.876540
5.681279,0.216593,17.675052,5.626133,5.626133,166.773155
4.360904,0.150882,13.403100,4.711021,4.711021,169.155615
4.148668,0.130945,11.766039,4.359989,4.359989,157.719530
3.369887,0.092855,13.342400,5.295637,5.295637,158.101490
6.117280,0.183972,21.614769,5.129502,5.129502,174.607744
4.046143,0.143852,13.237779,3.534332,3.534332,212.184219
3.526812,0.113581,13.659793,7.405493,7.405493,157.536159
3.729984,0.093691,13.345170,5.536900,5.536900,154.181657
3.621280,0.107713,14.018185,6.983518,6.983518,151.438326
4.028857,0.114645,13.187146,3.388324,3.388324,145.888269
4.783119,0.109021,14.891667,6.404670,6.404670,145.795118
3.274061,0.070454,13.538650,5.114968,5.114968,137.736756
4.260808,0.091195,18.322810,6.487732,6.487732,146.311954
3.671996,0.070123,12.760039,5.659233,5.659233,131.146794
5.483927,0.136253,23.635913,7.475790,7.475790,158.269934
6.600113,0.132740,30.819332,5.623225,5.623225,155.589117
3.617687,0.091673,14.004902,3.972264,3.972264,139.471716
4.124737,0.078960,13.694556,5.455356,5.455356,128.648451
3.910849,0.080176,17.245937,3.980096,3.980096,140.837534
3.317743,0.073429,13.536443,7.379700,7.379700,137.546165
3.124768,0.087614,13.246369,5.667170,5.667170,129.555708
2.786306,0.081306,15.062149,5.441914,5.441914,131.847289
4.642998,0.172950,28.038647,5.569152,5.569152,139.374659
2.945990,0.088495,11.401488,6.063833,6.063833,121.439303
3.195152,0.134450,12.771531,5.780229,5.780229,125.582028
5.157793,0.142370,33.056147,6.003574,6.003574,139.375627
2.839662,0.079566,11.246741,6.031648,6.031648,113.228543
5.263430,0.102835,29.976339,5.967222,5.967222,135.884684
3.089967,0.075665,12.697985,5.218429,5.218429,106.540054
6.606543,0.099588,32.140761,5.030849,5.030849,141.135842
3.457127,0.059088,12.873565,7.441553,7.441553,103.037314
5.888223,0.079323,22.232012,6.317307,6.317307,127.012946
4.139211,0.075285,14.997619,5.013886,5.013886,107.884182
3.870982,0.059381,12.217456,8.662297,8.662297,102.315821
3.425603,0.069788,12.584275,7.103228,7.103228,98.036010
3.480637,0.044956,12.372617,6.626514,6.626514,100.897093
3.842253,0.040252,13.382980,8.021279,8.021279,110.456591
6.180833,0.050675,10.175635,7.984955,7.984955,105.149155
3.146952,0.037492,13.119337,6.878645,6.878645,99.164981
5.062349,0.064742,13.526584,6.295790,6.295790,102.215877
3.457560,0.046960,13.953464,6.787410,6.787410,102.946223
6.474519,0.073495,31.634783,4.927760,4.927760,131.581346
6.260808,0.087508,29.033061,5.743225,5.743225,126.216926
3.463685,0.080038,12.376324,5.878774,5.878774,93.006827
2.983956,0.073902,9.754144,7.244043,7.244043,95.801259
2.774688,0.059249,10.920211,5.583857,5.583857,87.181853
2.893417,0.048424,9.648631,6.392958,6.392958,85.184712
3.307286,0.054238,10.214685,5.887170,5.887170,84.903131
7.058683,0.114664,23.364869,6.363342,6.363342,120.918559
2.956720,0.070141,7.735218,6.756976,6.756976,49.444520
2.435300,0.044403,9.844634,6.609085,6.609085,52.058893
5.065416,0.088521,16.582423,5.632497,5.632497,65.446603
4.468943,0.062418,10.102187,5.056253,5.056253,80.318292
5.965137,0.068108,24.105620,5.325321,5.325321,105.841627
5.159606,0.058764,18.739583,8.134110,8.134110,102.524005
6.212342,0.114764,23.632243,4.090572,4.090572,102.445923
3.555623,0.071146,16.093708,5.162626,5.162626,105.379030
6.524820,0.074617,21.662531,5.486557,5.486557,98.098258
5.039134,0.058563,10.548323,5.229429,5.229429,81.414226
3.374520,0.061551,9.499937,6.051866,6.051866,76.164984
3.238898,0.046787,9.552670,5.605824,5.605824,77.982711
3.785925,0.059038,9.385521,6.322853,6.322853,80.764358
7.057617,0.073755,22.368606,5.769434,5.769434,112.423757
5.770491,0.065428,16.730840,6.758432,6.758432,91.892291
3.384653,0.060251,9.297846,3.884619,3.884619,80.622448
7.263859,0.098454,22.402801,5.490340,5.490340,100.668664
3.970281,0.063509,10.135999,5.543456,5.543456,79.012790
3.274623,0.052871,10.151208,5.834289,5.834289,73.884079
5.822310,0.069749,22.202162,7.224907,7.224907,95.802897
3.687436,0.057694,9.636469,5.700731,5.700731,77.716838
5.771907,0.063697,18.145403,5.592526,5.592526,90.156097
7.581002,0.095668,23.779211,7.828217,7.828217,112.009454
4.023651,0.053870,14.908325,5.257223,5.257223,87.432977
7.127972,0.057197,9.884588,6.052926,6.052926,74.944355
6.948586,0.136484,25.661738,6.795449,6.795449,108.543654
3.884806,0.068497,14.633175,6.196726,6.196726,82.602759
7.601828,0.126403,24.685928,4.556357,4.556357,107.851534
7.186220,0.116598,19.201250,6.406565,6.406565,89.120448
5.073898,0.084197,12.901131,5.403960,5.403960,75.640629
4.916608,0.077167,14.029695,10.558978,10.558978,95.540723
4.936630,0.084243,14.277513,5.271800,5.271800,77.124876
6.487596,0.081783,14.004584,7.928943,7.928943,86.764648
7.686625,0.166940,20.794489,7.158610,7.158610,90.526431
4.456664,0.096471,12.756185,8.428426,8.428426,82.508187
4.688176,0.102604,13.077677,5.382476,5.382476,79.673882
4.676302,0.084908,13.945931,8.077532,8.077532,83.756620
10.181242,0.157637,34.950714,6.277776,6.277776,121.202539
6.868430,0.152429,19.290290,12.293464,12.293464,98.405218
6.018453,0.164787,17.552147,5.754854,5.754854,96.302655
11.795186,0.228055,34.665480,5.904701,5.904701,127.338311
5.589307,0.127117,22.363094,6.523871,6.523871,94.553529
5.723746,0.095663,19.845085,9.512035,9.512035,97.127048
5.880970,0.106016,20.114982,7.926543,7.926543,100.963787
11.334853,0.309193,35.940162,5.463739,5.463739,123.401128
6.860319,0.163425,22.629362,8.509869,8.509869,119.954631
7.197774,0.212064,27.871820,4.952904,4.952904,113.792590
5.719730,0.137531,20.778514,7.219376,7.219376,106.152413
7.964925,0.223333,24.411725,5.226254,5.226254,115.725957
10.563741,0.302509,33.742067,7.801166,7.801166,127.684726
4.679583,0.098343,14.979631,6.793295,6.793295,92.812244
4.946129,0.139027,14.922615,6.198602,6.198602,98.525920
5.479870,0.086637,14.438057,5.816477,5.816477,94.311194
7.101140,0.077666,22.645438,5.839661,5.839661,112.509117
7.283561,0.144457,19.861549,4.365531,4.365531,109.771814
5.435666,0.101158,15.467827,3.587601,3.587601,100.416715
5.178231,0.098841,17.531583,6.800352,6.800352,109.364143
5.695749,0.092424,15.532450,4.942626,4.942626,104.668023
6.715002,0.118608,19.520988,4.582233,4.582233,121.646212
11.294105,0.231605,37.616335,6.069284,6.069284,138.516461
11.264155,0.206208,26.605324,4.416043,4.416043,127.157758
11.152028,0.189092,28.237145,5.123264,5.123264,127.855034
10.194973,0.126356,26.792793,5.806386,5.806386,129.408572
11.678753,0.186528,32.715680,9.517328,9.517328,142.568417
7.441446,0.100009,20.151939,7.950541,7.950541,128.388249
7.086082,0.107106,24.196935,4.775333,4.775333,127.879335
6.434748,0.110708,20.743198,8.524429,8.524429,132.342873
7.655694,0.150863,18.601530,6.677993,6.677993,128.090928
7.102817,0.225512,25.116331,6.099493,6.099493,137.469365
6.490478,0.177363,19.543508,7.838146,7.838146,128.630794
7.115495,0.191545,23.148335,11.437469,11.437469,140.970285
6.391021,0.286240,22.169983,6.986173,6.986173,135.742322
7.961053,0.265434,24.859983,7.669301,7.669301,137.587520
6.767472,0.285627,23.255393,7.730834,7.730834,144.218995
5.919842,0.327634,22.319330,7.045174,7.045174,133.629085
5.594740,0.233391,20.068168,8.272270,8.272270,135.341026
6.441239,0.281567,24.717063,6.489090,6.489090,150.762405
6.442939,0.267523,23.711001,9.046875,9.046875,149.820969
5.852209,0.277938,24.458950,11.508337,11.508337,151.742318
5.684549,0.263607,28.124966,6.796615,6.796615,152.458568
5.503798,0.272161,21.669610,9.924827,9.924827,147.196135
6.704682,0.230656,28.633507,5.549427,5.549427,159.568035
6.806275,0.212859,42.184807,6.005852,6.005852,181.605846
6.006772,0.303743,43.257777,7.804111,7.804111,185.730704
6.666517,0.264366,36.635050,8.343765,8.343765,173.682805
7.830658,0.275834,35.218426,6.951858,6.951858,171.506177
6.692780,0.248696,35.509034,9.819375,9.819375,186.169033
5.970787,0.269664,25.589712,7.108316,7.108316,161.751159
5.979040,0.115078,24.404451,8.372002,8.372002,154.007756
5.804610,0.194243,27.115150,7.576788,7.576788,155.851094
5.529818,0.206471,25.289122,7.544675,7.544675,154.448402
5.310939,0.189590,25.363396,7.002236,7.002236,153.271944
6.506678,0.251372,23.407081,6.642566,6.642566,160.132046
6.648349,0.228617,27.006606,7.509137,7.509137,156.080350
6.155519,0.244235,27.397849,4.765878,4.765878,156.080369
6.475365,0.182518,27.357975,5.783390,5.783390,157.135438
6.936323,0.192679,27.584678,6.074832,6.074832,158.937748
6.978815,0.202849,28.446685,8.182258,8.182258,165.044820
7.896724,0.297208,31.785722,9.307759,9.307759,182.253942
6.429589,0.241712,28.787185,9.252104,9.252104,165.694320
7.097772,0.160018,27.313441,10.241595,10.241595,192.413550
7.640722,0.286513,31.006916,10.977213,10.977213,191.149015
6.333938,0.238784,32.545497,9.981363,9.981363,184.364145
7.949374,0.283266,30.338350,6.857812,6.857812,184.442171
7.377210,0.233815,31.053275,9.838670,9.838670,176.415752
6.219585,0.355828,30.089391,6.355975,6.355975,170.543859
11.288472,0.398618,38.740000,8.472941,8.472941,197.682616
11.934710,0.401988,49.869283,7.449638,7.449638,204.669954
7.046689,0.186050,27.882506,11.072168,11.072168,200.595700
6.857076,0.221655,28.273826,6.810723,6.810723,187.433569
7.239688,0.197948,39.176243,10.497357,10.497357,200.746430
7.648188,0.217355,32.065879,7.832822,7.832822,187.429599
7.269854,0.202442,25.938357,8.459468,8.459468,191.918093
6.479381,0.192068,30.342146,9.451933,9.451933,191.067217
7.044235,0.236010,27.592317,8.097450,8.097450,190.529330
8.627342,0.203885,28.606520,8.335232,8.335232,187.245296
7.483847,0.226150,31.073515,12.526289,12.526289,203.088143
6.941610,0.237322,26.944225,9.190859,9.190859,191.735332
8.201964,0.227893,27.456156,12.823132,12.823132,203.843383
7.162496,0.222134,29.904398,12.407179,12.407179,192.807037
6.507859,0.250076,29.286699,14.607408,14.607408,196.831408
6.632092,0.279245,29.929868,8.147319,8.147319,189.751858
9.050621,0.314986,30.948458,10.387955,10.387955,205.620595
11.680821,0.617504,33.041523,12.069610,12.069610,209.317385
8.166493,0.249008,31.564550,8.595956,8.595956,210.605319
8.919057,0.219153,33.596108,12.362822,12.362822,204.830943
6.952164,0.226142,30.054380,8.362972,8.362972,205.636063
7.110794,0.258551,28.930936,11.258902,11.258902,203.478316
7.607208,0.239149,29.363321,9.502496,9.502496,203.252471
7.655939,0.228383,31.120309,13.462512,13.462512,202.818316
8.540633,0.258413,31.794810,13.323802,13.323802,215.699267
7.880262,0.230823,30.578824,10.455227,10.455227,201.570275
7.749122,0.204881,30.657975,10.007593,10.007593,199.804315
8.500132,0.254194,34.457002,10.482706,10.482706,202.393553
10.473005,0.410390,39.409171,10.608559,10.608559,209.087211
8.907999,0.248795,48.088108,9.368099,9.368099,209.298020
8.492222,0.277584,37.704179,8.537674,8.537674,212.553192
9.621186,0.201029,39.581670,11.639045,11.639045,203.464413
8.599835,0.205698,33.884092,10.556196,10.556196,204.031591
8.882224,0.213677,47.906899,7.042497,7.042497,213.290424
13.284718,0.215998,36.776584,7.253559,7.253559,218.529409
17.761123,0.327923,37.777536,10.102040,10.102040,233.609730
11.867141,0.174115,32.796666,12.167635,12.167635,216.004620
9.817228,0.156363,32.833877,7.643814,7.643814,219.680825
13.132081,0.234003,34.625385,13.092324,13.092324,228.044441
10.788695,0.266191,32.860669,8.651892,8.651892,216.501365
9.136830,0.175402,35.286681,9.359337,9.359337,215.220891
9.702208,0.156275,34.367037,10.928256,10.928256,222.885090
10.336114,0.172619,33.055313,8.594110,8.594110,221.694642
11.391248,0.203536,35.961694,10.982555,10.982555,222.851173
10.976287,0.146737,36.326530,9.837075,9.837075,225.246549
10.644723,0.189177,36.772182,16.632710,16.632710,250.285206
8.846299,0.187351,34.186934,10.390596,10.390596,220.072060
7.811162,0.180394,33.265208,10.687549,10.687549,217.667100
7.471287,0.227090,33.771208,12.418285,12.418285,228.718764
6.500236,0.205823,27.984083,12.935669,12.935669,215.820264
6.347412,0.250895,22.257385,14.540651,14.540651,203.607692
5.278278,0.274597,21.729166,12.971655,12.971655,197.751027
4.691189,0.331470,18.032138,10.578709,10.578709,190.242802
4.913065,0.324236,19.182847,8.364509,8.364509,192.968519
5.365172,0.282583,25.203373,12.464182,12.464182,199.813718
5.778743,0.262863,22.627063,8.552861,8.552861,193.358859
5.165353,0.250020,24.023286,5.523582,5.523582,193.234820
5.923956,0.267165,25.628451,5.534244,5.534244,195.816285
6.518742,0.297347,30.172879,4.711359,4.711359,213.207102
6.000103,0.249617,28.838175,7.874018,7.874018,204.164399
6.454902,0.220580,30.032245,5.096052,5.096052,211.022220
11.115839,0.192360,29.883444,7.908026,7.908026,220.609608
8.065010,0.231216,29.846142,3.428560,3.428560,220.515159
7.928389,0.208777,31.263443,6.970022,6.970022,216.433436
8.838771,0.222843,35.616834,3.912662,3.912662,225.644884
9.303350,0.190184,32.948047,5.571026,5.571026,222.990148
6.748025,0.188158,31.706094,4.683150,4.683150,218.913024
8.492578,0.219001,35.642071,8.213029,8.213029,220.154344
8.588658,0.225691,31.687878,3.319528,3.319528,224.035977
7.469425,0.205655,28.503818,7.236521,7.236521,217.522474
7.826410,0.258448,36.971712,3.852963,3.852963,225.263993
7.408426,0.245961,33.645740,5.462678,5.462678,217.286403
7.058954,0.201088,33.319081,4.370571,4.370571,212.597976
17.941143,0.374564,45.773447,13.097538,13.097538,267.589748
14.895178,0.202574,41.840663,13.312812,13.312812,265.424831
16.012376,0.229125,48.189499,21.382744,21.382744,285.469663
10.559299,0.259533,42.662565,11.773466,11.773466,263.959756
9.030330,0.223506,38.219983,14.594059,14.594059,255.088960
20.259374,0.454689,44.682917,14.020338,14.020338,260.609980
9.441363,0.171657,33.502173,14.005362,14.005362,229.824035
9.575465,0.195927,32.740015,18.313124,18.313124,254.031816
17.134668,0.211812,38.527234,19.671000,19.671000,258.666737
17.892879,0.198977,45.750703,13.222477,13.222477,262.677858
10.305371,0.199413,36.775944,19.604442,19.604442,259.254812
10.901911,0.223505,35.279507,14.810949,14.810949,257.732377
11.226030,0.124321,34.044776,16.700935,16.700935,255.778322
13.083195,0.134095,33.241698,16.706492,16.706492,260.684412
17.727276,0.178702,38.363083,15.135617,15.135617,269.874731
12.486436,0.149312,36.859096,15.064610,15.064610,267.243533
12.417120,0.151562,34.959698,17.355012,17.355012,262.527899
11.805509,0.139378,40.129407,22.681655,22.681655,269.208757
12.534010,0.125485,39.903122,17.441990,17.441990,268.906044
12.306171,0.132022,38.527110,18.267933,18.267933,270.452408
12.539528,0.232593,42.184675,17.279789,17.279789,270.838131
11.474540,0.128714,38.169138,22.009808,22.009808,280.424647
23.477062,0.214080,43.828448,20.100756,20.100756,289.714424
13.291374,0.137397,36.533052,20.340706,20.340706,268.138994
13.388300,0.133443,37.116162,16.941684,16.941684,266.333563
10.727663,0.127573,35.307510,22.941659,22.941659,259.834497
11.531472,0.148108,30.312414,24.050237,24.050237,261.566747
10.844508,0.110969,36.294417,24.149527,24.149527,254.191862
9.894330,0.085813,24.809106,16.475061,16.475061,226.741602
9.967155,0.072500,25.412494,17.612742,17.612742,229.589700
24.223713,0.149673,29.035467,20.300378,20.300378,252.888318
9.386825,0.088235,22.398222,18.815787,18.815787,220.354002
12.459318,0.117535,26.472565,16.349919,16.349919,216.025217
8.449843,0.084791,22.865223,13.313683,13.313683,110.614075
9.421703,0.068345,18.741336,15.059762,15.059762,107.318292
13.607971,0.160587,32.789547,19.371537,19.371537,202.368545
