1403715893384058112.000000 -0.116721869 1.008717537 -0.952573895 -0.517898262 -0.644151092 -0.363666534 0.429648042
1403715894134057984.000000 -0.154395342 0.956171751 -0.856754303 -0.522028148 -0.644263566 -0.353726655 0.432768464
1403715896684058112.000000 -1.167604208 0.783498645 -0.261708617 -0.549312592 -0.589984059 -0.321504593 0.496799171
1403715896934057984.000000 -1.093988895 0.773241818 -0.211499721 -0.559056282 -0.588855386 -0.302665800 0.499098033
1403715897184058112.000000 -0.903279603 0.776709437 -0.160571307 -0.570542216 -0.582907796 -0.282973886 0.504604578
1403715899934057984.000000 3.126883745 1.452663183 -0.293394029 -0.607279062 -0.573549867 -0.434279025 0.337126672
1403715900134057984.000000 3.284718752 1.620573282 -0.308591992 -0.592519760 -0.580732286 -0.450112581 0.330255955
1403715901584058112.000000 3.192025900 2.547351837 -0.231608868 -0.590951025 -0.515855968 -0.463840693 0.411729723
1403715901684058112.000000 3.154999733 2.508945227 -0.213899136 -0.592768013 -0.518077672 -0.462791532 0.407486886
1403715901984058112.000000 3.034372568 2.343914032 -0.174457565 -0.604745150 -0.530285537 -0.447363794 0.391083449
1403715902384058112.000000 2.848731041 2.057792425 -0.143640354 -0.599368274 -0.545708299 -0.451305836 0.373206824
1403715905184058112.000000 1.034764886 1.780609608 0.140534505 -0.038283985 -0.784144819 -0.044655379 0.617783964
1403715906034057984.000000 1.016208529 1.558310151 -0.220878631 0.213158876 -0.809692442 0.157892153 0.523480177
1403715906134057984.000000 1.015167952 1.522862554 -0.253034711 0.259974748 -0.796902776 0.176182702 0.516060829
1403715906334057984.000000 1.003907442 1.440649271 -0.307608843 0.352339536 -0.751138806 0.212139711 0.516375840
1403715908584058112.000000 1.612032413 0.950215697 -0.161844090 0.800037861 -0.041884001 0.597834229 0.027920526
1403715911384058112.000000 0.231576651 1.482488990 -0.486456603 -0.259173304 -0.743920028 -0.200835526 0.582303524
1403715913034057984.000000 0.058429085 0.226684704 -0.230004892 0.142877892 -0.801465511 0.114117213 0.569399774
1403715915184058112.000000 1.352828860 -1.341133595 -0.261955529 0.107950039 -0.857508838 0.175075650 0.471565276
1403715915884058112.000000 0.978744984 -1.663020849 -0.353639036 0.172810331 -0.818714142 0.115714416 0.535213828
1403715918834057984.000000 -0.101207256 -1.783801675 -0.932246685 -0.174693450 -0.803992808 -0.094037443 0.560566545
1403715919184058112.000000 0.071519658 -1.639818907 -0.920424223 -0.153384760 -0.834696829 -0.126533940 0.513559699
1403715919684058112.000000 0.083251067 -1.512277007 -0.924878657 -0.144781917 -0.810125589 -0.125604406 0.554038167
1403715921384058112.000000 -0.458974779 -1.656113505 -0.673496127 -0.071610555 -0.819224000 -0.038328640 0.567692578
1403715923284058112.000000 -0.749952376 -1.636975527 0.476465166 -0.062318195 -0.814459324 -0.051285867 0.574579954
1403715923484058112.000000 -0.726722002 -1.660706162 0.568715572 -0.076837488 -0.817494035 -0.028766919 0.570063233
1403715923834057984.000000 -0.689121962 -1.669846654 0.581887841 -0.093103141 -0.807989597 -0.003151788 0.581785917
1403715924234057984.000000 -0.601244986 -1.591104031 0.380399615 -0.073817447 -0.794517517 -0.028911708 0.602044106
1403715924284058112.000000 -0.582782686 -1.577419996 0.350495368 -0.072992891 -0.796046853 -0.030113377 0.600062311
1403715924534057984.000000 -0.472438723 -1.507712722 0.206057623 -0.072533332 -0.813084662 -0.034460653 0.576580107
1403715924584058112.000000 -0.449079752 -1.493307233 0.178291619 -0.073617443 -0.815716565 -0.034399588 0.572716117
1403715924684058112.000000 -0.402788937 -1.462684274 0.122847199 -0.084445134 -0.817982793 -0.027974242 0.568322659
1403715924984058112.000000 -0.268289149 -1.333655000 -0.036021434 -0.142061889 -0.802354813 -0.052250672 0.577334404
1403715925134057984.000000 -0.193021864 -1.247652531 -0.098154858 -0.170823351 -0.782372236 -0.092766732 0.591698766
1403715925284058112.000000 -0.101870552 -1.159459829 -0.131884903 -0.207073271 -0.769547045 -0.124260269 0.591166258
1403715925434057984.000000 0.006336793 -1.073466182 -0.143425226 -0.254759550 -0.764859140 -0.139649361 0.574966133
1403715926334057984.000000 0.891984463 -0.458201319 -0.253199846 -0.485864729 -0.630951822 -0.320851326 0.512727618
1403715926434057984.000000 1.018251538 -0.398085088 -0.298468500 -0.505425155 -0.608316541 -0.350533962 0.501619637
1403715928184058112.000000 2.477916241 -0.493627340 -0.662593126 -0.743707418 -0.253461063 -0.590210974 0.185223475
1403715931084058112.000000 2.259969950 -1.101259351 -0.537742198 -0.845078945 -0.124329418 -0.513676167 0.080749974
1403715932934057984.000000 3.602711439 -0.865778267 -0.122619629 -0.703078210 -0.122838944 -0.691346526 0.112390630
1403715934484058112.000000 3.415499926 -0.825464427 0.465952218 -0.691136777 -0.093819067 -0.710629880 0.092374779
1403715934784058112.000000 3.425927639 -0.797053993 0.484148979 -0.644414067 -0.089286923 -0.750661314 0.115178123
1403715934934057984.000000 3.262273788 -0.831733465 0.501143813 -0.692156196 -0.097252347 -0.706103086 0.113491751
1403715935634057984.000000 2.128439665 -1.139976740 0.360577315 -0.885390341 -0.123422176 -0.443595320 0.063830033
1403715936084058112.000000 2.026798725 -1.143822193 0.222965732 -0.877733707 -0.121668868 -0.459789336 0.058086652
1403715938734057984.000000 2.094970465 -0.411574751 -0.327021450 -0.723636568 -0.406896800 -0.490545303 0.264859378
1403715940234057984.000000 2.527359247 0.747392058 -0.148811251 -0.682748139 -0.394363999 -0.538543820 0.297157526
1403715941684058112.000000 2.564925671 1.562658906 0.463456482 -0.603239655 -0.317400903 -0.627387524 0.376488417
1403715941884058112.000000 2.538186550 1.560097694 0.436832875 -0.575726926 -0.298067659 -0.647991240 0.399752080
1403715944434057984.000000 2.076043367 0.559700191 -0.466383249 -0.732794762 -0.479181707 -0.388367176 0.287346125
1403715944834057984.000000 2.042722464 0.477123171 -0.389052033 -0.692523241 -0.579597771 -0.307710469 0.299653590
1403715946284058112.000000 1.985865712 0.607340455 0.027142722 -0.609812617 -0.665896475 -0.284669012 0.321984619
1403715947034057984.000000 1.674805522 1.125555396 0.291867912 -0.452735871 -0.593005478 -0.412530333 0.522679150
1403715947434057984.000000 1.589460254 1.029508471 0.343788087 -0.456343561 -0.565975845 -0.424453169 0.539686322
1403715947584058112.000000 1.587056756 0.877033472 0.310514718 -0.500493467 -0.606014013 -0.374633402 0.491836518
1403715948134057984.000000 1.620515943 0.404211640 0.022529021 -0.563522041 -0.708150208 -0.256829441 0.339123726
1403715948384058112.000000 1.584565878 0.483350366 -0.075830996 -0.547566473 -0.695359349 -0.279315829 0.372329205
1403715950934057984.000000 0.725231290 1.434281349 -0.286347449 -0.274942458 -0.648598373 -0.292270869 0.646764815
1403715951684058112.000000 0.914299965 0.823636532 -0.194034621 -0.295338362 -0.853675306 -0.128473461 0.409277856
1403715951884058112.000000 0.811945200 0.804372668 -0.148485899 -0.266209394 -0.862719655 -0.108414143 0.416045249
1403715952784058112.000000 0.228508830 1.094745874 0.134025484 -0.102429800 -0.685548425 -0.092737779 0.714794576
1403715952884058112.000000 0.289562404 1.096819162 0.164011687 -0.097530976 -0.682959855 -0.090927482 0.718182266
1403715953784058112.000000 1.069692969 1.074211478 0.051086098 -0.044251587 -0.914740264 -0.003550953 0.401596069
1403715953984058112.000000 0.915404379 1.129945278 0.053278141 0.019608965 -0.894099414 -0.034490824 0.446107924
1403715954784058112.000000 0.161198631 0.939069211 -0.027341746 0.015488546 -0.693846166 0.005787676 0.719933450
1403715954934057984.000000 0.228391021 0.870759428 -0.045425221 0.015714694 -0.731622636 0.004644416 0.681512892
1403715955534057984.000000 0.763063908 0.604877770 -0.080006421 -0.014253451 -0.892502666 0.022686457 0.450245589
1403715955984058112.000000 0.621390462 0.484714031 0.008263052 0.063114621 -0.834242404 0.060615592 0.544409752
1403715956134057984.000000 0.494750351 0.450642794 0.055215657 0.114187114 -0.780342937 0.072775692 0.610516191
1403715956584058112.000000 0.362736106 0.360166162 0.176898569 0.227094710 -0.671668351 0.175240397 0.683067024
1403715957584058112.000000 1.382861614 0.636149704 0.140802622 0.276542336 -0.875819266 0.136882216 0.371117711
1403715957684058112.000000 1.404593587 0.613601923 0.100342974 0.280682772 -0.880173504 0.129679635 0.360131890
1403715957834057984.000000 1.361593127 0.527787566 0.052473862 0.280894428 -0.858225346 0.140481442 0.405971199
1403715957984058112.000000 1.253837943 0.391818255 0.026167013 0.279042453 -0.804066837 0.174225867 0.495234579
1403715958434057984.000000 0.985429049 -0.004946414 -0.065100230 0.303989589 -0.647081614 0.278462797 0.641353488
1403715958784058112.000000 1.085941792 -0.029252201 -0.156061769 0.347443908 -0.637524366 0.345548511 0.594509661
1403715959384058112.000000 1.460263014 0.447356045 -0.315704376 0.525692105 -0.706791222 0.296792358 0.368793041
1403715961184058112.000000 1.745765090 0.631103277 -0.077230476 0.609075010 -0.677188516 0.260488391 0.320295572
1403715961484058112.000000 1.855730772 0.543377042 0.022683768 0.576717913 -0.672842860 0.323350549 0.331848323
1403715961684058112.000000 1.898804188 0.339301944 0.119240426 0.565732002 -0.604035795 0.405771583 0.387862653
1403715962534057984.000000 1.948628783 0.226698145 0.144530103 0.581624389 -0.446723968 0.574289143 0.363789499
1403715964284058112.000000 1.384850264 1.012374640 -1.014590144 0.804715335 -0.245632321 0.511814892 0.173618674
1403715964784058112.000000 1.513144612 1.014882088 -0.844066560 0.776290655 -0.259519875 0.554632902 0.149682209
1403715965584058112.000000 1.579388976 0.966386199 -0.630714595 0.849911809 -0.256860614 0.439956993 0.134575441
1403715967484058112.000000 2.035269737 0.994763911 -0.006548040 -0.678503871 0.225454107 -0.661674857 -0.225808054
1403715969384058112.000000 1.103965998 1.597654223 -0.364556402 0.872211695 -0.187490925 0.442154080 0.092702463
1403715969884058112.000000 1.170659542 1.589226961 -0.476434678 0.848937452 -0.120268203 0.485296637 0.171254173
1403715970384058112.000000 1.627501011 1.725951195 -0.482997030 -0.698586285 0.134439737 -0.691698611 -0.124323048
1403715971084058112.000000 1.371480703 2.069438219 -0.435141712 0.886138320 -0.208475754 0.413401276 0.019902889
1403715973734057984.000000 0.885562837 1.659543633 0.110050537 -0.853289962 -0.048631430 -0.511012137 0.091639712
1403715974184058112.000000 0.787891865 1.363894939 0.112267427 -0.842378080 -0.068827875 -0.528856874 0.077279955
1403715976284058112.000000 1.635481954 0.217443451 0.036066186 -0.814088166 -0.111544251 -0.566412747 0.063205779
1403715976784058112.000000 1.822577596 0.240409672 0.071095869 -0.806350231 -0.151439264 -0.566083431 0.080094077
1403715978084058112.000000 2.028877735 0.948846757 0.038472638 -0.667502224 -0.461687088 -0.507868111 0.288714081
1403715978284058112.000000 1.972871900 1.095410228 0.028147385 -0.608791530 -0.531423509 -0.494297594 0.320362270
1403715978484058112.000000 1.861921310 1.235916734 0.015217397 -0.566695571 -0.574491322 -0.457540959 0.373459697
1403715980384058112.000000 0.479562193 0.905735373 0.094080947 0.098965093 -0.777695000 0.028632322 0.620142519
1403715980834057984.000000 0.584589601 0.360835016 0.114014193 0.259131491 -0.739238024 0.202041566 0.587841332
1403715981034057984.000000 0.705534458 0.157946065 0.115575008 0.334211946 -0.708066821 0.274044722 0.558429420
1403715981234057984.000000 0.854149699 0.002917461 0.118711039 0.410707206 -0.660624743 0.342253357 0.527026772
1403715981434057984.000000 1.019191623 -0.094432615 0.127294764 0.485568583 -0.602964699 0.410394788 0.481905341
1403715981634057984.000000 1.184584856 -0.123494372 0.144594952 0.548769057 -0.527736366 0.479724973 0.436131746
1403715981834057984.000000 1.334899664 -0.069815144 0.155767113 0.623831749 -0.457773030 0.510189354 0.375479102
1403715982034057984.000000 1.466093659 0.048718594 0.161279753 0.689989209 -0.393961519 0.522729814 0.308970571
1403715982284058112.000000 1.608524203 0.247296497 0.173603788 0.736595094 -0.308382273 0.550477445 0.243521452
1403715982484058112.000000 1.707077026 0.436852962 0.184510097 0.763338506 -0.239323303 0.568865180 0.190869629
1403715982684058112.000000 1.784816265 0.652959883 0.192000940 0.782681167 -0.160869077 0.585895836 0.135119930
1403715982884058112.000000 1.838325262 0.891458333 0.196998015 0.796338618 -0.077621184 0.595561028 0.071601823
1403715983084058112.000000 1.858959436 1.142459750 0.201379731 -0.800597489 -0.003837378 -0.599111855 -0.009687129
1403715983284058112.000000 1.848743439 1.397960305 0.203133062 -0.794936895 -0.084854439 -0.597910941 0.058117211
1403715983484058112.000000 1.805746555 1.647775292 0.203780815 -0.775217950 -0.171871260 -0.594015956 0.129005849
1403715983684058112.000000 1.726390123 1.876888514 0.209809452 -0.734916151 -0.245854005 -0.594627976 0.214176744
1403715984034057984.000000 1.487224340 2.143316031 0.221727312 -0.674287975 -0.359715044 -0.555575371 0.327531397
1403715984234057984.000000 1.311599970 2.195385933 0.230754018 -0.650864542 -0.419233114 -0.511723638 0.372502208
1403715984384058112.000000 1.176916838 2.189170361 0.242498517 -0.625770509 -0.458414465 -0.485410661 0.403291434
1403715984484058112.000000 1.088899732 2.164625883 0.252003968 -0.605233252 -0.486112416 -0.471224993 0.418729484
1403715984584058112.000000 1.003199935 2.125054359 0.260034800 -0.588188112 -0.518862069 -0.449803382 0.427193075
1403715984634057984.000000 0.961118102 2.100773335 0.263547897 -0.579175830 -0.537438154 -0.438395768 0.428397894
1403715985984058112.000000 0.174851388 0.995116413 0.275155693 -0.534736514 -0.655201674 -0.300201207 0.441188157
1403715986234057984.000000 0.070123121 0.839545786 0.168956310 -0.540353239 -0.633151650 -0.311864853 0.458124191
1403715986634057984.000000 -0.025871962 0.672904074 -0.025574304 -0.524171770 -0.652382374 -0.332195163 0.435071886
1403715986984058112.000000 -0.103832610 0.613040149 -0.194362968 -0.523852766 -0.654984474 -0.331077904 0.432389975
1403715987434057984.000000 -0.164734676 0.624685228 -0.367511928 -0.550067782 -0.587345958 -0.370398819 0.463955730
1403715987834057984.000000 -0.135405630 0.587754309 -0.493028075 -0.551335573 -0.611709714 -0.375833780 0.424957931
1403715988334057984.000000 -0.118272759 0.581588149 -0.605951011 -0.535178125 -0.616752982 -0.381082833 0.433561951
1403715988684058112.000000 -0.125437438 0.584975123 -0.651136935 -0.546480834 -0.599458218 -0.364350736 0.457446218
1403715989134057984.000000 -0.072232433 0.566517889 -0.674364090 -0.551457763 -0.614239395 -0.365037888 0.430524915
1403715989334057984.000000 -0.036332883 0.571122825 -0.674370885 -0.551746130 -0.613795817 -0.367809534 0.428423911
1403715989634057984.000000 0.016830537 0.593654275 -0.673327267 -0.549621165 -0.611254394 -0.373440802 0.429914713
1403715989934057984.000000 0.065510735 0.624434412 -0.685654104 -0.537050486 -0.608594179 -0.388746142 0.435966164
1403715990284058112.000000 0.102675498 0.636192560 -0.724779308 -0.534423172 -0.615786433 -0.386296302 0.431247234
1403715990734057984.000000 0.093350291 0.629567981 -0.843586087 -0.535847485 -0.625934303 -0.380577862 0.419802725
1403715991134057984.000000 0.008640364 0.646195054 -0.937864542 -0.534310043 -0.621827841 -0.381202757 0.427232176
1403715991484058112.000000 -0.000391111 0.647000015 -0.936601162 -0.533149600 -0.620316029 -0.382153988 0.430020899
1403715991634057984.000000 0.000557981 0.646262109 -0.938319385 -0.533557475 -0.620179892 -0.381563514 0.430235535
1403715992134057984.000000 0.000468366 0.644593060 -0.940317214 -0.533600152 -0.619857430 -0.381587178 0.430626124
1403715992634057984.000000 0.000321440 0.642886162 -0.939440310 -0.533891618 -0.619804204 -0.381367952 0.430535764
1403715993134057984.000000 0.000530437 0.641546726 -0.938851953 -0.534182072 -0.619766712 -0.381059080 0.430502951
1403715993534057984.000000 0.000432089 0.642098308 -0.939064384 -0.534261763 -0.619756639 -0.380969048 0.430498093
1403715993834057984.000000 0.000499561 0.643374622 -0.939162016 -0.534161568 -0.619383037 -0.381169647 0.430982500
