#Stereo rect[ms], MP culling[ms], MP creation[ms], LBA[ms], KF culling[ms], Total[ms]
6.022830,0.064463,0.602625,0.008339,0.008339,6.705195
7.113704,0.238189,3.627840,0.002907,0.002907,10.985820
5.048799,0.205873,3.020947,0.426709,0.426709,33.007460
8.689319,0.474604,8.442491,0.955437,0.955437,58.859982
8.313735,0.380589,14.622899,0.705001,0.705001,60.003002
5.805084,0.212371,8.555782,1.167407,1.167407,61.534486
10.369249,0.475827,26.958215,1.433815,1.433815,79.763281
7.402173,0.244683,14.829983,1.141630,1.141630,64.258978
5.204387,0.196846,9.688410,1.307493,1.307493,63.614536
8.233419,0.272795,11.003344,78.384691,78.384691,139.159770
3.865582,0.124588,9.880823,1.728456,1.728456,56.565814
3.742496,0.139026,6.631556,1.543189,1.543189,54.671143
2.564424,0.093588,6.700734,1.546595,1.546595,61.501406
1.859915,0.048703,6.263547,1.702359,1.702359,48.448664
3.588072,0.098564,9.876229,2.856325,2.856325,63.652871
3.725777,0.096736,9.473487,1.697539,1.697539,63.342833
4.388192,0.170220,14.073934,2.310024,2.310024,81.579458
4.577132,0.207926,13.830573,2.218095,2.218095,78.554372
5.243661,0.148081,16.346601,4.349379,4.349379,89.203842
3.270724,0.094648,8.050999,2.347521,2.347521,61.748548
6.498120,0.157227,17.731978,3.757130,3.757130,84.541956
3.643872,0.092290,12.266547,3.167320,3.167320,75.493801
9.633250,0.194696,35.974769,3.120474,3.120474,113.689246
7.133209,0.180842,27.481102,3.682336,3.682336,98.882473
5.497902,0.218412,26.551084,3.537068,3.537068,117.027315
5.442155,0.266432,21.712019,3.952944,3.952944,92.539507
5.746758,0.235884,15.749738,4.503060,4.503060,83.846019
3.802611,0.168836,17.263096,5.351830,5.351830,83.577641
2.484867,0.265621,8.630655,5.715817,5.715817,46.698932
2.461194,0.103798,8.787187,3.161117,3.161117,70.966346
2.827679,0.079941,9.838803,2.922263,2.922263,187.475781
2.004460,0.090558,5.722485,5.982128,5.982128,47.554038
1.867626,0.033516,6.903246,4.541465,4.541465,40.024463
3.021590,0.066928,9.752283,3.401458,3.401458,57.710168
5.748148,0.335996,14.133100,1.294585,1.294585,76.193557
8.386129,0.779941,20.499039,2.369835,2.369835,112.787959
8.584408,0.787171,23.631593,1.160573,1.160573,113.639002
7.046912,0.801914,19.202211,1.287671,1.287671,97.164613
3.738063,0.236371,8.154477,0.852746,0.852746,76.919966
3.803031,0.169868,8.730082,1.208018,1.208018,84.594984
3.419478,0.140576,8.558452,1.510708,1.510708,83.500583
2.876480,0.114338,8.118041,1.691066,1.691066,85.565507
2.983442,0.133244,7.374856,2.176190,2.176190,83.424095
2.627777,0.093566,7.588141,0.959186,0.959186,73.483685
2.673294,0.119333,7.632903,1.561401,1.561401,78.553734
2.101284,0.120593,5.389065,1.356745,1.356745,74.616749
2.626151,0.101339,6.829715,1.663247,1.663247,76.340335
4.452007,0.143947,12.891960,2.446110,2.446110,90.725773
2.085245,0.095996,5.430312,1.695197,1.695197,74.334072
1.949808,0.057565,5.182305,1.120303,1.120303,47.985132
1.800035,0.039590,4.969075,1.783328,1.783328,33.468009
2.276789,0.042687,6.232959,1.087219,1.087219,30.747967
2.443004,0.062587,6.908965,1.488262,1.488262,76.975595
2.348665,0.095599,6.803516,1.458751,1.458751,71.259537
2.683991,0.083360,6.795478,1.325559,1.325559,71.788518
2.483784,0.086202,6.888021,2.596032,2.596032,71.746117
2.592334,0.083508,6.631171,2.059167,2.059167,69.829498
3.033444,0.082562,6.649138,1.409550,1.409550,71.109321
3.756078,0.066044,7.156236,1.976884,1.976884,76.243400
2.638186,0.089925,6.769056,2.939762,2.939762,43.832048
2.608353,0.082545,6.207097,1.999936,1.999936,68.433439
2.647870,0.085210,7.848776,1.825667,1.825667,67.554763
3.259153,0.109448,9.488904,2.104022,2.104022,73.434915
2.478426,0.110575,6.666893,2.397946,2.397946,41.990368
1.957366,0.058655,5.216953,1.363677,1.363677,27.668824
2.439201,0.043959,7.643394,2.475089,2.475089,33.681473
2.543974,0.039299,5.059677,1.667251,1.667251,27.591710
4.924188,0.082209,20.528925,5.968770,5.968770,56.376376
6.465740,0.149521,20.739944,2.277001,2.277001,90.807567
3.872765,0.171777,10.241093,2.073706,2.073706,65.928516
3.382345,0.135011,10.674349,4.337597,4.337597,70.631806
4.732039,0.154885,11.777816,2.652716,2.652716,78.879332
5.479760,0.174910,18.235645,3.273117,3.273117,86.560621
6.661703,0.289170,22.737838,4.100137,4.100137,95.107917
3.309681,0.137339,11.889816,3.376948,3.376948,76.578673
4.206630,0.138885,15.016438,2.205440,2.205440,79.426875
5.200687,0.202999,25.897149,4.080315,4.080315,92.686291
9.349866,0.504724,29.718813,2.580628,2.580628,112.643556
4.349675,0.170458,17.727122,3.225840,3.225840,94.128245
3.463929,0.201810,11.833273,2.630094,2.630094,75.942114
2.050911,0.141549,6.507933,1.677357,1.677357,69.278780
2.338835,0.102964,5.660481,3.346021,3.346021,69.685295
2.670537,0.110055,6.260513,2.274388,2.274388,46.740613
2.936229,0.163621,8.106910,2.040104,2.040104,65.219160
2.562753,0.117018,5.927149,2.528869,2.528869,73.750475
3.096650,0.126560,7.255488,2.117072,2.117072,73.808771
3.086363,0.084965,7.053208,2.563638,2.563638,67.479363
5.017503,0.289234,13.353786,2.496586,2.496586,92.045173
3.958383,0.167939,8.075776,2.059653,2.059653,73.389260
2.907176,0.154126,6.847934,2.168846,2.168846,67.992042
4.799121,0.306564,8.337450,1.776231,1.776231,70.592990
3.236025,0.164367,9.015869,1.752306,1.752306,70.885572
5.425534,0.269281,12.324216,1.991928,1.991928,89.262985
3.364842,0.181355,6.635627,1.952253,1.952253,73.624372
5.263148,0.387712,12.776224,3.249013,3.249013,91.935185
3.462387,0.248790,5.327975,2.250569,2.250569,82.989265
4.831773,0.418085,7.464339,1.306636,1.306636,79.220770
5.116548,0.452764,7.688856,1.304405,1.304405,73.982941
5.298008,0.399337,10.813426,1.776466,1.776466,109.901078
3.811313,0.299924,6.375293,1.578824,1.578824,112.940312
6.156976,0.671950,14.770888,1.484704,1.484704,125.579364
7.152300,0.643914,12.091831,2.501697,2.501697,394.284954
5.209472,0.628503,9.636076,0.477544,0.477544,56.437595
5.904613,0.590316,12.719587,1.436600,1.436600,107.229648
4.609273,0.526742,8.940679,1.843147,1.843147,93.743047
2.770276,0.426228,5.900297,1.470047,1.470047,77.080181
2.275542,0.455338,8.062145,0.570824,0.570824,76.506384
1.840969,0.163064,5.241569,0.992887,0.992887,46.050822
1.927725,0.083301,4.512243,0.658542,0.658542,35.078264
2.242744,0.115335,4.404033,0.661742,0.661742,32.414723
2.777373,0.095633,6.523840,1.168115,1.168115,69.512963
3.750778,0.284088,10.417388,1.317773,1.317773,106.362324
5.207522,0.269865,8.194592,1.043667,1.043667,81.233577
2.543664,0.168114,6.713871,1.366886,1.366886,75.402119
2.202959,0.349446,5.355278,1.260113,1.260113,40.380746
1.391789,0.147512,3.925498,1.333838,1.333838,68.398651
1.540660,0.125961,4.496086,0.588371,0.588371,30.659007
1.172361,0.097384,3.941277,0.771278,0.771278,30.825504
1.010321,0.051187,2.756904,0.838383,0.838383,20.515236
1.082931,0.066496,2.530604,1.031526,1.031526,23.225896
1.791791,0.081859,5.499153,1.839543,1.839543,39.835556
1.335632,0.057757,3.032029,1.067899,1.067899,65.035257
1.353278,0.060199,2.951810,0.475200,0.475200,24.686606
2.507008,0.095896,4.334925,1.471579,1.471579,68.472492
2.066034,0.075264,4.699027,1.378041,1.378041,65.542691
2.659111,0.090994,5.343427,1.821349,1.821349,72.991783
2.114959,0.080783,4.012471,1.429536,1.429536,63.283563
2.041802,0.063941,4.593854,1.579858,1.579858,65.119415
2.715147,0.110906,6.067045,1.507862,1.507862,70.617852
3.176920,0.145280,6.832511,1.504628,1.504628,76.703335
3.067941,0.127594,5.237798,1.251850,1.251850,70.844373
2.704455,0.146276,4.644256,1.348613,1.348613,65.745723
3.400959,0.146391,6.465845,1.655749,1.655749,72.755703
3.826663,0.140512,7.002191,1.397766,1.397766,67.644789
2.746263,0.108682,5.209033,1.720059,1.720059,62.818219
2.616266,0.163275,5.103670,1.348760,1.348760,69.341299
2.583075,0.139762,5.324911,1.443509,1.443509,69.868727
3.427790,0.181205,5.993928,1.374248,1.374248,73.120986
2.767447,0.152078,5.049264,1.853203,1.853203,62.147007
3.937893,0.169000,5.904678,1.322096,1.322096,62.581263
5.366879,0.357673,15.539702,1.519024,1.519024,103.401430
6.318124,0.384452,16.895369,2.170098,2.170098,101.562662
5.913351,0.365430,18.104812,2.673349,2.673349,93.284440
3.546733,0.130655,8.122829,1.961311,1.961311,68.522826
3.824992,0.165254,8.504279,1.704105,1.704105,70.572854
5.169735,0.159697,8.319138,2.179583,2.179583,66.204572
3.679111,0.112422,7.223205,1.978478,1.978478,66.751177
3.048753,0.087494,9.481591,2.363921,2.363921,69.958310
2.860057,0.085787,6.353635,1.750742,1.750742,60.208744
4.494620,0.131931,7.971124,1.295233,1.295233,67.598975
5.956034,0.194153,15.320993,2.593280,2.593280,94.742684
5.827836,0.216409,13.844447,2.259113,2.259113,73.212156
5.718682,0.230392,15.549199,2.026010,2.026010,83.067446
3.535392,0.116927,7.371923,1.772536,1.772536,62.077632
5.555742,0.234482,15.360900,3.065053,3.065053,88.250102
3.165710,0.085110,7.620767,2.923549,2.923549,66.264945
2.711305,0.079083,6.339199,2.516288,2.516288,66.633243
3.712729,0.072265,7.831555,2.184877,2.184877,69.011727
2.516448,0.070050,8.599831,2.486501,2.486501,70.770339
2.664850,0.101184,8.028825,2.353930,2.353930,66.368533
2.625655,0.074567,7.351158,2.616819,2.616819,68.524989
1.831095,0.070535,5.767742,2.228308,2.228308,60.160073
2.979673,0.085599,9.575439,2.904686,2.904686,70.528842
2.179525,0.097514,4.611595,2.223062,2.223062,31.563670
1.985539,0.051071,5.466042,3.030141,3.030141,34.242080
1.714334,0.045697,4.329417,3.051086,3.051086,32.818618
1.738455,0.048910,4.659746,1.811180,1.811180,29.020157
2.461893,0.047102,7.194031,2.482504,2.482504,66.719404
2.100599,0.049842,7.265865,2.441136,2.441136,66.772235
2.502368,0.097205,6.412107,2.741695,2.741695,67.669669
2.751040,0.073777,8.347923,3.016281,3.016281,65.150286
2.611672,0.059528,5.952167,3.493888,3.493888,42.131067
2.092758,0.035488,4.903373,2.567094,2.567094,65.158219
1.597598,0.045640,6.180948,2.205798,2.205798,34.082509
1.962902,0.035802,4.244295,2.391904,2.391904,32.527190
2.148022,0.038896,5.934695,2.836232,2.836232,60.435254
2.397692,0.052597,6.649046,2.906255,2.906255,38.564209
1.836704,0.039218,4.788483,3.042628,3.042628,56.847480
1.768896,0.032604,5.054573,3.010108,3.010108,59.009849
2.021871,0.044139,5.689321,2.167627,2.167627,66.964705
2.110439,0.047548,9.071597,3.991761,3.991761,42.987707
2.438402,0.049277,6.626785,2.579078,2.579078,63.698662
3.431517,0.129098,9.358356,3.218736,3.218736,67.017250
6.445931,0.271592,10.843592,3.205365,3.205365,79.334124
3.668545,0.127395,9.053767,2.450064,2.450064,72.470906
4.987709,0.255328,19.503775,3.254649,3.254649,92.643834
7.109879,0.359826,17.179385,3.275738,3.275738,90.771614
9.063379,0.421615,29.565265,2.466599,2.466599,101.710332
7.419955,0.200139,14.035079,5.000931,5.000931,93.823637
10.735412,0.377459,27.142636,3.130718,3.130718,101.452829
4.528052,0.224587,13.670415,4.771149,4.771149,86.930554
4.820888,0.182815,12.895483,4.306557,4.306557,88.064391
4.089595,0.103689,12.176923,4.479995,4.479995,79.048462
4.819735,0.138572,13.267867,4.599359,4.599359,82.402144
9.205106,0.217892,25.223011,5.238840,5.238840,111.894770
5.010608,0.156644,14.917001,4.309483,4.309483,93.866445
5.421936,0.147219,13.123808,5.897615,5.897615,87.691271
4.629992,0.166183,14.175573,5.263631,5.263631,87.799087
9.446651,0.273140,25.487833,4.071085,4.071085,100.095699
5.589571,0.274605,16.764935,5.323327,5.323327,97.696516
5.997490,0.251818,21.593367,6.521037,6.521037,101.162214
2.683193,0.078631,8.191243,4.314828,4.314828,71.422756
2.522524,0.112560,7.346546,4.894949,4.894949,72.749819
2.664144,0.070495,8.155154,5.384830,5.384830,44.043883
2.518213,0.046309,6.492933,4.439475,4.439475,39.314705
2.068873,0.048410,6.055561,7.467248,7.467248,43.141733
2.112653,0.032526,6.665829,3.977124,3.977124,66.192471
2.137546,0.049972,4.789998,4.311388,4.311388,35.780795
1.396796,0.028908,6.390041,4.545622,4.545622,38.007950
2.151812,0.038006,5.277633,5.402899,5.402899,36.948769
1.595630,0.034877,4.148346,4.038935,4.038935,32.924152
1.415564,0.030191,4.376044,3.117491,3.117491,35.663764
1.131218,0.021937,3.540359,3.273652,3.273652,31.004469
1.380628,0.029972,5.252633,3.675867,3.675867,33.204114
1.255014,0.027083,4.569006,3.510909,3.510909,31.952533
2.345543,0.055905,8.914039,6.238931,6.238931,48.398144
1.778082,0.069411,4.600150,4.222905,4.222905,48.256234
1.223289,0.024139,4.322999,3.044196,3.044196,31.491334
1.189597,0.015750,3.992263,3.479839,3.479839,30.081957
2.514169,0.035756,10.087558,4.609905,4.609905,53.773409
1.805757,0.034162,4.917779,3.925974,3.925974,32.553792
1.745438,0.032724,4.578780,2.940484,2.940484,32.438831
3.013370,0.035632,4.254058,3.329850,3.329850,66.484387
3.507755,0.059252,9.904759,4.660860,4.660860,60.958234
2.819125,0.046525,8.396566,3.790591,3.790591,71.286962
2.508266,0.057649,6.007918,4.110475,4.110475,65.084134
2.684022,0.067699,6.861421,2.933508,2.933508,37.653645
3.771641,0.082888,10.077127,3.399508,3.399508,88.451188
1.943004,0.044924,4.554375,4.218288,4.218288,64.164490
2.588523,0.047845,6.157806,3.213375,3.213375,64.919825
2.820192,0.042423,5.226509,3.069050,3.069050,64.640397
2.572343,0.055163,6.312419,3.985263,3.985263,62.203207
2.695640,0.049601,7.432908,5.255495,5.255495,35.414777
3.064659,0.060381,6.018380,3.218266,3.218266,61.850078
2.909150,0.062771,7.155374,4.178567,4.178567,32.911632
2.947719,0.062685,7.341164,5.264999,5.264999,69.697468
2.931886,0.090331,10.326602,5.642223,5.642223,41.160760
2.726974,0.060552,8.522260,4.547334,4.547334,66.518836
3.755871,0.086105,10.247318,3.778776,3.778776,70.415462
4.548465,0.147231,13.334055,5.106515,5.106515,79.885613
3.287464,0.074817,11.457871,3.052186,3.052186,72.982702
4.337076,0.127482,16.475359,4.793259,4.793259,81.131436
6.096086,0.300484,29.480033,3.387403,3.387403,102.612484
6.446197,0.256915,24.122369,3.527818,3.527818,99.396622
6.488675,0.323825,27.015824,3.829428,3.829428,96.737582
4.746757,0.211781,17.536438,4.501185,4.501185,94.614540
3.739651,0.178826,12.764440,3.318111,3.318111,76.452317
3.191457,0.139166,12.216014,4.172177,4.172177,78.409845
3.134449,0.100529,10.396721,4.470097,4.470097,73.512511
2.620574,0.085281,10.130125,3.951713,3.951713,70.464034
2.805166,0.110646,9.940606,3.556771,3.556771,74.073179
2.795034,0.115757,7.593425,3.837066,3.837066,71.750433
3.591957,0.091673,13.051618,3.624778,3.624778,83.115699
1.678947,0.079464,5.404329,2.892591,2.892591,40.245646
2.505776,0.220287,13.151850,3.521460,3.521460,82.417698
3.140485,0.109376,7.976977,2.765438,2.765438,69.823292
4.467651,0.162264,8.758291,2.438612,2.438612,74.485679
9.113341,0.548409,19.884420,2.105044,2.105044,99.843360
9.440385,0.783720,23.810036,1.649760,1.649760,113.456928
10.491580,0.853597,31.125260,2.694872,2.694872,119.107230
10.491495,0.505204,26.635850,3.582024,3.582024,121.744984
6.639075,0.279099,17.556246,3.164322,3.164322,113.743102
6.978569,0.361958,18.185060,2.775406,2.775406,119.236530
6.049335,0.368535,18.530409,3.327815,3.327815,122.157522
6.249574,0.500690,19.401362,3.002440,3.002440,122.327399
4.547003,0.413005,13.562527,2.828227,2.828227,110.434553
6.486225,0.570567,19.759681,4.784021,4.784021,126.251361
4.501689,0.327325,16.781983,2.367589,2.367589,121.817824
4.329052,0.322792,11.622426,2.580805,2.580805,112.846669
8.752149,0.367417,18.846350,2.889555,2.889555,129.725996
9.328780,0.517437,18.218835,2.929164,2.929164,131.208538
10.683639,0.519493,26.599022,5.488055,5.488055,145.666511
5.617917,0.329607,17.314009,5.146975,5.146975,131.313621
7.890809,0.508390,31.309204,3.931928,3.931928,146.024349
10.690013,0.405865,33.721821,4.960479,4.960479,157.054566
10.190629,0.366563,27.020715,5.779089,5.779089,141.140732
5.926729,0.181948,17.167670,5.337136,5.337136,128.604842
6.503350,0.295303,19.432702,6.930122,6.930122,139.931706
10.197101,0.391853,27.674229,4.226921,4.226921,148.825115
5.157059,0.216506,15.758018,4.705693,4.705693,129.760253
6.471509,0.228425,14.578498,3.986271,3.986271,120.991051
3.505715,0.362360,8.664707,4.969284,4.969284,122.158897
2.889778,0.168015,8.233601,4.326622,4.326622,111.456391
1.615900,0.071316,5.896215,3.576525,3.576525,105.391685
1.479228,0.084273,5.824982,4.200727,4.200727,108.659172
2.227062,0.088112,6.542630,6.083906,6.083906,103.748122
6.175807,0.170483,24.627428,5.171476,5.171476,142.072054
3.732520,0.101177,11.938425,4.794466,4.794466,116.526522
4.895717,0.138719,16.911966,7.308677,7.308677,130.529268
10.884976,0.333114,31.825167,5.257656,5.257656,154.535148
5.387394,0.147288,20.817805,7.479991,7.479991,131.551811
4.579254,0.266914,18.694142,6.962570,6.962570,130.227140
2.817623,0.275075,8.745919,5.944793,5.944793,63.481220
2.165904,0.182508,8.283880,5.631897,5.631897,61.690395
1.552138,0.084122,4.949583,4.972682,4.972682,50.020125
3.937721,0.169037,11.884906,2.973105,2.973105,131.325498
1.377104,0.081176,4.740820,3.735165,3.735165,49.882453
1.511114,0.133882,5.951286,5.535531,5.535531,43.303755
2.336945,0.092159,6.865706,6.147295,6.147295,49.536238
8.939778,0.213886,29.684132,8.154102,8.154102,132.567855
12.070482,0.315644,40.193873,7.510917,7.510917,150.917717
6.383071,0.174121,21.926114,6.783273,6.783273,120.505022
12.464668,0.383419,24.784419,8.209828,8.209828,138.950147
6.276819,0.207447,21.724404,8.826004,8.826004,131.295174
4.905109,0.170786,14.041875,8.627834,8.627834,114.752934
5.307750,0.269646,15.867854,8.686239,8.686239,127.679211
11.244965,0.249619,34.947345,8.778544,8.778544,149.726958
7.496040,0.188758,24.101197,8.857810,8.857810,128.671778
8.363113,0.179537,24.696370,10.045923,10.045923,135.748008
8.731539,0.251680,28.519659,10.044675,10.044675,133.870966
12.399635,0.516290,38.215598,8.125407,8.125407,156.149755
11.301789,0.526400,44.682082,7.556200,7.556200,182.611824
7.617298,0.389367,26.808431,11.657012,11.657012,139.394679
7.206734,0.235568,25.129331,6.817950,6.817950,130.585159
6.597894,0.290501,23.702651,8.115459,8.115459,136.279347
6.763065,0.295860,21.239999,8.921133,8.921133,133.334627
7.530488,0.386997,22.925227,7.558366,7.558366,137.777833
5.618262,0.408162,24.335711,5.717657,5.717657,132.899643
5.941327,0.449060,24.136675,5.999242,5.999242,137.618980
11.623898,0.612871,35.472236,6.330713,6.330713,161.581590
13.398642,0.731249,41.981620,14.639388,14.639388,198.359599
10.253088,0.401401,33.856355,8.800385,8.800385,172.231122
10.220171,0.351058,31.957998,5.263785,5.263785,176.584872
5.222531,0.413943,19.485706,8.941548,8.941548,154.730993
4.003765,0.394378,15.834597,11.009005,11.009005,153.218853
3.038482,0.215370,9.469897,6.345078,6.345078,134.966321
2.443247,0.155316,7.361459,4.573701,4.573701,119.727122
5.669780,0.265825,15.331960,4.096400,4.096400,143.654628
2.730938,0.104898,9.168577,5.049646,5.049646,136.226607
3.200566,0.295459,10.439992,7.438266,7.438266,71.176788
3.429667,0.128866,13.465765,9.372858,9.372858,138.542462
6.822090,0.186309,25.907580,11.953490,11.953490,163.067396
8.315614,0.304146,27.324266,10.850167,10.850167,166.739154
8.788549,0.314902,28.139109,6.993901,6.993901,160.449369
13.821251,0.369753,42.046635,9.805847,9.805847,190.220853
6.871802,0.317324,27.332941,6.449868,6.449868,156.164522
7.134879,0.309838,26.307368,8.244748,8.244748,163.699756
7.175235,0.401869,25.179873,11.829316,11.829316,178.462726
7.212300,0.359352,24.140810,8.367035,8.367035,166.785949
6.994959,0.390287,35.020556,9.551935,9.551935,188.251596
7.371348,0.344985,29.125703,11.284039,11.284039,179.939112
8.451860,0.287647,24.090090,10.375652,10.375652,170.946063
8.576173,0.300397,24.422135,10.405488,10.405488,176.087464
7.883873,0.403897,25.159269,10.200450,10.200450,174.149217
4.105579,0.351414,15.878694,8.650270,8.650270,163.580591
3.313146,0.361660,13.616268,9.199528,9.199528,163.425181
4.957198,0.216037,25.787586,10.409397,10.409397,164.842694
9.416101,0.466424,36.691156,12.959735,12.959735,184.132959
13.970845,0.716085,39.516961,15.251743,15.251743,195.628388
6.654471,0.356910,27.498317,13.557210,13.557210,164.966495
3.552683,0.394635,19.375921,14.598868,14.598868,158.779418
3.716334,0.355342,17.104825,9.373753,9.373753,90.352392
4.100819,0.324870,14.701665,6.146431,6.146431,142.874540
2.768348,0.273511,9.202363,6.880700,6.880700,140.374945
2.887512,0.141999,11.208829,11.293671,11.293671,131.888129
2.350337,0.098868,13.355486,10.376664,10.376664,82.148808
3.947723,0.076442,17.646968,9.610057,9.610057,138.906702
7.300415,0.061108,32.286320,12.730899,12.730899,161.580882
6.959747,0.130850,27.316894,12.038943,12.038943,159.485705
9.035369,0.380591,33.734511,12.539750,12.539750,179.054705
6.681474,0.384503,31.753045,9.617753,9.617753,163.056523
6.727894,0.343388,30.217420,9.551684,9.551684,159.967187
4.028819,0.319488,18.048724,7.466761,7.466761,143.462325
3.601686,0.156017,17.490474,9.068897,9.068897,133.902068
2.386924,0.098915,11.143197,6.611184,6.611184,130.906255
3.585686,0.090038,15.455007,8.507132,8.507132,131.062926
12.500547,0.265794,42.800852,8.730447,8.730447,181.056456
7.093274,0.280491,28.549651,9.881178,9.881178,167.549416
7.375042,0.311759,26.710061,11.115800,11.115800,179.785937
7.739886,0.382432,30.949106,9.243847,9.243847,174.403424
3.677727,0.434715,19.813656,9.374599,9.374599,160.591509
2.276623,0.456214,11.173303,6.591360,6.591360,80.808848
1.986039,0.234017,8.323173,7.094819,7.094819,69.547041
2.633884,0.232430,21.697975,7.195434,7.195434,85.911151
2.516104,0.140207,9.719464,8.693490,8.693490,122.018104
5.260997,0.328271,25.946870,12.565652,12.565652,148.497626
11.883243,0.343796,40.719063,10.102401,10.102401,169.956849
11.805591,0.849000,28.402474,9.401344,9.401344,158.822924
7.903504,0.380289,30.120564,10.779564,10.779564,172.563261
4.277834,0.405498,18.170399,10.777905,10.777905,146.378997
2.086122,0.190107,11.635737,6.037910,6.037910,70.388721
3.459768,0.194575,14.984434,8.996690,8.996690,68.526652
3.100332,0.108448,16.807131,8.842746,8.842746,72.138431
4.787181,0.133172,15.864803,7.023320,7.023320,118.731600
4.105358,0.107386,15.914271,5.303351,5.303351,74.594518
3.664513,0.127546,15.482753,5.502311,5.502311,68.984016
2.769068,0.140418,10.501170,6.249066,6.249066,111.605277
4.910399,0.236341,21.906758,8.608384,8.608384,126.477548
3.900112,0.215723,12.888785,7.768455,7.768455,75.575224
2.774554,0.123604,13.822902,9.339683,9.339683,118.631290
3.124589,0.128562,13.963672,11.213323,11.213323,121.186137
5.944828,0.202300,26.473438,10.539954,10.539954,130.443246
6.042737,0.126467,21.971715,9.292378,9.292378,132.385379
7.242532,0.225989,25.050763,9.711147,9.711147,132.520044
3.766307,0.338349,16.338777,7.984467,7.984467,128.780493
2.941011,0.270444,13.057091,8.255930,8.255930,112.847566
4.087132,0.184645,15.824019,7.671800,7.671800,132.509187
7.057299,0.400669,31.674352,8.869149,8.869149,149.311665
4.429829,0.183186,16.222298,6.167088,6.167088,125.013907
6.213277,0.249975,18.940264,7.467772,7.467772,122.544497
5.263453,0.298159,20.533541,8.122882,8.122882,122.779636
3.675362,0.187491,19.556907,7.975147,7.975147,129.605147
3.624392,0.151371,15.275458,9.034489,9.034489,115.945607
5.749226,0.201430,22.992025,8.246264,8.246264,125.957978
8.702989,0.473188,30.412110,10.316061,10.316061,136.636055
5.002578,0.203837,26.666639,10.764868,10.764868,131.012207
5.206375,0.401124,25.379464,8.100427,8.100427,128.338438
6.095110,0.305623,20.995691,7.423844,7.423844,127.397916
4.696180,0.202748,17.096812,7.056651,7.056651,121.363639
4.403979,0.194104,14.249413,7.349095,7.349095,122.630774
5.672217,0.259680,24.980172,8.174513,8.174513,135.094012
9.292525,0.414088,35.495484,9.551726,9.551726,143.359658
4.024194,0.257808,16.248917,8.610284,8.610284,126.082555
3.162391,0.160043,13.462842,8.208211,8.208211,115.530206
7.493123,0.284080,23.472873,7.007806,7.007806,81.346017
5.729310,0.196256,14.694477,5.821861,5.821861,124.543453
5.952220,0.269272,21.740913,6.780272,6.780272,125.940005
5.738221,0.380118,24.289006,9.586643,9.586643,137.012270
4.634545,0.242906,17.911251,7.237526,7.237526,133.576934
5.305764,0.230347,16.067146,7.779438,7.779438,127.229977
5.403581,0.285236,17.933277,6.849349,6.849349,129.211100
5.316379,0.315411,23.822968,8.393153,8.393153,135.140034
4.762817,0.311970,13.795415,6.233455,6.233455,126.263352
4.726959,0.270770,13.324678,7.226659,7.226659,121.336702
4.728537,0.270472,12.277991,5.280075,5.280075,111.016933
4.501824,0.286565,13.528240,5.263000,5.263000,119.677072
8.118826,0.305776,24.530581,7.207820,7.207820,139.833565
7.035647,0.374673,19.514556,5.860463,5.860463,135.638707
4.520269,0.404589,12.942646,4.202776,4.202776,126.179971
6.445621,0.534813,22.622546,5.753360,5.753360,127.898393
5.523920,0.237464,15.738742,4.421687,4.421687,126.114924
6.673573,0.293678,23.848609,4.790928,4.790928,124.808337
6.912045,0.247612,26.967231,6.736486,6.736486,132.666729
4.919735,0.174705,14.194480,4.211745,4.211745,120.986277
5.994316,0.260420,19.683284,6.467993,6.467993,129.543543
8.149336,0.360890,23.436963,5.999257,5.999257,131.907394
6.309752,0.252144,18.924534,4.653093,4.653093,126.534730
2.955477,0.311854,12.904199,3.802882,3.802882,116.414570
2.925410,0.249627,9.793974,3.959975,3.959975,106.442289
3.337861,0.219813,8.302628,5.127584,5.127584,103.172122
7.955911,0.414462,35.394132,10.046032,10.046032,157.169891
5.973875,0.265806,14.912612,6.291232,6.291232,121.944962
6.089103,0.315636,18.415362,4.775242,4.775242,124.141173
10.794088,1.045356,44.191281,7.890003,7.890003,181.044164
5.457486,0.499545,19.027591,7.155285,7.155285,131.567954
8.501801,0.418931,28.133305,5.189882,5.189882,148.915987
11.165261,0.468607,26.146210,8.555433,8.555433,142.224635
7.289851,0.335530,21.132904,8.273288,8.273288,138.297428
5.966931,0.262713,16.998488,6.786385,6.786385,131.088174
6.624341,0.234034,21.040351,8.566590,8.566590,136.904008
5.721177,0.155342,18.826598,9.077795,9.077795,137.482528
5.652707,0.218877,18.118657,6.542335,6.542335,132.197201
7.419447,0.306515,24.796919,8.527014,8.527014,144.056460
6.927162,0.230123,21.894763,9.169873,9.169873,141.493645
7.281326,0.302187,20.262555,7.246994,7.246994,137.078812
7.314004,0.364761,21.937125,11.981802,11.981802,148.621975
9.476768,0.492403,28.482947,6.638164,6.638164,159.219388
6.232442,0.331841,23.340624,7.861559,7.861559,137.545764
5.374357,0.302963,18.064151,7.833403,7.833403,128.659540
13.233689,0.386375,30.082107,10.101216,10.101216,157.625422
9.445928,0.278160,28.001538,7.553457,7.553457,151.936104
5.994028,0.260760,27.700390,10.216415,10.216415,152.342776
5.412778,0.304470,19.541881,7.009687,7.009687,137.287933
5.296072,0.314450,19.452422,9.969886,9.969886,142.069525
4.503454,0.255475,16.028143,6.661220,6.661220,130.844008
4.206331,0.290808,16.597677,7.809876,7.809876,131.389656
5.731116,0.166032,18.076881,9.388566,9.388566,137.650466
5.517508,0.148345,18.822600,12.390656,12.390656,138.415080
12.314934,0.358946,40.138826,8.711914,8.711914,187.275205
6.445911,0.242483,20.412551,7.602747,7.602747,138.108938
9.566003,0.229264,22.086765,9.044165,9.044165,149.574059
5.056548,0.182408,18.268729,11.959658,11.959658,144.394372
6.478703,0.265617,21.024362,8.925643,8.925643,153.616214
7.739044,0.272261,34.846687,9.836461,9.836461,179.890153
7.170758,0.352813,26.521094,9.090398,9.090398,153.757724
6.574381,0.219095,25.247549,10.335786,10.335786,153.071974
6.115235,0.198359,20.783170,10.401582,10.401582,162.191694
5.174461,0.287751,18.594338,10.155239,10.155239,140.243257
6.067627,0.259621,18.294721,12.702424,12.702424,152.356144
6.224070,0.258267,27.685191,10.679631,10.679631,163.074954
6.882423,0.501821,27.698080,13.506972,13.506972,168.854976
8.638727,0.407147,31.236176,10.080295,10.080295,165.603565
5.937594,0.363889,29.430379,8.594076,8.594076,161.733987
5.229119,0.366981,29.362139,12.267783,12.267783,185.003347
5.561390,0.321583,26.890478,12.304739,12.304739,184.237010
11.022633,0.896642,45.482907,12.439876,12.439876,195.743145
9.475334,0.361011,33.342551,11.314743,11.314743,193.305478
9.356105,0.410152,31.961665,14.194931,14.194931,197.993893
15.526297,0.843589,51.910862,15.449208,15.449208,228.779148
9.497898,0.308717,34.582868,14.800106,14.800106,198.087389
9.024213,0.384628,33.418977,17.154849,17.154849,199.191427
7.599361,0.222307,32.823207,13.569686,13.569686,198.554464
9.720029,0.237055,32.299117,13.183756,13.183756,190.089322
8.195544,0.230169,34.095110,12.613373,12.613373,187.821001
11.787572,0.300836,30.727594,17.136955,17.136955,197.890809
9.827426,0.222308,36.267144,11.647559,11.647559,202.729648
8.521212,0.220529,29.265683,11.317931,11.317931,185.097715
9.708305,0.188448,28.104239,16.364736,16.364736,195.124441
7.963782,0.219346,40.068368,11.198142,11.198142,199.120830
7.891749,0.214513,30.571254,14.134440,14.134440,187.883870
16.726813,0.574758,32.736010,14.359877,14.359877,206.935402
17.826281,0.377109,39.950303,15.717135,15.717135,211.946695
8.847622,0.278374,31.432806,17.155324,17.155324,198.436114
9.638021,0.277981,30.513108,16.171575,16.171575,204.566545
10.537067,0.409702,32.028874,16.809509,16.809509,217.023093
6.862157,0.436145,27.561190,14.153711,14.153711,197.101560
4.701478,0.313530,21.788128,15.848957,15.848957,191.633249
3.603318,0.289006,12.507459,10.626358,10.626358,175.460727
3.827152,0.237766,17.455969,7.198101,7.198101,176.882281
3.493037,0.179498,15.559628,8.962843,8.962843,184.920112
2.561551,0.145074,11.640532,9.248292,9.248292,98.691820
1.436859,0.084828,6.031311,6.243802,6.243802,75.518246
2.132745,0.109506,8.025314,8.512209,8.512209,78.726649
2.794564,0.081252,8.196701,7.657066,7.657066,75.750971
1.952831,0.062601,9.238880,7.252141,7.252141,80.156581
2.290417,0.069475,8.504595,7.364524,7.364524,68.866283
2.694600,0.110165,10.252501,8.168760,8.168760,74.978023
2.957619,0.090958,12.301325,7.781748,7.781748,78.425545
3.510975,0.079431,16.031122,9.729414,9.729414,171.617701
4.111458,0.238665,14.022959,8.282719,8.282719,174.034750
5.322968,0.177782,30.645630,8.875246,8.875246,205.858268
4.418163,0.205171,17.290477,6.844040,6.844040,195.087564
4.494111,0.197931,18.230109,11.075393,11.075393,196.586582
3.721638,0.191534,16.505972,3.737611,3.737611,187.113454
3.841135,0.314971,10.345792,6.928687,6.928687,172.310779
3.369364,0.248747,9.120120,8.380019,8.380019,180.506532
2.888282,0.168483,8.715562,4.079138,4.079138,180.356682
3.903963,0.205927,13.883141,6.018876,6.018876,174.294797
8.406945,0.414799,33.133168,13.426565,13.426565,212.718566
5.206162,0.232020,18.133913,12.297036,12.297036,195.383747
5.420239,0.227992,18.928149,14.060376,14.060376,178.168078
5.959087,0.288448,25.091469,5.556141,5.556141,184.852878
5.673756,0.256622,22.914987,11.932211,11.932211,171.420662
7.271751,0.298056,28.957502,10.057419,10.057419,184.405498
6.680900,0.395378,27.776635,9.275774,9.275774,171.053864
7.167799,0.459399,26.262358,10.111395,10.111395,178.162045
4.265489,0.409543,12.418035,8.121787,8.121787,141.281485
2.795593,0.220088,10.838978,6.174519,6.174519,76.409369
4.307232,0.215046,9.908959,7.480508,7.480508,72.229533
2.996038,0.194124,12.616002,7.768491,7.768491,133.049415
2.159786,0.171229,9.935230,6.128519,6.128519,69.833596
1.665439,0.116482,6.668123,3.872795,3.872795,69.502807
1.520288,0.125943,5.415628,2.905399,2.905399,43.243714
1.242993,0.076148,5.051643,3.193736,3.193736,48.695446
1.153439,0.073610,5.630878,3.507848,3.507848,37.558834
0.926844,0.053500,3.831584,3.849409,3.849409,38.912260
0.993697,0.034087,3.524269,4.157877,4.157877,28.952184
0.696078,0.024430,3.280916,3.900963,3.900963,28.782128
0.717381,0.034881,3.739961,4.767329,4.767329,29.427473
1.237569,0.048782,8.922334,7.317977,7.317977,43.312734
1.392793,0.052130,7.690535,3.995810,3.995810,31.701739
1.982489,0.050406,6.080557,4.510228,4.510228,35.521186
1.912151,0.068315,7.496728,4.549333,4.549333,31.072645
2.250286,0.082827,7.968602,4.710588,4.710588,32.023029
2.096946,0.072649,9.518119,9.012153,9.012153,99.373794
2.143794,0.080891,9.279720,6.445654,6.445654,37.785542
2.434056,0.086981,9.222336,8.804059,8.804059,103.965851
2.810491,0.101899,11.096003,8.167014,8.167014,109.501513
3.551607,0.131118,15.420111,6.691647,6.691647,112.944913
4.886611,0.221513,22.562010,8.723768,8.723768,128.356480
4.082600,0.202114,16.315556,8.238808,8.238808,136.230096
6.420926,0.291844,19.858236,10.481563,10.481563,136.436849
3.905323,0.161193,14.219022,6.567187,6.567187,119.159153
11.145255,0.351716,33.877377,9.357206,9.357206,145.330141
6.592591,0.147495,26.666152,8.047022,8.047022,133.058419
5.688115,0.179203,21.093705,8.263958,8.263958,136.873924
4.904552,0.209037,17.384870,8.292341,8.292341,131.271640
9.665124,0.331793,37.198612,9.070020,9.070020,156.661900
12.889999,0.309424,36.272521,11.853936,11.853936,183.987131
12.737149,0.419739,48.654027,5.411708,5.411708,177.665862
9.618154,0.298019,40.159584,7.089299,7.089299,158.895868
7.263268,0.255672,27.842875,11.987891,11.987891,143.842538
13.712054,0.304492,33.175587,8.472049,8.472049,156.134711
13.818392,0.289064,34.140140,9.807219,9.807219,150.153399
16.033487,0.606308,49.764527,11.371215,11.371215,176.485295
7.403053,0.196867,23.166477,9.146983,9.146983,130.287506
7.223879,0.109718,23.906929,8.322929,8.322929,129.988908
7.604241,0.187765,18.571084,9.118750,9.118750,136.090337
8.238595,0.164755,18.744569,8.528293,8.528293,121.847288
5.471105,0.142971,18.287417,8.402725,8.402725,83.674159
5.843647,0.121856,16.166746,8.755780,8.755780,82.171306
5.212796,0.080406,15.386421,6.559047,6.559047,74.730208
6.136369,0.077429,15.520746,7.307900,7.307900,78.148521
5.188807,0.081347,16.002053,7.556054,7.556054,72.798641
5.344567,0.070093,13.665037,6.854432,6.854432,70.661080
8.850304,0.096945,30.402590,7.923042,7.923042,104.502098
8.417641,0.034068,23.083290,6.430334,6.430334,76.930710
5.039877,0.033354,18.551764,7.436635,7.436635,71.796939
9.791158,0.045226,28.981053,7.918915,7.918915,82.669643
9.383420,0.023074,22.081429,6.963931,6.963931,78.019737
6.254390,0.028044,14.143204,8.108863,8.108863,69.241630
9.419732,0.040310,28.949479,8.659419,8.659419,75.567339
