1413394887055760384.000000 2.339944839 -1.912677526 -26.412019730 -0.546743691 -0.597211957 -0.387751281 0.440520287
1413394888205760512.000000 2.266784668 -1.882530212 -26.086994171 -0.557336748 -0.608842790 -0.388294160 0.409772992
1413394890705760512.000000 1.876595974 -1.314928651 -25.849863052 -0.514697671 -0.530218542 -0.441388458 0.509049118
1413394892155760384.000000 2.004024982 -0.741991699 -25.802274704 -0.500982761 -0.590755463 -0.432013959 0.461939633
1413394894905760512.000000 0.645043492 -2.298952103 -25.864013672 -0.066197298 -0.802720487 -0.045509920 0.590920210
1413394897805760512.000000 0.316400886 -2.710136890 -26.055969238 -0.079238959 -0.798123837 -0.055001937 0.594722211
1413394900655760384.000000 0.338361800 -2.852267027 -25.739757538 0.314426869 -0.733215570 0.167304009 0.579258204
1413394902605760512.000000 1.917654157 -4.456483364 -25.645750046 0.640988052 -0.423462629 0.545060217 0.335742652
1413394904205760512.000000 2.151780605 -4.159543037 -25.800363541 0.600694537 -0.569490910 0.419217438 0.372965157
1413394905655760384.000000 1.836749434 -4.438702106 -25.930910110 0.261782378 -0.847972333 0.158429295 0.432796896
1413394908505760512.000000 1.676574707 -3.378250599 -26.056501389 0.066407382 -0.881267846 0.030361112 0.466942608
1413394908955760384.000000 1.419128180 -3.281091928 -25.910436630 0.088075072 -0.726088047 0.054338541 0.679769278
1413394911455760384.000000 1.754375935 -2.153976202 -25.705810547 -0.013320691 -0.871907234 -0.017624397 0.489172578
1413394912355760384.000000 1.875746846 -1.918984652 -25.852230072 -0.070081703 -0.857538342 -0.065093376 0.505449772
1413394915255760384.000000 0.875829697 -3.123492479 -25.843536377 0.400889695 -0.701438129 0.216139749 0.548229456
1413394915455760384.000000 0.929635644 -3.365242720 -25.878118515 0.460801810 -0.660769463 0.241604179 0.540992558
1413394917355760384.000000 2.226475954 -4.526830196 -26.244367599 0.822720885 -0.190871596 0.516970098 0.139428988
1413394917455760384.000000 2.255874157 -4.589699268 -26.284503937 0.830029428 -0.167507976 0.516709864 0.126503989
1413394917655760384.000000 2.358451366 -4.719711781 -26.350368500 0.826380014 -0.126776889 0.531240642 0.137139216
1413394918255760384.000000 2.931798697 -4.833287239 -26.413894653 0.824991465 -0.080965683 0.552447796 0.087379776
1413394918355760384.000000 3.051980019 -4.807328224 -26.429815292 0.828764379 -0.089648932 0.551015079 0.038665004
1413394918555760384.000000 3.307364702 -4.776425838 -26.450159073 0.827173650 -0.076787360 0.556219697 -0.022519473
1413394918655760384.000000 3.439823389 -4.777975559 -26.455245972 0.827518642 -0.047165327 0.558737814 -0.028293598
1413394918855760384.000000 3.708480597 -4.805027485 -26.456979752 -0.819669724 -0.026023382 -0.572064579 0.014365352
1413394918955760384.000000 3.841667652 -4.818839073 -26.445394516 -0.805495620 -0.055309426 -0.589925289 0.010294531
1413394919155760384.000000 4.081468105 -4.825932503 -26.377880096 -0.782738745 -0.085590348 -0.614405811 0.049999978
1413394919255760384.000000 4.178459644 -4.822173595 -26.319486618 -0.772071123 -0.105032548 -0.622397184 0.074135847
1413394919355760384.000000 4.260888100 -4.819671631 -26.252288818 -0.758744240 -0.134218842 -0.631262124 0.088320538
1413394919555760384.000000 4.370614529 -4.810739994 -26.112709045 -0.748460233 -0.209472612 -0.622778773 0.089861408
1413394919655760384.000000 4.387901306 -4.787916660 -26.054285049 -0.762158692 -0.236407414 -0.592933178 0.107963160
1413394919855760384.000000 4.381208897 -4.704785347 -25.966312408 -0.787050962 -0.268954456 -0.527003407 0.174590617
1413394919955760384.000000 4.384696007 -4.660427570 -25.936128616 -0.788091779 -0.293331742 -0.502475262 0.200963557
1413394920055760384.000000 4.404933929 -4.623219490 -25.916028976 -0.781589568 -0.324387580 -0.483620048 0.223611772
1413394920155760384.000000 4.430883884 -4.579448223 -25.907432556 -0.771003544 -0.358125597 -0.466335922 0.244602814
1413394920255760384.000000 4.462089062 -4.526628971 -25.910387039 -0.755933464 -0.395243824 -0.452369124 0.260209560
1413394920355760384.000000 4.503027439 -4.468812466 -25.921268463 -0.731497943 -0.431645483 -0.452838629 0.271164358
1413394920655760384.000000 4.626364231 -4.247292519 -25.956228256 -0.655404031 -0.510917306 -0.479131490 0.282563478
1413394920855760384.000000 4.667244911 -4.053916931 -25.964286804 -0.645462036 -0.527184606 -0.475233674 0.282149315
1413394920955760384.000000 4.669630051 -3.946201801 -25.974172592 -0.650034368 -0.523812532 -0.469735652 0.287096292
1413394921555760384.000000 4.630081654 -3.192360640 -26.214637756 -0.730449319 -0.411222786 -0.402736574 0.367617756
1413394921655760384.000000 4.667216301 -3.065805197 -26.276298523 -0.716804981 -0.427437037 -0.434094399 0.339190692
1413394922255760384.000000 4.898542404 -2.364440441 -26.500846863 -0.612005711 -0.505478799 -0.466485053 0.390297264
1413394922655760384.000000 4.967000484 -2.045575857 -26.358119965 -0.584547460 -0.580343485 -0.413697988 0.387762457
1413394922855760384.000000 4.972210407 -1.877686501 -26.248189926 -0.596130252 -0.583718896 -0.385685116 0.393888474
1413394922955760384.000000 4.976872921 -1.788512945 -26.192497253 -0.598832488 -0.586903691 -0.380486608 0.390094429
1413394923355760384.000000 4.998394489 -1.356155515 -26.022619247 -0.578426063 -0.591832578 -0.413266242 0.379958600
1413394923455760384.000000 4.993823051 -1.236490846 -25.985073090 -0.582624674 -0.594246805 -0.399724454 0.384239018
1413394923555760384.000000 4.982556820 -1.111870170 -25.947137833 -0.582399786 -0.604828596 -0.380854547 0.387224346
1413394924055760384.000000 4.856463432 -0.424340338 -25.857646942 -0.462037325 -0.678316891 -0.353257686 0.449017674
1413394924555760384.000000 4.599931240 0.224690720 -25.856634140 -0.355736196 -0.734474838 -0.233808100 0.528518856
1413394924655760384.000000 4.549115658 0.350051612 -25.848619461 -0.321977198 -0.750200212 -0.222139820 0.533089399
1413394924755760384.000000 4.498079300 0.472901076 -25.837480545 -0.284975141 -0.763189733 -0.212606147 0.539563954
1413394924855760384.000000 4.445548058 0.591300070 -25.821947098 -0.243916094 -0.770239949 -0.211280674 0.550087214
1413394925405760512.000000 4.139916420 0.969949841 -25.720447540 -0.120677926 -0.805724204 -0.204634890 0.542558789
1413394925605760512.000000 3.984379768 0.976522326 -25.721519470 -0.126474366 -0.806793869 -0.178350940 0.548888803
1413394925955760384.000000 3.666538239 0.881401002 -25.769380569 -0.164281204 -0.802307129 -0.113613121 0.562500775
1413394926755760384.000000 2.804827452 0.535703182 -25.820545197 -0.111646920 -0.818678439 -0.027384672 0.562628448
1413394926955760384.000000 2.557249069 0.466947705 -25.823627472 -0.081218727 -0.815485835 0.057535116 0.570154369
1413394927155760384.000000 2.316049576 0.463395625 -25.851341248 -0.019721052 -0.816086113 0.054214537 0.575043857
1413394927555760384.000000 1.840433359 0.544542670 -25.845926285 0.035081018 -0.823864102 0.023555281 0.565210164
1413394928905760512.000000 0.425127983 0.478115439 -25.675003052 0.040615506 -0.802714586 0.023094114 0.594530404
1413394929105760512.000000 0.289339095 0.432375312 -25.700632095 0.040784147 -0.799439013 0.019995922 0.599027753
1413394929505760512.000000 0.127131313 0.308401734 -25.747192383 0.021118235 -0.793715477 0.046645235 0.606130481
1413394929955760384.000000 0.032889150 0.226428896 -25.776918411 0.028873006 -0.810241461 0.027695017 0.584729195
1413394931055760384.000000 -0.028151348 0.144274920 -26.087074280 0.030730730 -0.797100008 0.007748655 0.603015184
1413394931455760384.000000 -0.088754371 0.120484747 -26.030490875 0.023889173 -0.771249235 0.008010325 0.636034489
1413394932405760512.000000 0.110563666 -0.259273618 -25.858356476 0.215585291 -0.754283249 0.200302869 0.586906016
1413394932805760512.000000 0.284203619 -0.389683247 -25.777818680 0.344417244 -0.702056408 0.270526737 0.561523676
1413394933405760512.000000 0.661800742 -0.450110704 -25.810575485 0.473488808 -0.662693381 0.340581357 0.469734192
1413394934005760512.000000 1.002243519 -0.489434063 -26.043575287 0.552584231 -0.585815489 0.406684250 0.431368560
1413394934155760384.000000 1.087829113 -0.479946077 -26.083288193 0.575727582 -0.564443886 0.422811657 0.413728356
1413394934305760512.000000 1.173378229 -0.468769968 -26.127452850 0.595667422 -0.532034278 0.448417068 0.401300430
1413394935255760384.000000 1.594887137 -0.322756261 -26.422069550 0.635344803 -0.480124414 0.494003117 0.348967820
1413394935455760384.000000 1.643000841 -0.271167785 -26.446207047 0.621741891 -0.484441966 0.491704017 0.370108277
1413394935805760512.000000 1.706333399 -0.132463649 -26.532049179 0.625959754 -0.501565278 0.463711828 0.376268625
1413394936005760512.000000 1.742243290 -0.039353624 -26.534755707 0.627536416 -0.509044349 0.455968708 0.373047501
1413394936205760512.000000 1.785334706 0.058835015 -26.580522537 0.661069512 -0.504653037 0.440270722 0.338340342
1413394936405760512.000000 1.844805598 0.142029196 -26.639286041 0.691652775 -0.435822517 0.482540309 0.314372599
1413394936505760512.000000 1.879920006 0.182125717 -26.663825989 0.712532163 -0.387778878 0.503343046 0.297609180
1413394936705760512.000000 1.958210826 0.272240907 -26.700668335 0.755571365 -0.305448800 0.524440944 0.246525258
1413394936805760512.000000 2.001065016 0.321401447 -26.713106155 0.770220220 -0.275419235 0.531169176 0.220826730
1413394936905760512.000000 2.046817064 0.373532772 -26.722324371 0.783485353 -0.247044951 0.534275293 0.199171945
1413394937205760512.000000 2.216043472 0.545371473 -26.747323990 0.819171131 -0.157239214 0.535184741 0.133460671
1413394937255760384.000000 2.249747276 0.574823022 -26.750516891 0.823197424 -0.147312433 0.535082936 0.119713902
1413394937305760512.000000 2.285268307 0.603887975 -26.753822327 0.826607645 -0.140529454 0.534604251 0.105686530
1413394937455760384.000000 2.401259184 0.685893476 -26.761703491 0.828622818 -0.126163200 0.539595425 0.079397090
1413394937555760384.000000 2.485752344 0.734411120 -26.766199112 0.827128649 -0.120046578 0.544202268 0.072739132
1413394937755760384.000000 2.668580294 0.819327593 -26.774974823 0.820037961 -0.120857552 0.555172324 0.068665430
1413394937955760384.000000 2.860457659 0.884827971 -26.777999878 0.814379930 -0.147168517 0.557116687 0.068904422
1413394938155760384.000000 3.058624744 0.919085741 -26.757453918 0.812559783 -0.191539690 0.546773911 0.064010791
1413394938355760384.000000 3.265923738 0.897165656 -26.675354004 0.805553138 -0.216484904 0.543841183 0.091952644
1413394938455760384.000000 3.371177912 0.866534233 -26.611928940 0.795617044 -0.225987628 0.550455928 0.113672547
1413394938655760384.000000 3.579422951 0.786744118 -26.497280121 0.786346376 -0.251591921 0.539776385 0.164324075
1413394938755760384.000000 3.683314323 0.742756069 -26.457811356 0.782420099 -0.276956737 0.526972950 0.182793170
1413394938855760384.000000 3.788332224 0.696778476 -26.428508759 0.773147404 -0.311488390 0.517227769 0.194148198
1413394939255760384.000000 4.169015884 0.445717603 -26.411506653 0.671785533 -0.472004712 0.517226636 0.241645291
1413394939655760384.000000 4.406041145 0.101566792 -26.406431198 0.648688257 -0.494349957 0.471242905 0.335785538
1413394939855760384.000000 4.498997688 -0.077114895 -26.336114883 0.613054752 -0.538608432 0.483689845 0.316399932
1413394939955760384.000000 4.530050278 -0.170161396 -26.303319931 0.611807585 -0.550276637 0.466229081 0.324834645
1413394940155760384.000000 4.570041180 -0.365347445 -26.274826050 0.614912689 -0.567001045 0.418522835 0.353879809
1413394940255760384.000000 4.585476875 -0.469864577 -26.277685165 0.594695508 -0.582570255 0.414079875 0.368085712
1413394940855760384.000000 4.614911079 -1.131983161 -26.358598709 0.486091733 -0.655460000 0.320276529 0.481154859
1413394940955760384.000000 4.631938457 -1.245625615 -26.341388702 0.470120579 -0.668626249 0.328062028 0.473604232
1413394941105760512.000000 4.656947613 -1.416431308 -26.307338715 0.442562193 -0.700266719 0.340640664 0.444667548
1413394941305760512.000000 4.657010078 -1.644352078 -26.250978470 0.418232203 -0.729577124 0.338850647 0.421875924
1413394941705760512.000000 4.502913475 -2.145377636 -26.092943192 0.452309549 -0.702348113 0.270720720 0.478365421
1413394941855760384.000000 4.437712193 -2.361471176 -26.033271790 0.427442282 -0.706043184 0.283838123 0.488090277
1413394942205760512.000000 4.250045776 -2.857463598 -25.893127441 0.321401864 -0.756529450 0.373515755 0.429941952
1413394942355760384.000000 4.086703777 -3.025313139 -25.815273285 0.285457641 -0.773908556 0.374424905 0.423539072
1413394942505760512.000000 3.855920315 -3.152864218 -25.732147217 0.257445365 -0.784927011 0.345747501 0.445050657
1413394942655760384.000000 3.575840235 -3.245678186 -25.678522110 0.221194476 -0.792434990 0.308081537 0.477708757
1413394942805760512.000000 3.264818668 -3.304127455 -25.661779404 0.196787074 -0.783442557 0.243405372 0.536885977
1413394943255760384.000000 2.432907820 -3.378823280 -25.837408066 0.115136564 -0.722275674 0.039549351 0.680806458
1413394944705760512.000000 2.407967567 -4.151567459 -26.238115311 -0.150904790 -0.844166815 -0.065481380 0.510218024
1413394944905760512.000000 2.386671305 -4.200393200 -26.283918381 -0.227768168 -0.841554165 -0.097369902 0.480028570
1413394945155760384.000000 2.276552916 -4.185209274 -26.361690521 -0.307873398 -0.800362051 -0.178788632 0.482357979
1413394945355760384.000000 2.135922432 -4.127936363 -26.419086456 -0.358969510 -0.754089117 -0.251996100 0.488864541
1413394945505760512.000000 2.013543129 -4.078305721 -26.453655243 -0.404627621 -0.700533986 -0.290003359 0.511299014
1413394945655760384.000000 1.895240545 -4.035344601 -26.489183426 -0.468923122 -0.648220718 -0.298657596 0.520312011
1413394945855760384.000000 1.778123856 -3.981666327 -26.529855728 -0.549142420 -0.586557329 -0.320352852 0.501764178
1413394946055760384.000000 1.731068373 -3.932730675 -26.564243317 -0.614500880 -0.526476324 -0.369619071 0.456719995
1413394946255760384.000000 1.751838088 -3.898650885 -26.582210541 -0.663121700 -0.465525985 -0.433898360 0.394065291
1413394946455760384.000000 1.808850050 -3.885376692 -26.599895477 -0.718285739 -0.382120669 -0.467531502 0.345635355
1413394946655760384.000000 1.907920718 -3.903932810 -26.611232758 -0.755072892 -0.299372375 -0.508920729 0.285027832
1413394946855760384.000000 2.036812782 -3.956291199 -26.617815018 -0.769920707 -0.224208906 -0.563394189 0.198845610
1413394946955760384.000000 2.097532511 -3.990201712 -26.619758606 -0.777549505 -0.180868268 -0.580926716 0.158832610
1413394947055760384.000000 2.149082661 -4.025633812 -26.617767334 -0.783129930 -0.137422100 -0.594868302 0.118128322
1413394947155760384.000000 2.192889690 -4.062188148 -26.607507706 -0.791703403 -0.094537131 -0.598467171 0.078138329
1413394947255760384.000000 2.230624437 -4.098911762 -26.582017899 -0.801751435 -0.052781075 -0.593943894 0.040488638
1413394947355760384.000000 2.258996487 -4.132779598 -26.538799286 -0.799615204 -0.014536747 -0.600293100 0.007241680
1413394947555760384.000000 2.300758362 -4.183445454 -26.418544769 0.799059153 -0.033079822 0.599720657 0.027302578
1413394947655760384.000000 2.313346624 -4.201101303 -26.364618301 0.815783978 -0.042779256 0.575731039 0.034644317
1413394947855760384.000000 2.346802473 -4.224956989 -26.290395737 0.850975871 -0.032755323 0.523526728 0.026210535
1413394948055760384.000000 2.436191797 -4.236384392 -26.197713852 -0.860655844 -0.012556791 -0.509018958 0.003684766
1413394948655760384.000000 2.970678329 -4.212362766 -25.969438553 -0.730737567 -0.084224276 -0.675579727 0.050209269
1413394949155760384.000000 2.980420351 -4.146105289 -25.837678909 -0.846887231 -0.079086989 -0.525409460 0.021732055
1413394949555760384.000000 3.040775299 -3.995217085 -25.851259232 -0.854393005 -0.070838101 -0.514626682 0.012414998
1413394949955760384.000000 3.267648697 -3.737930298 -25.819204330 -0.759412467 -0.050725400 -0.646247745 0.055528570
1413394950055760384.000000 3.287119627 -3.673502207 -25.811498642 -0.760573208 -0.051275834 -0.642167091 0.080750369
1413394950155760384.000000 3.290487766 -3.616073132 -25.804306030 -0.768504620 -0.055099085 -0.627613544 0.111651339
1413394950255760384.000000 3.292485714 -3.575831652 -25.801374435 -0.795834541 -0.063479930 -0.587417483 0.132508472
1413394950355760384.000000 3.281402349 -3.545490742 -25.796625137 -0.826205969 -0.089070395 -0.543754697 0.117392637
1413394950455760384.000000 3.275365114 -3.522877932 -25.787048340 -0.846536517 -0.116186015 -0.511553347 0.090497933
1413394950555760384.000000 3.284153938 -3.499204874 -25.773290634 -0.857452154 -0.132171944 -0.492003858 0.072379045
1413394950655760384.000000 3.311463356 -3.467689514 -25.753822327 -0.856431484 -0.139631867 -0.492934257 0.063592404
1413394950855760384.000000 3.412045717 -3.371728182 -25.691654205 -0.789760172 -0.150968611 -0.589180112 0.079713061
1413394950955760384.000000 3.459166527 -3.313587427 -25.658336639 -0.742572129 -0.159046188 -0.642879307 0.099985734
1413394951055760384.000000 3.485645294 -3.254897118 -25.625625610 -0.703540623 -0.171218649 -0.678908885 0.121644996
1413394951555760384.000000 3.251329422 -3.088791370 -25.483041763 -0.831678987 -0.253965825 -0.462138087 0.173896074
1413394951655760384.000000 3.204340935 -3.065276623 -25.445705414 -0.854704320 -0.257467538 -0.419685572 0.164484128
1413394951755760384.000000 3.188285351 -3.027352571 -25.401584625 -0.866089880 -0.257729381 -0.399182975 0.155295894
1413394951855760384.000000 3.214519501 -2.970248938 -25.342180252 -0.847433686 -0.258492857 -0.438056767 0.152130887
1413394951955760384.000000 3.270395756 -2.899739981 -25.276762009 -0.813570321 -0.253286928 -0.498883158 0.158318445
1413394952155760384.000000 3.402907610 -2.747817278 -25.158535004 -0.739378691 -0.231788725 -0.605614722 0.181173846
1413394952855760384.000000 3.675422668 -2.317730188 -25.009151459 -0.750015378 -0.288197696 -0.557993174 0.207515538
1413394953155760384.000000 3.769532204 -2.174273491 -24.958652496 -0.675800085 -0.272670001 -0.640620112 0.241973877
1413394953255760384.000000 3.760818481 -2.153714895 -24.941762924 -0.666344821 -0.268473089 -0.650802910 0.245687664
1413394953355760384.000000 3.721729279 -2.154684305 -24.901750565 -0.654609978 -0.262362033 -0.663538635 0.249736995
1413394953455760384.000000 3.654389381 -2.176177025 -24.856225967 -0.666637599 -0.263146967 -0.652705967 0.245607510
1413394953555760384.000000 3.567468166 -2.211539745 -24.836120605 -0.717595816 -0.279265702 -0.598512888 0.221018568
1413394953755760384.000000 3.373303890 -2.294581652 -24.906944275 -0.800837517 -0.304398924 -0.486712188 0.170621708
1413394953855760384.000000 3.282580614 -2.326451063 -25.002271652 -0.820910931 -0.308252901 -0.454317480 0.157101676
1413394953955760384.000000 3.218193531 -2.335070133 -25.099922180 -0.817688823 -0.308660716 -0.459616810 0.157689631
1413394954055760384.000000 3.169260263 -2.327219009 -25.194000244 -0.792384803 -0.304285169 -0.500015974 0.171816543
1413394954155760384.000000 3.127891779 -2.308253765 -25.284599304 -0.758988321 -0.298568815 -0.547084510 0.188393280
1413394954255760384.000000 3.084545851 -2.286149502 -25.372350693 -0.722971261 -0.290629596 -0.591833711 0.206348881
1413394954355760384.000000 3.031343699 -2.268304110 -25.456031799 -0.697171748 -0.284311265 -0.620760798 0.218574166
1413394954455760384.000000 2.961373806 -2.258983135 -25.527597427 -0.694569528 -0.279768080 -0.623090267 0.225968078
1413394954655760384.000000 2.777400017 -2.264251709 -25.640405655 -0.774921656 -0.282917678 -0.525529981 0.208020002
1413394954755760384.000000 2.680276871 -2.273617268 -25.695943832 -0.816834807 -0.279776007 -0.465209991 0.195156366
1413394954855760384.000000 2.599808216 -2.276874304 -25.752983093 -0.836836040 -0.275823146 -0.436386079 0.182192937
1413394954955760384.000000 2.543533802 -2.268986940 -25.807983398 -0.823403597 -0.276726484 -0.464193195 0.173071533
1413394955055760384.000000 2.502118826 -2.250262499 -25.865968704 -0.791320384 -0.279227763 -0.513568819 0.179139301
1413394955155760384.000000 2.464255095 -2.224490166 -25.923921585 -0.755085647 -0.286046356 -0.556911051 0.194610760
1413394955255760384.000000 2.419384003 -2.198195457 -25.978963852 -0.720961392 -0.298434496 -0.587127984 0.215481833
1413394955355760384.000000 2.361441851 -2.175786018 -26.027854919 -0.712583184 -0.311244339 -0.578765810 0.245728150
1413394955655760384.000000 2.203919411 -2.152673006 -26.089078903 -0.792723000 -0.355076879 -0.407045543 0.282532573
1413394955755760384.000000 2.191414356 -2.144332170 -26.084268570 -0.789770126 -0.383182645 -0.406676769 0.253077745
1413394956105760512.000000 2.264775753 -2.000004768 -26.014568329 -0.707766294 -0.378901899 -0.535070717 0.263058335
1413394956205760512.000000 2.282233715 -1.946099520 -25.990592957 -0.682943165 -0.368447274 -0.561953127 0.286433160
1413394956305760512.000000 2.286360264 -1.901602387 -25.968080521 -0.665733755 -0.367257446 -0.569529057 0.312341630
1413394956405760512.000000 2.277789354 -1.870584011 -25.951965332 -0.660014927 -0.377534777 -0.554786086 0.337728113
1413394956805760512.000000 2.201274157 -1.837494731 -25.975631714 -0.703932106 -0.506404340 -0.401737481 0.294348955
1413394957555760384.000000 2.187530279 -1.507498622 -25.856929779 -0.608770251 -0.442830861 -0.509605348 0.416655868
1413394959705760512.000000 2.355323315 -1.652579308 -25.587425232 -0.401684761 -0.779001236 -0.219198599 0.428670406
1413394959855760384.000000 2.327924490 -1.623486400 -25.555622101 -0.356428027 -0.797339439 -0.225698650 0.431589127
1413394960605760512.000000 2.044806719 -1.511280060 -25.581918716 -0.158942670 -0.841512680 -0.094713829 0.507565737
1413394962255760384.000000 1.075198054 -1.709086657 -25.714729309 -0.076106556 -0.819118798 -0.050783865 0.566280186
1413394965005760512.000000 1.772951365 -3.437342405 -26.090068817 -0.109918475 -0.865822315 0.019319236 0.487746269
1413394966455760384.000000 2.009019136 -3.570389509 -25.942291260 0.278094590 -0.826040745 0.170459360 0.459634274
1413394966605760512.000000 2.068808317 -3.593924761 -25.960771561 0.300507188 -0.803071797 0.198057592 0.474914998
1413394966855760384.000000 2.119513988 -3.659988165 -25.963914871 0.315436333 -0.711350858 0.266991854 0.568502605
1413394968305760512.000000 2.631899834 -3.773617983 -25.773342133 0.604016423 -0.574484348 0.404915839 0.375732899
1413394969055760384.000000 2.933423042 -3.904499769 -25.798662186 0.638344944 -0.505779982 0.455365807 0.359644890
1413394969255760384.000000 3.032004356 -3.973494291 -25.820446014 0.637059450 -0.485203594 0.484699786 0.351850748
1413394969655760384.000000 3.185799122 -4.043486595 -25.982238770 0.661637783 -0.457907856 0.462886125 0.371876746
1413394970055760384.000000 3.417140245 -4.023344994 -26.087816238 0.678061128 -0.486429363 0.429265708 0.345471621
1413394970455760384.000000 3.758902073 -4.061769009 -26.045667648 0.616924822 -0.488317490 0.512448549 0.344015092
1413394970855760384.000000 3.954189539 -4.050435543 -26.104415894 0.610271990 -0.490754008 0.519412994 0.341963202
1413394971055760384.000000 3.966795444 -4.011024952 -26.110599518 0.656467974 -0.486772329 0.450960159 0.358800024
1413394971255760384.000000 3.990053654 -3.971123219 -26.075143814 0.673794925 -0.508681893 0.417565107 0.335980177
1413394971455760384.000000 4.037468433 -3.968340874 -26.062570572 0.689400554 -0.531119406 0.386079192 0.305911601
1413394971855760384.000000 4.175368786 -4.196304798 -26.010726929 0.614555299 -0.539568543 0.473119169 0.327636898
1413394971955760384.000000 4.191886902 -4.279245377 -25.992965698 0.585219204 -0.540319085 0.493306696 0.349603236
1413394972155760384.000000 4.184748650 -4.426365852 -25.981330872 0.533932030 -0.559113204 0.492262632 0.399983108
1413394972255760384.000000 4.161571503 -4.481457710 -25.990262985 0.505971313 -0.579796195 0.478405237 0.423034221
1413394972455760384.000000 4.080258369 -4.545366287 -26.028896332 0.443470776 -0.634977937 0.432487398 0.461618274
1413394972555760384.000000 4.024559021 -4.553287506 -26.057373047 0.417793423 -0.673158228 0.391828328 0.467736334
1413394972655760384.000000 3.960394144 -4.547045231 -26.082391739 0.393359512 -0.707045674 0.343380094 0.476911873
1413394972755760384.000000 3.887820721 -4.536124229 -26.100109100 0.369692653 -0.727867126 0.290705353 0.499026209
1413394972855760384.000000 3.812637091 -4.522908211 -26.110033035 0.343002766 -0.740885854 0.240680724 0.524890661
1413394973105760512.000000 3.640934467 -4.500497341 -26.125764847 0.244842544 -0.774248898 0.156529918 0.562218010
1413394973255760384.000000 3.551161051 -4.496322632 -26.138557434 0.173614472 -0.798070490 0.124493115 0.563420832
1413394973405760512.000000 3.463112116 -4.494472027 -26.148715973 0.103519753 -0.812271178 0.089472003 0.567004502
1413394973555760384.000000 3.372963667 -4.490121841 -26.155492783 0.036260862 -0.819100618 0.048432816 0.570450485
1413394973855760384.000000 3.186205626 -4.471137047 -26.152322769 -0.091718525 -0.810948253 -0.048247393 0.575867057
1413394974005760512.000000 3.094840050 -4.458766460 -26.148365021 -0.157969788 -0.799434304 -0.089238331 0.572701335
1413394974405760512.000000 2.886755466 -4.403203011 -26.116405487 -0.331258804 -0.746698558 -0.177447587 0.548836291
1413394974905760512.000000 2.765019894 -4.231183052 -26.056245804 -0.471462876 -0.662852168 -0.309236765 0.492668808
1413394975855760384.000000 2.678677797 -4.008956909 -26.302831650 -0.570756912 -0.591576636 -0.405478001 0.399826646
1413394976255760384.000000 2.563894987 -3.957980394 -26.331710815 -0.549825788 -0.579596877 -0.428422362 0.422153234
1413394976455760384.000000 2.487120628 -3.960110664 -26.343042374 -0.538896739 -0.573712170 -0.439321727 0.432944536
1413394977105760512.000000 2.236577034 -4.227727890 -26.352447510 -0.637446344 -0.586838484 -0.309107840 0.392090738
1413394977305760512.000000 2.240576744 -4.248256683 -26.317869186 -0.661453724 -0.599253237 -0.287325650 0.347589672
1413394977505760512.000000 2.287951469 -4.147380829 -26.243364334 -0.634848833 -0.622631967 -0.332111955 0.314639658
1413394977705760512.000000 2.328612328 -3.922861576 -26.145717621 -0.628390789 -0.622983575 -0.345504940 0.312478513
1413394977905760512.000000 2.349337101 -3.590435982 -26.030561447 -0.605811477 -0.607613862 -0.383597463 0.341542006
1413394978005760512.000000 2.350515842 -3.399039268 -25.971767426 -0.589814723 -0.595492780 -0.408805639 0.361088514
1413394980805760512.000000 1.588446498 -1.640312672 -25.580995560 -0.597554743 -0.550160229 -0.417549402 0.407313973
1413394981255760384.000000 1.448029757 -2.068536043 -25.592767715 -0.611199200 -0.545513630 -0.396270782 0.414511710
1413394981705760512.000000 1.399403095 -2.421858311 -25.686857224 -0.614999771 -0.553922117 -0.410860360 0.382281840
1413394982155760384.000000 1.413139582 -2.655082703 -25.750078201 -0.674512744 -0.484416932 -0.412959933 0.373947680
1413394982605760512.000000 1.633857846 -2.806334257 -25.744121552 -0.740361452 -0.359904855 -0.454109341 0.340761095
1413394982755760384.000000 1.772448659 -2.870057106 -25.721609116 -0.756092250 -0.324094921 -0.473729968 0.314431280
1413394982905760512.000000 1.939743400 -2.944587469 -25.694593430 -0.767953634 -0.291693747 -0.495050877 0.282995701
1413394983005760512.000000 2.063235521 -2.999630690 -25.674844742 -0.772866607 -0.275726825 -0.508853972 0.260229677
1413394983205760512.000000 2.326010227 -3.115823746 -25.631422043 -0.773962915 -0.263072193 -0.529993653 0.225568727
1413394983405760512.000000 2.595939636 -3.232697964 -25.585964203 -0.769658625 -0.266107231 -0.541451752 0.208907738
1413394983605760512.000000 2.858365536 -3.344987154 -25.545919418 -0.761025429 -0.291929454 -0.549782097 0.182639658
1413394983805760512.000000 3.098562002 -3.436887026 -25.546127319 -0.751722693 -0.307874709 -0.557413757 0.171511322
1413394984305760512.000000 3.555380821 -3.540717363 -25.687469482 -0.745509982 -0.331129432 -0.546559393 0.189317375
1413394984505760512.000000 3.682865381 -3.529825211 -25.741432190 -0.748541415 -0.347304344 -0.530919373 0.192847386
1413394984705760512.000000 3.784876823 -3.482769251 -25.783374786 -0.740482867 -0.373824447 -0.518081784 0.208642453
1413394985105760512.000000 3.932678223 -3.269297123 -25.817041397 -0.700863421 -0.438912541 -0.495669663 0.265439063
1413394986805760512.000000 4.323021412 -1.551205754 -25.367517471 -0.683100879 -0.462715507 -0.488975435 0.283144355
1413394986905760512.000000 4.338645458 -1.418441772 -25.332382202 -0.682487965 -0.457718700 -0.491120815 0.288970649
1413394987005760512.000000 4.348869801 -1.283750534 -25.302019119 -0.685508490 -0.445710629 -0.488637269 0.304390848
1413394987105760512.000000 4.355482578 -1.151263475 -25.285230637 -0.691815853 -0.432433009 -0.481090933 0.320848972
1413394987705760512.000000 4.364703178 -0.435214758 -25.284244537 -0.648457229 -0.443722546 -0.542728364 0.296748072
1413394988005760512.000000 4.228210926 -0.139383763 -25.242673874 -0.635465980 -0.432171434 -0.561153650 0.307437032
1413394988105760512.000000 4.151910305 -0.058971345 -25.219898224 -0.634907961 -0.424349040 -0.562527478 0.316832423
1413394988205760512.000000 4.061798096 0.009563990 -25.196201324 -0.642337263 -0.414756447 -0.553410470 0.330328494
1413394988405760512.000000 3.861190319 0.103804171 -25.153234482 -0.675853968 -0.373472035 -0.525239766 0.357579887
1413394989205760512.000000 3.182745457 -0.065422557 -25.204229355 -0.752832830 -0.264151454 -0.567923069 0.202311695
1413394989405760512.000000 2.997602224 -0.160527945 -25.222040176 -0.760841846 -0.262119681 -0.556119263 0.207712531
1413394989505760512.000000 2.902290583 -0.209350556 -25.230457306 -0.763224840 -0.260928661 -0.550832391 0.214447290
1413394989605760512.000000 2.807057619 -0.260090649 -25.245710373 -0.765856743 -0.260304034 -0.544719636 0.221327722
1413394990255760384.000000 2.297991753 -0.603314102 -25.536157608 -0.695321321 -0.448615909 -0.466119528 0.313056916
1413394990655760384.000000 2.063420773 -0.750388861 -25.765117645 -0.625708759 -0.552549958 -0.414625823 0.362301797
1413394991105760512.000000 1.812485099 -0.761837900 -25.951929092 -0.625236630 -0.551362336 -0.411547869 0.368384510
1413394991555760384.000000 1.600790739 -0.630529821 -26.064249039 -0.671064496 -0.488630116 -0.433225900 0.351039112
1413394991705760512.000000 1.552823782 -0.567326069 -26.089019775 -0.684441388 -0.458923280 -0.459069163 0.331941336
1413394992155760384.000000 1.436264157 -0.381873935 -26.141775131 -0.709222972 -0.379448146 -0.494245321 0.329762846
1413394992355760384.000000 1.411769867 -0.337583482 -26.155796051 -0.733111501 -0.353952467 -0.493443877 0.306232542
1413394992855760384.000000 1.416615844 -0.270171076 -26.139709473 -0.745776355 -0.311856508 -0.533014476 0.249917492
1413394993355760384.000000 1.430159330 -0.235239983 -26.215324402 -0.753445387 -0.307151824 -0.538220286 0.219765484
1413394993755760384.000000 1.425804734 -0.194138318 -26.336311340 -0.753295362 -0.305491626 -0.541452885 0.214592174
1413394994155760384.000000 1.413584948 -0.154498100 -26.503976822 -0.789467812 -0.198551357 -0.548764288 0.190199554
1413394994405760512.000000 1.423270464 -0.171810567 -26.549564362 -0.800902545 -0.143814594 -0.568750381 0.119981393
1413394994805760512.000000 1.426241994 -0.179448038 -26.514966965 -0.798685014 -0.112074465 -0.588689983 0.054640509
1413394995105760512.000000 1.396842718 -0.125839010 -26.490379333 -0.796339393 -0.094763741 -0.591988981 0.080077291
1413394995505760512.000000 1.337808013 -0.061825797 -26.641775131 -0.826590419 -0.096596494 -0.547062099 0.090224706
1413394995805760512.000000 1.356668949 -0.027643822 -26.740781784 -0.810492337 -0.096676074 -0.570685327 0.089856200
1413394996005760512.000000 1.378588438 -0.008788064 -26.801002502 -0.803626180 -0.095638543 -0.581265450 0.084668852
1413394996405760512.000000 1.373373270 -0.001985870 -26.782236099 -0.795981050 -0.102223203 -0.590485215 0.085391365
1413394996905760512.000000 1.387486339 0.007250547 -26.764657974 -0.796142995 -0.103687577 -0.590304136 0.083344609
1413394997405760512.000000 1.403031111 0.017950870 -26.752405167 -0.796254992 -0.103320949 -0.590162158 0.083734259
1413394997905760512.000000 1.418884039 0.030788176 -26.745687485 -0.796361864 -0.103056334 -0.590091228 0.083542950
1413394998105760512.000000 1.425680757 0.036723368 -26.744247437 -0.796375334 -0.102906652 -0.590094090 0.083579965
