#Stereo rect[ms], MP culling[ms], MP creation[ms], LBA[ms], KF culling[ms], Total[ms]
6.550161,0.092695,0.974145,0.034206,0.034206,7.659660
4.646245,0.074242,1.039653,0.001534,0.001534,5.763345
8.772105,0.256118,3.367619,0.238195,0.238195,25.533861
9.142020,0.294770,7.627441,0.437195,0.437195,32.349289
7.143351,0.276538,6.639684,0.821000,0.821000,38.912987
11.379847,0.327746,16.288059,0.712600,0.712600,53.099549
5.882637,0.171444,8.556473,0.868774,0.868774,38.782207
10.548913,0.335879,9.739444,1.160838,1.160838,50.602981
6.279508,0.172490,11.292613,1.374293,1.374293,52.014963
4.329276,0.184697,9.780714,75.844165,75.844165,121.868288
4.801520,0.143957,13.346613,0.976968,0.976968,52.060655
6.821700,0.183533,17.292159,1.331203,1.331203,64.387253
7.625467,0.141051,20.150548,1.644925,1.644925,65.152283
11.688930,0.208796,25.732499,2.186903,2.186903,76.322233
6.802260,0.123433,17.035809,1.656475,1.656475,70.260344
8.590131,0.149713,19.537961,2.007959,2.007959,73.318023
9.273529,0.144657,19.257746,2.199868,2.199868,74.459450
8.032785,0.206972,17.299481,2.302954,2.302954,75.526357
6.051951,0.129599,17.302767,2.470499,2.470499,84.008790
6.202600,0.222091,21.447606,2.699792,2.699792,86.407849
5.358280,0.209753,17.854765,3.865956,3.865956,87.019610
8.791958,0.230800,26.165693,4.305817,4.305817,104.936226
6.428002,0.149731,18.579342,4.379833,4.379833,92.307843
6.865476,0.126237,20.000599,4.918819,4.918819,97.341698
8.482613,0.141156,22.178947,4.456771,4.456771,106.635704
8.627113,0.128947,21.647264,4.292214,4.292214,95.984441
7.201798,0.118311,24.469745,3.538068,3.538068,94.867520
6.501234,0.160668,21.570159,3.746272,3.746272,89.047597
6.810147,0.141480,24.178500,4.147422,4.147422,94.345515
6.630140,0.131301,19.287890,4.526962,4.526962,87.402991
8.652317,0.151117,18.255549,4.772196,4.772196,91.878847
5.894072,0.149781,17.521789,3.924845,3.924845,83.435398
4.748809,0.137045,15.350247,3.562534,3.562534,78.049835
5.672315,0.180428,15.548775,4.308282,4.308282,88.277839
4.034419,0.124809,15.570687,3.054641,3.054641,239.608477
4.101552,0.176205,12.420769,2.858007,2.858007,68.557954
4.837928,0.111960,13.339169,3.042376,3.042376,74.968041
6.885094,0.190346,17.294083,3.351419,3.351419,94.818292
5.577540,0.256944,19.500063,5.075536,5.075536,89.174059
6.187811,0.315597,23.394465,3.363709,3.363709,100.242623
5.985003,0.256775,14.943694,4.560094,4.560094,89.623905
6.151536,0.268046,15.454067,4.265371,4.265371,96.932794
5.720801,0.203638,14.554117,4.669491,4.669491,90.026296
6.817746,0.260567,18.814958,3.551195,3.551195,121.205060
8.139898,0.432476,18.220966,3.274571,3.274571,102.115873
7.629095,0.272570,18.551501,2.624564,2.624564,94.594762
9.719977,0.356916,23.080240,4.258968,4.258968,112.087976
4.328751,0.185558,10.976232,3.771647,3.771647,80.594081
4.831383,0.164325,12.990669,3.215774,3.215774,84.672857
4.771157,0.162306,12.181464,5.138196,5.138196,86.418194
4.705830,0.186367,11.701366,3.244528,3.244528,78.494682
3.982508,0.191819,9.759929,1.966907,1.966907,74.259630
4.137676,0.284852,10.887817,1.113169,1.113169,86.359928
4.800410,0.234757,10.284754,1.342511,1.342511,82.906638
4.355401,0.221381,9.957258,2.107307,2.107307,81.588593
5.579258,0.243237,13.979455,2.356737,2.356737,93.867582
6.579893,0.329616,12.139444,2.096315,2.096315,103.276035
5.235030,0.310203,11.943471,1.544780,1.544780,101.090079
5.315315,0.211035,12.467639,2.201820,2.201820,99.828333
5.783992,0.242943,12.043182,2.328072,2.328072,101.354153
6.784772,0.238027,14.857393,2.049129,2.049129,116.884715
6.296685,0.249705,12.456583,2.178705,2.178705,103.985356
6.090620,0.214720,12.334165,1.498960,1.498960,100.531266
7.433784,0.298887,16.903277,2.560070,2.560070,124.537483
6.582397,0.264239,12.391662,3.179246,3.179246,101.980834
6.754275,0.264964,20.693132,2.224993,2.224993,120.147859
5.996879,0.185945,13.597830,1.999455,1.999455,105.388407
6.832612,0.343286,15.515031,1.600861,1.600861,118.253410
8.117917,0.245601,17.049816,1.920646,1.920646,120.430231
10.770615,0.507786,24.998637,3.172821,3.172821,129.482209
8.390657,0.268564,20.672858,2.650984,2.650984,121.543609
13.179202,0.744337,18.463516,3.795785,3.795785,121.039267
7.598709,0.259451,16.476339,3.723227,3.723227,125.249725
13.965494,0.604873,24.538504,5.049333,5.049333,137.444685
5.317332,0.202103,17.221685,4.336623,4.336623,131.064572
5.488610,0.293319,18.178683,5.120275,5.120275,129.005489
5.553678,0.265741,20.062033,2.846859,2.846859,123.121807
5.310073,0.293551,16.750395,3.913186,3.913186,122.505075
3.884321,0.229908,13.022982,3.943845,3.943845,120.801858
4.538638,0.221189,16.766016,2.976226,2.976226,122.232791
4.712430,0.184525,15.787135,3.990845,3.990845,118.716710
5.078646,0.200521,21.488131,4.597780,4.597780,126.692863
5.430751,0.196485,16.959773,4.622897,4.622897,126.888492
5.333930,0.198643,16.522719,4.639701,4.639701,125.681126
6.833466,0.175079,19.720919,3.777990,3.777990,165.158411
5.955189,0.145660,18.964821,3.334033,3.334033,126.373820
7.188008,0.204991,24.264277,4.626746,4.626746,128.688596
7.385809,0.230566,21.909440,6.072476,6.072476,129.692225
8.604258,0.272631,23.068266,3.805096,3.805096,136.613924
7.686689,0.296068,26.038341,6.308670,6.308670,139.895125
12.033100,0.498819,25.431637,5.396201,5.396201,145.645543
10.350082,0.478986,28.377570,3.814467,3.814467,149.229557
5.895904,0.274364,13.887264,3.350614,3.350614,124.777922
5.653108,0.356324,10.570885,3.474760,3.474760,126.980716
6.261504,0.910712,21.647346,4.607883,4.607883,147.349253
4.139371,0.387574,7.951602,1.955559,1.955559,117.060196
5.226655,0.291499,9.875004,2.161395,2.161395,124.831904
10.328651,0.530568,19.422444,1.371393,1.371393,152.364275
5.692827,0.249114,10.011502,1.927818,1.927818,127.597253
4.838838,0.292061,9.135869,1.478347,1.478347,358.083668
5.480562,0.461428,9.746175,1.158856,1.158856,121.875029
5.184921,0.272649,11.453544,1.144627,1.144627,125.667688
4.890220,0.299072,13.175759,2.694843,2.694843,127.536801
7.073236,0.384652,15.147675,1.694017,1.694017,133.563295
5.657180,0.340246,12.170692,1.434626,1.434626,120.235292
5.613531,0.248665,13.041052,1.363635,1.363635,140.456913
5.586926,0.218615,14.907859,2.141425,2.141425,131.034438
10.069141,0.520512,29.483373,1.927102,1.927102,158.470378
5.414410,0.253250,13.960316,2.021207,2.021207,126.316043
5.655933,0.269759,15.345401,2.854403,2.854403,128.739191
11.468337,0.409857,31.393458,2.503129,2.503129,159.241989
6.023500,0.358536,16.143681,3.585080,3.585080,140.220982
9.400145,0.544325,23.548534,2.893164,2.893164,146.594659
6.013787,0.271594,15.721621,9.892608,9.892608,137.786721
5.574791,0.272464,16.071889,6.432888,6.432888,128.587155
5.675673,0.252037,15.159053,4.256356,4.256356,123.480258
6.739860,0.358512,20.958698,5.540205,5.540205,129.817333
5.407754,0.467990,18.192289,4.589289,4.589289,130.464662
5.596662,0.286229,14.318504,5.194223,5.194223,129.552457
10.648924,0.438730,26.588451,6.452325,6.452325,148.048696
6.872097,0.211685,15.476635,5.317796,5.317796,130.096715
7.695311,0.229247,18.017299,5.906906,5.906906,129.395525
5.641563,0.285879,19.220586,5.771425,5.771425,129.868642
10.111486,0.709377,26.773051,7.090033,7.090033,148.076272
10.767997,0.539622,19.865052,6.083484,6.083484,134.929989
5.499352,0.349672,14.232358,4.997841,4.997841,130.939376
6.052545,0.300583,13.680654,4.901980,4.901980,130.262685
6.736184,0.534133,17.401348,7.727652,7.727652,130.961030
8.418763,0.407216,17.566696,4.651828,4.651828,129.967816
11.725833,0.678905,28.570661,5.378737,5.378737,145.149855
5.943558,0.211695,15.001604,4.285685,4.285685,126.234081
7.033104,0.368377,16.007288,3.407255,3.407255,131.550729
8.224927,0.342754,17.766511,4.372098,4.372098,129.038576
6.711790,0.361800,19.714043,4.616764,4.616764,131.445495
6.425356,0.383385,18.297697,3.739026,3.739026,130.566508
12.927292,0.634782,35.051498,5.019283,5.019283,165.356640
6.327112,0.270372,18.723626,5.658992,5.658992,135.196937
7.456660,0.292990,23.705102,5.685025,5.685025,141.268864
5.885922,0.266439,20.772000,4.837657,4.837657,133.582183
9.182881,0.501176,26.145985,7.004482,7.004482,146.116550
9.946030,0.333993,26.580669,9.836520,9.836520,151.769827
6.649664,0.286643,17.780689,6.364851,6.364851,138.645787
7.192324,0.278230,23.389988,5.512667,5.512667,148.813813
6.104157,0.327859,16.174040,9.089294,9.089294,147.959957
7.823770,0.328950,22.704884,6.329824,6.329824,155.620228
7.233604,0.214007,20.534147,7.732641,7.732641,152.046964
6.829735,0.233488,18.244283,8.111695,8.111695,157.250676
8.215177,0.281922,22.635018,8.729982,8.729982,159.575277
6.716846,0.366375,19.938281,6.712537,6.712537,155.205246
5.731013,0.223796,18.088341,9.966492,9.966492,152.956916
6.122152,0.235578,16.760962,9.641994,9.641994,147.958827
6.339853,0.203689,16.037902,10.127277,10.127277,148.963829
6.829647,0.203216,17.967028,13.310321,13.310321,151.694874
7.356096,0.342385,22.969718,8.391499,8.391499,172.782148
11.453173,0.490099,27.319840,6.420189,6.420189,166.590620
7.118688,0.351931,21.997342,8.562447,8.562447,153.538283
7.682167,0.370834,26.010119,7.580936,7.580936,158.594490
7.495020,0.307894,28.075587,8.326783,8.326783,160.931016
6.409890,0.175225,22.448868,10.392367,10.392367,161.564121
9.171296,0.297885,37.584464,12.091347,12.091347,185.809774
17.087391,0.545768,44.797824,10.457013,10.457013,195.791284
8.582488,0.374760,22.731211,8.870328,8.870328,160.132442
14.100776,0.327832,26.907483,7.366202,7.366202,167.827556
10.250953,0.374252,28.398938,9.061331,9.061331,170.573867
7.237486,0.269706,23.842260,11.460022,11.460022,172.096211
8.213519,0.361487,25.724022,8.070199,8.070199,184.685664
6.505455,0.350456,20.077236,6.599254,6.599254,159.061560
6.424137,0.238481,19.851986,8.664965,8.664965,171.020314
6.362776,0.314326,18.776653,5.391888,5.391888,165.363326
6.372050,0.331890,16.192777,5.669057,5.669057,166.142048
5.503215,0.229275,15.350214,4.792079,4.792079,162.030732
6.172982,0.346774,16.017446,3.145695,3.145695,161.774511
5.361147,0.302405,17.138265,3.579636,3.579636,96.698681
5.037408,0.176053,13.651479,1.526398,1.526398,141.665052
5.362369,0.183436,17.086507,2.128811,2.128811,97.798223
4.769940,0.173376,14.069243,3.130326,3.130326,147.129674
6.472865,0.276370,18.159984,1.558436,1.558436,82.716038
5.700939,0.384087,13.718587,3.729453,3.729453,144.747816
7.327204,0.346446,17.574481,5.708181,5.708181,158.370159
4.988312,0.252155,14.241521,3.566114,3.566114,152.001166
6.894955,0.282308,15.330171,4.489941,4.489941,150.338330
4.348860,0.237799,15.128467,1.128689,1.128689,52.929149
6.881842,0.342118,23.233537,3.301258,3.301258,160.370027
4.617043,0.262172,17.284702,1.445149,1.445149,58.132552
4.908134,0.290420,16.485131,3.078481,3.078481,142.330512
5.598216,0.334983,19.342912,0.970340,0.970340,63.886387
4.739802,0.309846,14.965602,2.845657,2.845657,141.990364
6.648463,0.384757,13.258751,1.252734,1.252734,54.958697
4.025766,0.301014,15.120440,0.998560,0.998560,56.384820
5.374137,0.340583,20.378879,2.830163,2.830163,130.157464
5.277480,0.514722,24.462732,1.132948,1.132948,69.379585
4.690399,0.325241,20.685564,1.675609,1.675609,106.273428
6.547135,0.295090,35.076442,1.598471,1.598471,89.066856
4.008015,0.144741,13.131994,1.259495,1.259495,44.063971
4.794873,0.156851,11.846320,0.909535,0.909535,39.371851
8.452526,0.244318,25.349826,1.073597,1.073597,63.365960
5.399705,0.119550,24.057952,2.325921,2.325921,95.703051
5.759943,0.149360,13.321064,2.223780,2.223780,74.172550
5.459099,0.176271,14.350336,1.334829,1.334829,72.552152
5.050319,0.153611,14.218254,1.707004,1.707004,73.384818
7.150793,0.234209,17.733015,2.431060,2.431060,87.202967
5.770942,0.165675,13.157017,3.496655,3.496655,86.983854
5.348702,0.155477,16.919511,2.682157,2.682157,88.676464
6.411382,0.167498,13.460252,3.653804,3.653804,86.601658
6.737967,0.161703,14.248726,3.521137,3.521137,88.764734
4.948775,0.162783,13.821774,2.579424,2.579424,83.508752
5.606996,0.162892,14.767999,2.965163,2.965163,103.959633
4.654888,0.146571,14.026086,2.986837,2.986837,84.301423
5.099336,0.161780,13.578813,1.746668,1.746668,84.119806
5.935560,0.186157,17.444338,2.797199,2.797199,93.303001
5.599691,0.185579,15.449083,2.314870,2.314870,90.496299
5.587958,0.172475,16.014976,2.329965,2.329965,91.518092
4.890341,0.186130,14.397888,2.555320,2.555320,81.480830
4.321584,0.154652,13.395423,2.109485,2.109485,85.812775
4.051420,0.158684,16.684646,3.451718,3.451718,90.871019
4.402137,0.152621,12.933194,1.879515,1.879515,82.374376
5.363858,0.147469,14.539959,2.210752,2.210752,89.504635
6.212821,0.184640,14.664305,2.365720,2.365720,95.179742
5.518903,0.210345,17.041867,3.102607,3.102607,95.219183
5.548300,0.156628,15.105918,2.812805,2.812805,91.232383
6.861339,0.408177,16.425722,2.122688,2.122688,117.680984
5.679477,0.229792,15.811573,2.685071,2.685071,101.496923
6.195553,0.216878,14.782140,2.136140,2.136140,100.349151
6.082603,0.234606,15.517760,3.260502,3.260502,114.637156
4.622153,0.195407,15.235229,2.375130,2.375130,101.474905
4.448171,0.196060,14.008336,2.208099,2.208099,93.241192
5.030534,0.190142,15.826886,2.111918,2.111918,101.718652
4.984170,0.205815,14.499476,1.145468,1.145468,118.454057
4.999628,0.216459,13.772651,2.264394,2.264394,99.868258
4.137264,0.165928,12.780856,3.090024,3.090024,89.012652
4.266108,0.162090,11.874904,2.363836,2.363836,87.696054
4.395201,0.144132,14.081685,1.238632,1.238632,99.019204
5.175184,0.132891,11.615702,2.169918,2.169918,96.855873
7.143728,0.285481,24.247061,2.738702,2.738702,122.253813
6.298161,0.248921,20.970433,2.749310,2.749310,84.749497
4.340855,0.197105,11.358429,2.356166,2.356166,93.051376
5.266547,0.173826,14.001000,1.293660,1.293660,99.730816
4.139905,0.198265,11.295240,2.057515,2.057515,101.141849
4.813931,0.215517,11.702390,1.013842,1.013842,106.172318
5.048171,0.321948,13.389478,2.077907,2.077907,107.921735
4.701479,0.472816,14.865800,2.574711,2.574711,118.330646
4.512286,0.245976,12.550843,2.895752,2.895752,105.995355
7.477664,0.446464,21.697846,3.196504,3.196504,121.134757
8.967061,0.468970,25.697101,3.014470,3.014470,127.884672
5.092798,0.209064,11.161483,2.580413,2.580413,102.800869
6.655897,0.246310,20.409191,3.437153,3.437153,120.512633
4.659039,0.183207,12.659795,2.578657,2.578657,106.101571
4.639820,0.211116,12.478792,3.701482,3.701482,106.963828
5.570211,0.237471,15.083886,3.837727,3.837727,104.631148
5.126639,0.217608,11.146992,2.981886,2.981886,102.805133
6.945315,0.356206,13.829104,3.570583,3.570583,114.604212
6.565402,0.414127,12.392382,2.312071,2.312071,117.416108
6.151036,0.485912,20.415003,3.873248,3.873248,118.271047
9.419535,0.498722,27.238264,3.144196,3.144196,126.472864
6.197582,0.320817,13.507279,5.136568,5.136568,114.184993
6.123299,0.249379,18.432321,3.550127,3.550127,122.311941
5.280443,0.253279,11.669803,2.691156,2.691156,114.790733
8.585352,0.466655,20.155572,4.046586,4.046586,122.133099
5.023861,0.218627,11.593319,2.946719,2.946719,114.274251
4.701188,0.245075,11.130376,4.390992,4.390992,113.649390
4.294400,0.199185,11.078031,2.692148,2.692148,102.812695
5.582993,0.367256,12.471028,3.914719,3.914719,112.549648
7.148558,0.281354,19.172150,3.810105,3.810105,123.998448
4.360172,0.266820,11.730183,5.177652,5.177652,107.385251
3.857033,0.156677,8.260449,4.209334,4.209334,107.857813
4.170184,0.181394,10.640830,6.247971,6.247971,104.970069
2.953843,0.122051,7.509217,6.505162,6.505162,105.079420
7.680416,0.236828,20.916808,6.034231,6.034231,140.310947
5.520444,0.192785,13.504267,4.074243,4.074243,109.208767
3.885936,0.169627,9.269589,6.975103,6.975103,103.369916
2.751044,0.129598,7.018800,4.486883,4.486883,94.152784
2.937323,0.102465,6.856256,5.373052,5.373052,91.805322
2.755199,0.093199,5.992447,5.002458,5.002458,168.949482
3.219874,0.086918,8.500751,6.711343,6.711343,101.342228
3.841539,0.088658,7.262442,4.645569,4.645569,94.996122
4.363911,0.171237,14.151215,4.925798,4.925798,126.653440
4.113568,0.214347,9.802104,5.419104,5.419104,95.458654
3.406286,0.276852,9.968434,6.039353,6.039353,93.390359
4.293845,0.174608,10.932959,6.523072,6.523072,102.783534
3.857159,0.119743,8.625477,4.848109,4.848109,93.653808
7.751482,0.177769,25.940853,5.332862,5.332862,129.855621
5.626187,0.156123,20.674738,4.533085,4.533085,69.173000
4.452438,0.209033,15.848367,4.920393,4.920393,112.023622
3.015597,0.157870,7.469739,5.330912,5.330912,45.504486
7.409000,0.308133,23.426625,4.344457,4.344457,125.293990
8.857867,0.605184,22.882275,4.228000,4.228000,123.946890
6.869008,0.475569,14.951439,3.865802,3.865802,115.741036
8.706664,0.439515,11.400779,2.555360,2.555360,122.447265
9.984036,0.578397,15.653120,1.716482,1.716482,129.877693
8.566654,0.618897,18.924432,2.987932,2.987932,126.314718
5.255054,0.235310,9.967756,1.675422,1.675422,111.123347
7.462727,0.349458,11.355270,1.880707,1.880707,111.516052
7.657921,0.367016,15.929871,2.131396,2.131396,128.747041
6.581243,0.353233,12.355302,2.351149,2.351149,124.149931
5.821143,0.358690,12.247472,2.036765,2.036765,127.984096
5.894715,0.370174,12.404615,3.136628,3.136628,124.303347
6.614236,0.326111,12.424133,2.429786,2.429786,125.319363
8.215010,0.343130,16.678313,3.758527,3.758527,127.087417
10.222074,0.513799,22.727816,5.321453,5.321453,130.867591
9.815741,0.279530,18.909943,2.979754,2.979754,126.699977
7.559778,0.213262,16.296507,4.202405,4.202405,137.907202
10.548471,0.399135,24.541696,2.791283,2.791283,135.294674
11.163263,0.387408,27.550191,3.869000,3.869000,143.065289
8.684171,0.285389,24.573120,2.685907,2.685907,132.551546
6.780488,0.283422,16.171605,3.442119,3.442119,72.984342
7.070956,0.299781,15.229153,3.347924,3.347924,112.902613
4.678354,0.157970,14.679361,2.195952,2.195952,66.640349
4.397428,0.155405,13.600570,2.116968,2.116968,63.876770
5.822766,0.216855,14.923962,2.909974,2.909974,65.781473
4.614480,0.202802,12.678526,2.369509,2.369509,59.182630
3.805844,0.208894,11.362311,2.358106,2.358106,51.600268
4.065330,0.339091,9.501183,1.453408,1.453408,53.340939
3.366268,0.207245,9.617670,1.008365,1.008365,40.397292
3.508147,0.098476,11.227625,0.463644,0.463644,48.317649
4.432646,0.150179,12.544095,1.353795,1.353795,55.123363
6.415573,0.331682,20.427302,1.506737,1.506737,121.069427
7.324859,0.369717,21.224306,1.544550,1.544550,119.053138
7.626804,0.349294,19.948515,1.637364,1.637364,122.191337
8.086454,0.298416,13.773648,1.927300,1.927300,110.873897
8.199596,0.472629,28.539462,0.767072,0.767072,75.598303
8.820095,0.465093,28.874912,2.304619,2.304619,127.539553
8.724824,0.424377,25.551919,0.867193,0.867193,75.565974
6.778430,0.394942,20.970899,4.227747,4.227747,105.714705
5.320172,0.253443,17.652760,2.062908,2.062908,109.483570
9.555469,0.528295,30.887901,3.310085,3.310085,126.332316
6.080320,0.341631,16.870755,3.918336,3.918336,96.262693
5.382013,0.208629,25.591035,3.694859,3.694859,105.363223
6.197305,0.212401,15.897000,3.004571,3.004571,93.624854
6.084693,0.190762,19.047836,4.710872,4.710872,98.054343
5.493750,0.155965,21.464788,2.869505,2.869505,99.955994
6.398318,0.142961,20.200628,4.578890,4.578890,98.725696
6.427495,0.132785,19.750958,4.609895,4.609895,100.553860
6.676282,0.161852,20.900160,5.075107,5.075107,102.418488
6.343909,0.198934,19.068897,4.261670,4.261670,98.232143
6.770165,0.291516,22.338823,3.414024,3.414024,104.498386
6.926226,0.136882,19.753888,2.644394,2.644394,113.406203
6.557058,0.193887,26.285288,5.100838,5.100838,115.393981
6.900345,0.216963,22.627338,3.556045,3.556045,104.529215
6.358687,0.194189,20.844333,4.435231,4.435231,102.469413
7.267468,0.304746,20.450866,3.441609,3.441609,103.025188
6.388797,0.167365,27.102253,5.492302,5.492302,113.652905
6.433172,0.211433,21.083698,6.443747,6.443747,121.271196
6.000455,0.278651,28.758391,5.889618,5.889618,132.387213
10.963266,0.421857,31.114584,4.257559,4.257559,121.710101
10.640335,0.639386,34.747568,4.232763,4.232763,131.625858
7.174726,0.292599,27.192127,3.329577,3.329577,118.700294
7.238604,0.390714,21.796082,5.189012,5.189012,128.107082
6.255139,0.306159,23.731640,3.874496,3.874496,122.444413
8.094256,0.435298,25.911131,4.681450,4.681450,126.279373
6.898290,0.362690,23.232886,3.890164,3.890164,124.043206
6.294118,0.323798,21.499510,6.097293,6.097293,131.491328
6.990264,0.683679,21.833223,5.097372,5.097372,132.038701
6.629906,0.418046,22.004171,5.772391,5.772391,131.249362
6.330938,0.434076,22.701795,13.179712,13.179712,154.202178
5.734697,0.340727,20.097246,6.225956,6.225956,130.694711
6.603831,0.310863,20.389708,0.000000,0.000000,27.305150
18.605628,0.246001,40.840794,25.993805,25.993805,215.566801
7.006026,0.224076,33.795934,11.795537,11.795537,171.782267
8.373498,0.349943,30.473312,12.533247,12.533247,184.921095
8.273760,0.322166,29.361849,10.297047,10.297047,172.510236
8.919142,0.355105,31.193598,0.000000,0.000000,40.468555
8.320897,0.184004,31.009269,11.692401,11.692401,174.584212
7.456364,0.292185,22.161516,11.723148,11.723148,151.014487
9.769213,0.385044,31.309881,11.447616,11.447616,166.813699
11.235718,0.541315,35.010578,14.788159,14.788159,194.210560
6.631724,0.350141,22.420409,9.096249,9.096249,159.015353
6.755338,0.285770,22.146871,10.202444,10.202444,162.193473
6.540395,0.290232,20.471276,8.308823,8.308823,163.092727
7.271496,0.337963,23.013857,8.982083,8.982083,165.416366
8.075472,0.426631,19.811407,8.893217,8.893217,165.187705
6.370881,0.226992,20.483626,5.965344,5.965344,157.941389
6.446355,0.228765,24.373759,5.995946,5.995946,154.001573
8.635755,0.219681,29.544902,4.377257,4.377257,130.665493
5.771836,0.282719,23.737126,3.213465,3.213465,96.201195
4.751845,0.201341,17.694270,3.586532,3.586532,97.352069
4.617461,0.185884,21.003492,4.833760,4.833760,87.253590
6.188097,0.176350,19.253155,3.722307,3.722307,67.091355
5.571122,0.173710,19.717225,2.684030,2.684030,70.651383
5.018326,0.185260,21.698346,2.681383,2.681383,66.684476
6.011092,0.193679,20.953168,2.500092,2.500092,62.800191
7.751948,0.212865,25.186049,2.537432,2.537432,70.587268
5.836178,0.165375,20.688868,4.667462,4.667462,135.345116
5.881655,0.230395,19.588327,2.193128,2.193128,127.366838
9.989553,0.350799,27.587023,3.407035,3.407035,140.997367
5.480258,0.336987,20.273630,3.240969,3.240969,62.530519
5.665518,0.299692,21.816515,3.751478,3.751478,139.619762
4.305085,0.208183,24.189185,2.620345,2.620345,70.688337
5.010293,0.250478,21.215998,2.950255,2.950255,60.382059
5.128537,0.377528,26.476648,3.469978,3.469978,120.916193
7.209113,0.267274,29.122187,4.079796,4.079796,121.302642
9.752364,0.429127,34.596700,3.604299,3.604299,129.503168
8.531115,0.363795,30.981293,3.521210,3.521210,122.092315
9.562646,0.355389,25.389520,3.898559,3.898559,82.290018
4.717907,0.301855,22.332338,4.383687,4.383687,78.146137
4.694859,0.226604,20.829789,4.731277,4.731277,82.618480
3.935757,0.258780,18.494166,2.894962,2.894962,59.447830
3.967636,0.228283,16.569285,3.096545,3.096545,62.307119
3.408667,0.191216,14.133345,2.945893,2.945893,51.260908
3.381251,0.160482,16.948884,3.209899,3.209899,52.514296
4.825304,0.163964,19.671411,3.969567,3.969567,66.445223
7.426594,0.266182,25.246030,7.713040,7.713040,72.696759
6.618247,0.220262,20.469522,5.548268,5.548268,101.196631
6.770001,0.241012,18.472840,5.944264,5.944264,84.704696
5.182809,0.138953,18.104787,3.923196,3.923196,76.549587
5.592208,0.165310,24.146535,4.987199,4.987199,70.027890
3.653361,0.172004,23.608184,3.417075,3.417075,67.637904
2.140297,0.233474,11.158762,3.298097,3.298097,46.435335
1.895908,0.168179,14.233676,2.420470,2.420470,53.282107
2.141702,0.097638,9.609486,2.615508,2.615508,51.919465
3.741897,0.130388,25.153478,3.001063,3.001063,84.999106
9.159265,0.254251,35.702608,5.305462,5.305462,79.288698
6.267665,0.127070,23.828781,3.580918,3.580918,65.544355
6.983383,0.191562,22.389416,4.261154,4.261154,85.861520
5.589261,0.187448,22.904806,4.008492,4.008492,66.455548
5.733528,0.228623,28.881430,5.761265,5.761265,78.547869
3.705164,0.252905,14.694796,3.173791,3.173791,66.420921
4.416159,0.242995,16.945455,3.991557,3.991557,65.450722
4.739208,0.326286,15.255514,5.119298,5.119298,57.679986
4.415683,0.190014,16.396560,2.933197,2.933197,51.810997
4.762813,0.169978,16.288608,4.390000,4.390000,63.502266
6.872374,0.148035,19.423241,3.234796,3.234796,63.806673
7.132297,0.133742,25.990777,2.573974,2.573974,93.485847
6.086476,0.172775,15.405407,3.660845,3.660845,76.413311
3.710045,0.167515,15.970531,2.618326,2.618326,55.144833
4.821775,0.174355,15.037159,2.599298,2.599298,52.057797
6.635583,0.232195,14.892990,4.174784,4.174784,55.057440
5.918186,0.260397,18.807868,3.003621,3.003621,90.574423
3.723325,0.133144,11.141502,1.433124,1.433124,75.675544
4.284541,0.124313,12.364763,4.994366,4.994366,76.421767
5.237421,0.150121,15.730751,2.461467,2.461467,52.032126
4.186541,0.136467,14.287824,3.158150,3.158150,48.466907
4.274495,0.193536,14.206466,3.271155,3.271155,55.390568
5.478729,0.149555,18.215467,4.772544,4.772544,64.610857
6.107359,0.120300,22.475796,3.981381,3.981381,61.568149
6.034740,0.185493,20.933287,4.517836,4.517836,66.443803
6.314584,0.213131,22.740892,4.927245,4.927245,66.705629
5.359109,0.199840,19.898736,3.562227,3.562227,88.818492
5.481496,0.215008,21.823394,6.165296,6.165296,86.354364
5.264068,0.170324,17.207422,4.118781,4.118781,59.646485
8.674082,0.195860,22.429028,5.003021,5.003021,104.778800
6.767862,0.231607,31.823876,3.607239,3.607239,77.125451
5.179080,0.144210,24.193219,3.893355,3.893355,69.816698
7.063253,0.169855,20.263637,4.002664,4.002664,62.805628
7.960701,0.190976,26.383692,4.204029,4.204029,69.993809
6.278966,0.139315,19.604419,3.827288,3.827288,60.807665
6.765187,0.159114,24.884570,4.033052,4.033052,67.934302
5.126503,0.184336,24.864212,5.235652,5.235652,77.251604
5.679268,0.166820,20.343318,5.532130,5.532130,62.802769
5.358597,0.174435,19.842403,4.407907,4.407907,58.127492
7.552873,0.256314,30.540664,3.406962,3.406962,65.386433
5.843763,0.168387,21.316472,4.296025,4.296025,57.031453
7.625868,0.205683,25.278609,5.592399,5.592399,65.653462
6.574705,0.133340,26.172678,5.259536,5.259536,92.694886
4.857421,0.122985,17.528261,5.880571,5.880571,80.851882
5.095540,0.200052,24.544009,5.062769,5.062769,67.429606
6.117695,0.150340,25.650455,4.708117,4.708117,93.989221
5.856029,0.210797,22.234858,6.250599,6.250599,90.145628
5.270284,0.177402,21.023809,6.559996,6.559996,87.397506
5.072448,0.158441,20.691953,4.464789,4.464789,66.846887
4.775192,0.142369,17.765448,4.136912,4.136912,64.084737
4.414172,0.130533,17.956303,4.322186,4.322186,82.364797
6.005781,0.197022,18.222098,5.785330,5.785330,94.894864
10.768649,0.211779,27.151461,4.522742,4.522742,108.788210
4.895545,0.121327,21.110437,6.505960,6.505960,80.241314
5.649638,0.148414,23.494803,5.439647,5.439647,82.607801
4.871998,0.194720,22.527127,5.291134,5.291134,85.745519
5.229459,0.173816,23.385194,6.242803,6.242803,85.720719
5.750346,0.174408,22.983593,7.644950,7.644950,87.413559
5.352238,0.206492,25.653782,4.981231,4.981231,83.942071
5.471462,0.146218,24.665873,7.515110,7.515110,86.798765
6.664736,0.207977,20.567555,6.447433,6.447433,84.784588
6.316600,0.191225,19.516453,6.695098,6.695098,84.644417
5.003501,0.191944,16.405077,5.727163,5.727163,97.756204
4.837079,0.123882,15.622658,4.922768,4.922768,71.756974
4.040152,0.132277,13.247266,6.752146,6.752146,75.949728
6.175957,0.192834,17.038149,6.673416,6.673416,75.636015
5.822854,0.261432,22.480659,6.205881,6.205881,77.469762
6.197634,0.211922,28.120347,8.366122,8.366122,95.376877
8.070729,0.206238,29.749421,8.335250,8.335250,97.066725
6.320514,0.198738,22.122503,9.962593,9.962593,92.479909
10.102994,0.260878,35.640512,5.333177,5.333177,118.632466
7.081357,0.263040,28.544198,7.371866,7.371866,104.797590
8.682622,0.175696,34.292777,6.835915,6.835915,106.506591
7.219413,0.250762,33.233034,7.868449,7.868449,110.078347
10.227361,0.332571,38.369317,7.339005,7.339005,124.001386
12.811571,0.751284,35.240526,8.466725,8.466725,122.302053
7.592260,0.404260,34.373535,9.974668,9.974668,119.547272
6.658907,0.228204,29.958809,6.943560,6.943560,107.831353
6.119232,0.323916,29.549813,8.083318,8.083318,110.361650
6.287638,0.322416,23.872032,7.999731,7.999731,103.153816
4.623026,0.188501,23.143757,15.119446,15.119446,105.237431
11.020835,0.400311,48.357264,11.895375,11.895375,139.812351
12.533320,0.417210,54.103658,11.710984,11.710984,148.536658
6.017106,0.265476,30.107982,9.129429,9.129429,115.874297
7.045758,0.270722,26.935090,8.999726,8.999726,113.156180
8.347754,0.274419,34.515932,10.796005,10.796005,127.494632
7.899911,0.223798,33.163415,9.595769,9.595769,124.853492
7.224891,0.269612,30.081271,9.112646,9.112646,122.439762
4.429192,0.299683,18.726157,8.993359,8.993359,100.565540
8.159634,0.372568,27.573615,10.099798,10.099798,123.994221
7.941506,0.400961,39.438972,10.333129,10.333129,129.697027
6.920733,0.180816,18.949494,7.956148,7.956148,107.077292
4.366490,0.231136,17.931190,10.416669,10.416669,101.283063
3.499865,0.151575,12.577137,11.422765,11.422765,95.280916
9.249693,0.320906,30.030881,10.840044,10.840044,121.557667
9.978300,0.296144,41.895257,10.150837,10.150837,137.294237
5.591909,0.202041,20.584054,10.170025,10.170025,125.375352
7.555836,0.386415,24.874827,10.457618,10.457618,131.629057
9.339464,0.239896,26.325706,11.226876,11.226876,136.163308
7.853388,0.317695,28.050203,13.675170,13.675170,142.880762
7.331704,0.288925,29.305140,13.157243,13.157243,138.792604
7.762165,0.263117,27.323117,15.603754,15.603754,143.728641
8.357719,0.418578,29.808092,15.298656,15.298656,152.869348
8.925127,0.177221,29.829396,12.734792,12.734792,154.400908
7.185439,0.198919,28.013939,14.466758,14.466758,153.946129
6.682579,0.220461,27.888322,13.970269,13.970269,147.578853
8.939099,0.255231,26.378310,15.358760,15.358760,159.356767
8.883148,0.270473,30.654351,10.778832,10.778832,160.868973
11.717474,0.316350,35.022897,12.578406,12.578406,174.821667
8.098411,0.313932,32.623493,11.265301,11.265301,163.133239
17.173151,0.459530,43.284174,17.832926,17.832926,198.490364
7.464819,0.249399,26.982176,10.507320,10.507320,166.261480
7.177242,0.210677,27.832289,13.406071,13.406071,188.752095
13.543956,0.652505,40.816254,17.453615,17.453615,196.033702
10.080095,0.332156,33.822292,14.445483,14.445483,194.597055
6.921860,0.269109,29.030758,13.887677,13.887677,194.771396
6.890470,0.265280,27.671341,13.546049,13.546049,191.103267
6.763318,0.346772,26.748419,9.742974,9.742974,185.672635
7.652137,0.345666,29.708651,10.046996,10.046996,189.132109
6.353645,0.279891,28.323671,7.202603,7.202603,172.424257
6.691270,0.348138,26.739744,7.069388,7.069388,171.874577
10.593075,0.360028,40.370084,13.079468,13.079468,204.174889
7.433950,0.276852,24.087421,8.595650,8.595650,172.609952
8.449311,0.312451,25.790918,7.644439,7.644439,164.833322
7.474322,0.178186,20.917802,9.113019,9.113019,156.426154
6.485415,0.300412,25.152281,9.084117,9.084117,160.275369
7.456447,0.274287,23.406968,7.947143,7.947143,152.448249
7.202938,0.249415,22.323290,5.223251,5.223251,154.557343
5.975286,0.215359,28.092915,8.494034,8.494034,157.435888
6.097567,0.331301,20.744426,7.993483,7.993483,147.507879
6.193830,0.298172,21.148045,6.011821,6.011821,78.420713
5.371088,0.228875,18.038350,6.166606,6.166606,70.524670
5.455448,0.248213,18.272411,10.557348,10.557348,154.433659
6.137811,0.230773,19.968277,7.207035,7.207035,155.827886
5.709651,0.265274,19.769770,6.874715,6.874715,155.784018
6.432184,0.264851,18.787789,9.129477,9.129477,158.663131
7.796548,0.281256,20.507928,8.794798,8.794798,162.263430
6.593857,0.235486,20.032242,4.591643,4.591643,157.942677
5.672903,0.322082,21.799344,5.386112,5.386112,74.374760
6.052550,0.236562,17.600287,7.635476,7.635476,142.350606
5.123840,0.208974,18.155614,6.827602,6.827602,67.706097
5.883894,0.273247,22.988728,5.528945,5.528945,145.503827
6.547218,0.258092,27.277846,6.104354,6.104354,72.927442
5.197120,0.161452,21.604849,6.527380,6.527380,68.615823
5.482327,0.187486,20.860023,8.343530,8.343530,68.139156
6.725396,0.152550,26.851867,9.785884,9.785884,79.699170
7.122908,0.142343,25.586609,12.212771,12.212771,134.977838
6.407523,0.146556,28.687096,18.991776,18.991776,97.663915
6.911795,0.160018,27.708649,11.850310,11.850310,130.759664
7.866168,0.201695,29.013745,11.673634,11.673634,130.798651
7.839382,0.222776,32.732502,20.270315,20.270315,150.774636
7.911626,0.227223,28.601927,13.759364,13.759364,132.926333
7.732013,0.236801,29.069325,14.820732,14.820732,137.747285
7.339545,0.226663,29.487648,11.975774,11.975774,158.738874
7.792109,0.228292,31.243161,15.957050,15.957050,150.379409
10.795775,0.340546,32.656308,12.688038,12.688038,159.785070
11.730917,0.333961,31.931096,13.594031,13.594031,160.241582
7.940370,0.223534,28.360013,12.166287,12.166287,160.922440
11.237805,0.284324,32.336694,11.354791,11.354791,185.267604
7.524880,0.264152,30.031149,7.830377,7.830377,163.286293
7.100236,0.288265,36.674056,9.223929,9.223929,165.091806
6.657951,0.250687,26.373105,7.735661,7.735661,157.992153
6.475323,0.183060,23.347787,10.979023,10.979023,156.420404
9.474315,0.229528,27.420592,10.963975,10.963975,160.752277
7.362287,0.177188,24.917617,10.802396,10.802396,155.581476
8.133985,0.141382,23.100330,7.940228,7.940228,152.270446
7.497637,0.199568,25.250341,8.267435,8.267435,157.391456
6.418403,0.169093,21.833762,8.943874,8.943874,159.648552
6.934061,0.196781,27.094734,9.123634,9.123634,163.186131
8.269966,0.320010,27.858969,8.745501,8.745501,158.687915
6.894983,0.159536,24.937183,7.984912,7.984912,157.578819
6.859513,0.211638,21.008361,7.164612,7.164612,152.245675
10.169400,0.310742,24.773431,9.055675,9.055675,161.331072
7.715236,0.262024,26.133666,8.841628,8.841628,171.275185
6.897478,0.218595,23.632571,9.662216,9.662216,97.925074
5.958279,0.190984,22.451074,7.868272,7.868272,112.307336
6.529720,0.191203,25.522075,10.069838,10.069838,98.697790
7.273622,0.243486,29.315825,8.692742,8.692742,170.192293
7.572304,0.237105,31.264222,8.831345,8.831345,184.187019
7.953364,0.241334,31.769227,9.594900,9.594900,186.518826
7.277407,0.297546,32.230361,9.902252,9.902252,171.527054
6.957336,0.254593,25.710123,8.253014,8.253014,160.219740
5.461244,0.329691,20.918012,7.042972,7.042972,153.099983
3.070461,0.236580,12.079405,4.405050,4.405050,74.135040
2.453302,0.219139,10.170683,5.543329,5.543329,122.990693
3.800403,0.246656,12.909930,4.501384,4.501384,64.311617
4.367357,0.143827,10.550389,8.961597,8.961597,129.649126
4.660941,0.337963,16.852719,5.101684,5.101684,65.938929
4.739939,0.117564,17.857093,9.036926,9.036926,148.397531
7.823948,0.274126,36.334028,10.456874,10.456874,164.928746
6.835761,0.234928,31.348795,7.454816,7.454816,159.991734
9.835039,0.247873,32.778082,7.743612,7.743612,165.029346
14.395577,0.333833,43.605893,8.101354,8.101354,175.494775
14.635997,0.475387,36.587889,11.915349,11.915349,171.062240
7.505618,0.243998,30.162001,11.123978,11.123978,150.096042
7.624862,0.132349,32.923909,12.217443,12.217443,149.459291
8.025702,0.208926,29.227599,12.520214,12.520214,155.285867
7.758069,0.167115,25.075685,11.566243,11.566243,136.293768
7.666619,0.188339,24.066563,11.593919,11.593919,135.047370
7.512637,0.138928,25.165378,9.344924,9.344924,132.615413
8.029603,0.142574,22.527413,13.293184,13.293184,136.853844
7.003993,0.203366,23.536510,10.503620,10.503620,131.587742
8.217725,0.308042,20.216836,10.864221,10.864221,93.495599
6.739723,0.186917,20.294124,7.671896,7.671896,121.476829
9.243629,0.400161,41.694309,8.618341,8.618341,124.935289
8.950363,0.422131,43.584818,6.036475,6.036475,112.388940
5.718891,0.233133,28.491886,6.988672,6.988672,101.697293
6.007424,0.218825,31.635662,6.315219,6.315219,104.094793
10.300700,0.409751,38.847360,6.089313,6.089313,102.845524
5.675937,0.197435,28.479130,7.109481,7.109481,114.955323
8.075888,0.308359,42.638673,7.354986,7.354986,137.787928
6.080590,0.207875,28.488012,7.081675,7.081675,132.412492
6.378746,0.217032,27.581634,9.753048,9.753048,120.906357
11.245356,0.297534,43.755744,7.093254,7.093254,139.492262
5.444988,0.162289,23.906380,7.955123,7.955123,128.489362
11.793289,0.277760,36.184519,10.235043,10.235043,147.041938
11.739995,0.266944,37.205424,7.295359,7.295359,138.164649
6.520555,0.198460,26.052201,7.961237,7.961237,121.300243
11.126207,0.337144,31.424106,8.543011,8.543011,134.428826
9.878611,0.326419,32.192927,6.756977,6.756977,134.750176
6.036963,0.213291,21.605521,7.741164,7.741164,115.915128
5.776014,0.227925,19.300654,9.928869,9.928869,120.703382
5.561545,0.201496,17.422236,5.773053,5.773053,125.195488
4.694473,0.195431,15.070983,4.151794,4.151794,106.373171
3.794174,0.155998,13.433226,5.491409,5.491409,102.796685
4.754716,0.156650,13.024118,6.509539,6.509539,100.601386
4.390157,0.145103,13.513490,7.024758,7.024758,100.909331
3.947188,0.151954,13.084072,4.208842,4.208842,97.863362
4.234928,0.174779,12.447185,6.401332,6.401332,97.287920
3.028025,0.152542,9.993939,4.344716,4.344716,47.332598
3.279298,0.189626,11.876965,4.947577,4.947577,50.775759
2.179930,0.075207,9.861532,4.108938,4.108938,49.839801
3.216092,0.120283,10.867547,4.598870,4.598870,52.108544
2.581753,0.081498,4.646782,4.329167,4.329167,37.059644
0.897813,0.040204,4.614816,2.230903,2.230903,39.519608
1.422862,0.028700,3.662247,3.084434,3.084434,29.372564
0.804952,0.022196,3.022021,3.408668,3.408668,36.755384
1.859233,0.049512,5.509645,3.260486,3.260486,48.760391
1.263952,0.049436,4.060863,3.030935,3.030935,36.943208
1.039657,0.018904,2.252933,3.193637,3.193637,27.334849
0.740016,0.025090,3.159888,2.977175,2.977175,36.492036
1.927951,0.023980,5.108990,3.426474,3.426474,33.495740
2.683829,0.058919,6.944395,3.244686,3.244686,26.689053
6.383360,0.072331,26.565089,3.823246,3.823246,70.808552
3.785886,0.076581,13.836485,4.800012,4.800012,45.666818
7.666158,0.213015,26.320824,7.316834,7.316834,120.953582
4.296864,0.128252,14.199182,4.831692,4.831692,46.762032
6.520239,0.311614,18.882473,5.483056,5.483056,55.835628
9.481632,0.231299,18.227081,8.589171,8.589171,65.340334
4.295724,0.117122,13.072253,7.363419,7.363419,55.175832
5.245803,0.096165,10.927082,6.971494,6.971494,66.031010
5.426433,0.119331,18.963986,6.489158,6.489158,57.279548
6.154116,0.225872,27.308367,9.385394,9.385394,74.905513
5.785204,0.152787,28.315010,8.660842,8.660842,74.796337
6.016882,0.150224,27.169467,8.017465,8.017465,100.722875
5.376172,0.136160,26.084396,8.736577,8.736577,99.759058
6.645970,0.195433,26.019816,9.579156,9.579156,103.891032
7.719386,0.185910,25.597888,6.653824,6.653824,99.931461
8.360836,0.157507,24.075572,7.553892,7.553892,99.774172
6.358549,0.129181,22.075881,10.273204,10.273204,97.354968
7.098765,0.128647,22.558486,8.557573,8.557573,99.168604
9.329547,0.121631,23.386535,7.504660,7.504660,100.271904
6.732743,0.107345,22.960581,7.868415,7.868415,101.217187
9.186610,0.185564,31.851502,8.341018,8.341018,108.311999
9.347113,0.187336,27.401950,7.995002,7.995002,107.878475
9.129771,0.175531,30.791781,7.260610,7.260610,107.036040
9.679027,0.188668,32.734808,6.060350,6.060350,110.613638
9.500555,0.181659,28.184113,7.120371,7.120371,101.539070
8.118926,0.209418,31.245559,7.945645,7.945645,102.277894
14.810251,0.292967,45.934258,5.450140,5.450140,120.388155
13.701926,0.156887,29.864202,7.379797,7.379797,109.185154
14.808120,0.258738,43.079403,5.863083,5.863083,125.514362
11.176544,0.135081,30.467010,6.624395,6.624395,110.261692
8.831280,0.102960,28.143643,8.895931,8.895931,130.066197
6.614890,0.113811,18.978133,8.848757,8.848757,99.168410
6.961755,0.116098,18.992935,7.234574,7.234574,96.450449
10.115994,0.104745,26.890700,8.775951,8.775951,107.081244
8.988162,0.061840,17.852360,5.656696,5.656696,95.004215
11.570226,0.091547,27.567365,8.000239,8.000239,111.445440
13.353013,0.101728,31.329992,8.066267,8.066267,122.792512
7.382291,0.098132,31.869477,8.694831,8.694831,116.712503
10.980177,0.156130,29.704680,6.572399,6.572399,127.459083
6.187971,0.133171,16.139080,9.068827,9.068827,91.633776
5.758254,0.098445,17.847134,7.835531,7.835531,81.389634
5.431283,0.066398,12.633612,8.555907,8.555907,63.101247
6.721695,0.047596,14.958697,11.756275,11.756275,69.317188
5.626519,0.044018,14.754045,8.171703,8.171703,62.606016
5.647009,0.040621,15.550493,6.487103,6.487103,65.857185
8.927000,0.108441,30.338610,7.782301,7.782301,92.553414
8.409475,0.045056,21.460435,7.920591,7.920591,64.687763
5.268661,0.044219,29.010955,7.561474,7.561474,78.033592
5.008339,0.022214,14.105209,6.605192,6.605192,52.560849
5.184333,0.015762,15.789632,7.446594,7.446594,55.913812
