1403715893384058112.000000 -0.423478276 0.104149908 0.286160201 -0.603100061 -0.564921081 -0.420369595 0.374731928
1403715894134057984.000000 -0.474282026 0.065072641 0.382499129 -0.607201636 -0.564439952 -0.411003113 0.379196882
1403715896684058112.000000 -1.499154687 0.178737700 0.980575562 -0.626702309 -0.506878972 -0.387992620 0.446967185
1403715896984058112.000000 -1.405234575 0.139242917 1.040445209 -0.639692068 -0.502086282 -0.363117397 0.454806775
1403715897134057984.000000 -1.295246601 0.108932890 1.070847631 -0.646827996 -0.496579260 -0.350207210 0.460844398
1403715899034057984.000000 1.632439017 -0.398337722 1.187841058 -0.686648846 -0.450715423 -0.474275559 0.316909730
1403715900034057984.000000 2.928467512 -0.322456181 0.944913864 -0.673030376 -0.488222241 -0.487094283 0.267223567
1403715901584058112.000000 3.191838264 0.656801701 1.013046145 -0.657663047 -0.427721232 -0.516963065 0.342466116
1403715901884058112.000000 3.040274143 0.552227259 1.058675170 -0.670272231 -0.438296139 -0.502375424 0.325960964
1403715902184058112.000000 2.860278606 0.398348451 1.090184212 -0.668435514 -0.443551689 -0.502869368 0.321835876
1403715904734057984.000000 1.109448552 0.448678017 1.504980922 -0.291389853 -0.747871399 -0.251846075 0.540697634
1403715906034057984.000000 0.810722589 0.307813138 1.024672031 0.096634842 -0.831639111 0.082560197 0.540575504
1403715906134057984.000000 0.799609780 0.273824066 0.992481828 0.144842535 -0.825574636 0.101715259 0.535818338
1403715908734057984.000000 1.240323782 -0.397877604 1.094315052 0.793404520 -0.086524293 0.598138213 0.072480537
1403715911634057984.000000 -0.078485966 0.333196223 0.720382094 -0.306576133 -0.744594812 -0.217249975 0.551717460
1403715912934057984.000000 -0.456863463 -0.607461333 1.005345345 -0.008663140 -0.814171970 0.005200514 0.580535889
1403715915634057984.000000 0.063348070 -2.700947285 0.965037704 0.046541188 -0.827611685 0.037280355 0.558124602
1403715916034057984.000000 -0.244325399 -2.805924416 0.841496766 0.055646934 -0.835167944 0.045202199 0.545302510
1403715918884058112.000000 -1.156686425 -2.568730593 0.299230516 -0.284300327 -0.777473509 -0.178831473 0.531721234
1403715919734057984.000000 -0.943600893 -2.364001513 0.296908170 -0.258185923 -0.781140983 -0.203497753 0.530798912
1403715919984058112.000000 -0.988947213 -2.343394041 0.194019258 -0.255926847 -0.785933614 -0.206018046 0.523800015
1403715921134057984.000000 -1.462066054 -2.362816095 0.424398929 -0.216235042 -0.787159681 -0.120760895 0.564835191
1403715921534057984.000000 -1.532242060 -2.344228268 0.647093117 -0.176929966 -0.805613935 -0.122943223 0.551875949
1403715922884058112.000000 -1.805729866 -2.234574795 1.588355184 -0.180316642 -0.785604060 -0.130007520 0.577416897
1403715923434057984.000000 -1.772938132 -2.275164366 1.785048962 -0.187767044 -0.798949420 -0.116092421 0.559415698
1403715923834057984.000000 -1.736515999 -2.302357674 1.817951560 -0.206841603 -0.786613107 -0.085911810 0.575391650
1403715924234057984.000000 -1.629920483 -2.252116919 1.615911961 -0.185869083 -0.776025116 -0.114224464 0.591769040
1403715924484058112.000000 -1.508588314 -2.215695620 1.469759941 -0.185575634 -0.790610850 -0.117100947 0.571650028
1403715924584058112.000000 -1.455527663 -2.201609373 1.413719416 -0.188699633 -0.797032356 -0.115454093 0.561962962
1403715924934057984.000000 -1.265108347 -2.118001461 1.225646973 -0.245435610 -0.780017674 -0.123044081 0.562311351
1403715925034057984.000000 -1.204204321 -2.079590559 1.177062035 -0.263963640 -0.766364694 -0.146264493 0.567111313
1403715925184058112.000000 -1.101862073 -2.017927885 1.124664903 -0.289564937 -0.743355036 -0.189314514 0.572481871
1403715925284058112.000000 -1.024676204 -1.979321599 1.105875492 -0.314163983 -0.732407391 -0.206993893 0.567480445
1403715928034057984.000000 1.686763525 -1.973195195 0.628511548 -0.746134460 -0.206403896 -0.617549360 0.138973355
1403715930584058112.000000 1.134223342 -2.485095263 0.672292292 0.826537132 -0.020503536 0.559585333 -0.057272859
1403715932734057984.000000 2.768231630 -2.761949778 1.070456505 -0.687127411 -0.024819249 -0.725819647 0.020635156
1403715934484058112.000000 2.442249537 -2.651988268 1.707158327 -0.696205378 0.004968319 -0.717764020 -0.009394253
1403715934684058112.000000 2.506277800 -2.636216164 1.719074965 -0.655161262 0.002121024 -0.755483687 -0.001901530
1403715934934057984.000000 2.292087555 -2.613399267 1.745764852 -0.698019862 0.001686596 -0.715974987 0.012057022
1403715936084058112.000000 1.022933245 -2.565797806 1.470041037 0.885969281 -0.004141094 0.463657320 0.007954347
1403715936384058112.000000 1.271906018 -2.530996799 1.456518531 0.782976210 -0.008138061 0.621862710 0.012988957
1403715936884058112.000000 1.423426747 -2.448150873 1.387936354 0.764890075 -0.024417343 0.643666327 0.006370675
1403715937884058112.000000 0.964414060 -2.290817738 1.022596002 -0.848909736 -0.127696708 -0.505594492 0.086139150
1403715940834057984.000000 1.686024308 -0.955770910 1.323318243 -0.871298313 -0.327416331 -0.336576134 0.142668828
1403715941584058112.000000 2.282057285 -0.165612444 1.707097888 -0.657101274 -0.238972723 -0.661491036 0.271181792
1403715941884058112.000000 2.284108162 -0.108250782 1.679873705 -0.611500323 -0.213628113 -0.698405862 0.304400563
1403715942034057984.000000 2.179873228 -0.204885453 1.641811252 -0.640848577 -0.232235625 -0.674909592 0.282624871
1403715942484058112.000000 1.628724456 -0.760847032 1.306270003 -0.811164141 -0.301419616 -0.462330729 0.193415165
1403715944884058112.000000 1.521987438 -0.989902735 0.863812447 -0.750315607 -0.488474071 -0.359997928 0.262337774
1403715946384058112.000000 1.461070895 -0.829966247 1.301850200 -0.680988371 -0.585798562 -0.331620991 0.288309723
1403715946934057984.000000 1.353601336 -0.341221809 1.510219336 -0.542439640 -0.531107306 -0.470724910 0.449558079
1403715947084058112.000000 1.317627430 -0.266680032 1.548265100 -0.526371717 -0.516222119 -0.488427222 0.466782957
1403715947434057984.000000 1.219721675 -0.354464203 1.587963581 -0.531458735 -0.495593578 -0.496836811 0.474438369
1403715947584058112.000000 1.174665570 -0.500510871 1.554294705 -0.580615461 -0.529102981 -0.440818250 0.434298396
1403715947984058112.000000 1.089674234 -0.899420917 1.352096081 -0.650209844 -0.601897776 -0.328054905 0.327606857
1403715948134057984.000000 1.075006247 -0.964834988 1.264904261 -0.657812357 -0.621298254 -0.302409589 0.299699545
1403715950784058112.000000 0.535664797 0.324097723 0.927375615 -0.366053641 -0.607926607 -0.381337374 0.592462599
1403715950934057984.000000 0.503080308 0.279851645 0.951126218 -0.363459200 -0.603204310 -0.380739033 0.599232733
1403715951634057984.000000 0.526756287 -0.342719048 1.035812974 -0.418985009 -0.795751870 -0.192847446 0.392479926
1403715951834057984.000000 0.443654895 -0.365313262 1.077844977 -0.395014733 -0.816957355 -0.166875005 0.385612190
1403715952834057984.000000 -0.039466329 0.086562000 1.392944455 -0.193372890 -0.657362878 -0.193955302 0.702041566
1403715952934057984.000000 0.036550824 0.061503638 1.417313695 -0.196159482 -0.679119229 -0.185481176 0.682579994
1403715953784058112.000000 0.736554146 -0.163181007 1.294241667 -0.173201263 -0.899115622 -0.060535990 0.397401452
1403715953934057984.000000 0.650826454 -0.095476657 1.294162631 -0.128523916 -0.895940959 -0.080479145 0.417485982
1403715954684058112.000000 -0.160416618 0.003691554 1.222642779 -0.082651190 -0.687644482 -0.097888626 0.714654922
1403715954984058112.000000 -0.098312266 -0.156279743 1.189128518 -0.090076938 -0.744971454 -0.091370314 0.654641271
1403715955434057984.000000 0.262725174 -0.471309274 1.159583092 -0.132592127 -0.867403090 -0.055406228 0.476404577
1403715955584058112.000000 0.323785782 -0.550190985 1.163541555 -0.143410698 -0.887368798 -0.032797966 0.436960459
1403715957584058112.000000 0.910263181 -0.665090799 1.373683453 0.149314404 -0.906010866 0.083291747 0.387184739
1403715957684058112.000000 0.923982799 -0.693510234 1.333579779 0.152858838 -0.910946488 0.077720381 0.375193745
1403715957834057984.000000 0.857436359 -0.764580905 1.286432028 0.156227678 -0.889239073 0.081940308 0.422057658
1403715957984058112.000000 0.714851022 -0.865325212 1.260993004 0.162013277 -0.835327923 0.102635987 0.515213311
1403715958084058112.000000 0.609168947 -0.939276218 1.245948076 0.171042532 -0.793890595 0.119175360 0.571208656
1403715958484058112.000000 0.332275540 -1.192771435 1.160689712 0.213579774 -0.670076966 0.195513293 0.683487475
1403715958784058112.000000 0.433772326 -1.223575234 1.082038522 0.253064513 -0.680271029 0.258057237 0.637649000
1403715958984058112.000000 0.617398381 -1.141004682 1.025722146 0.286194712 -0.734910369 0.295425981 0.539187253
1403715959434057984.000000 0.950044990 -0.848151386 0.908595502 0.431764722 -0.778489113 0.233902022 0.390926868
1403715959834057984.000000 0.957114458 -0.945601463 0.922870874 0.468013465 -0.733217597 0.270382375 0.412612170
1403715960984058112.000000 1.132766008 -0.890348852 1.130306244 0.493022442 -0.717597485 0.259642303 0.417814136
1403715961284058112.000000 1.297928810 -0.768537283 1.185072064 0.499880791 -0.769449890 0.211796805 0.336464524
1403715962034057984.000000 1.279455185 -1.415316105 1.457736015 0.471555114 -0.542743444 0.443236768 0.535356522
1403715962184058112.000000 1.285105824 -1.460246801 1.461199522 -0.461949050 0.498685122 -0.486735255 -0.548639297
1403715964134057984.000000 1.013790965 -0.321270019 0.215235502 0.747810364 -0.355136484 0.499493301 0.255272985
1403715964284058112.000000 1.018431902 -0.318226188 0.232895732 0.761788726 -0.357294619 0.482133508 0.244060934
1403715967034057984.000000 1.428774953 -0.477006227 1.066907525 0.767403126 -0.377273440 0.458951503 0.241082698
1403715967384058112.000000 1.611413360 -0.545868993 1.205766439 0.645456851 -0.318605214 0.617183506 0.317743331
1403715967534057984.000000 1.644205451 -0.494995564 1.255089641 0.643961549 -0.323885709 0.620746374 0.308359593
1403715969384058112.000000 0.910622478 0.325652272 0.883715212 0.836836398 -0.309090018 0.424684823 0.154308259
1403715969884058112.000000 0.972383976 0.298875093 0.773049772 0.823299766 -0.239312485 0.456255049 0.238198280
1403715970334057984.000000 1.418460727 0.285160631 0.764762461 0.681493163 -0.234254867 0.657254696 0.220699236
1403715970534057984.000000 1.493618250 0.385077298 0.770743430 0.674108922 -0.242932841 0.668959677 0.197620347
1403715971034057984.000000 1.314069152 0.704144359 0.798220575 0.836988032 -0.337265015 0.424206764 0.075841911
1403715971334057984.000000 1.343483925 0.574021876 0.915276527 0.857791543 -0.237709686 0.432978898 0.142186671
1403715973784058112.000000 0.683915436 0.429373950 1.351602197 0.854134679 -0.074862517 0.514159799 -0.022120019
1403715976434057984.000000 1.087547779 -1.178970098 1.297913790 -0.819734514 0.000310129 -0.572144210 -0.026195569
1403715978034057984.000000 1.617647648 -0.587898314 1.283989787 -0.738361180 -0.342167825 -0.544211924 0.203905478
1403715978234057984.000000 1.615219116 -0.434922785 1.275808692 -0.690168798 -0.422127903 -0.537453353 0.237947673
1403715980334057984.000000 0.133190438 -0.106218696 1.333669543 -0.029896656 -0.782410443 -0.078099459 0.617122829
1403715980484058112.000000 0.074269406 -0.279394209 1.344571114 0.023709971 -0.781887710 -0.022015376 0.622579038
1403715980634057984.000000 0.045919351 -0.464414001 1.352950454 0.076343410 -0.776103556 0.040752221 0.624639392
1403715980784058112.000000 0.048706517 -0.649613321 1.356800437 0.133085191 -0.770395100 0.098046429 0.615765095
1403715981134057984.000000 0.158783168 -1.038735867 1.359331846 0.270264655 -0.732057452 0.230144411 0.581448674
1403715981484058112.000000 0.380791306 -1.293706536 1.373709321 0.413771331 -0.651873946 0.358063191 0.525018454
1403715981784058112.000000 0.615659833 -1.344532847 1.398095012 0.529032826 -0.552888334 0.447730541 0.462575674
1403715981934057984.000000 0.737155676 -1.302256227 1.401317954 0.594217956 -0.517214298 0.461519092 0.407915056
1403715982234057984.000000 0.971438527 -1.143049836 1.415524006 0.675112844 -0.424543381 0.503702819 0.332067996
1403715982584058112.000000 1.226939201 -0.868516326 1.434427500 0.737516582 -0.308057398 0.548763633 0.245007157
1403715982784058112.000000 1.356074929 -0.668271124 1.440301299 0.765325308 -0.230183184 0.571449280 0.186383232
1403715983134057984.000000 1.521412849 -0.262775958 1.446753740 0.795444608 -0.090049341 0.594222426 0.077837028
1403715983284058112.000000 1.565699458 -0.075329497 1.448833823 0.798871219 -0.028466856 0.600232482 0.026749581
1403715983434057984.000000 1.591446042 0.114102021 1.449515939 -0.796446681 -0.039123915 -0.602958083 0.024161218
1403715983584058112.000000 1.596276760 0.301081121 1.453734994 -0.777666569 -0.101468094 -0.614425361 0.086142533
1403715983734057984.000000 1.573788047 0.475520581 1.459027648 -0.754087329 -0.157447100 -0.620143592 0.148272753
1403715984034057984.000000 1.432332516 0.743202984 1.469903231 -0.718255103 -0.260879546 -0.596290052 0.245946512
1403715984234057984.000000 1.279495358 0.842920959 1.479367018 -0.703466654 -0.323118001 -0.559221983 0.296648473
1403715984334057984.000000 1.193629265 0.868354201 1.486958385 -0.691384852 -0.351439327 -0.544210434 0.319863170
1403715984484058112.000000 1.058279991 0.876444459 1.501100540 -0.667721331 -0.395776302 -0.525661230 0.348123014
1403715984584058112.000000 0.965292990 0.862714112 1.509282351 -0.655468285 -0.430608332 -0.505650997 0.359520406
1403715984634057984.000000 0.918249428 0.851309478 1.512860060 -0.649168611 -0.450272053 -0.494529784 0.362319648
1403715984834057984.000000 0.726263225 0.786145568 1.524060965 -0.614730775 -0.514856875 -0.442899257 0.401084632
1403715985234057984.000000 0.392828792 0.582397640 1.546750188 -0.527529359 -0.599202931 -0.395260781 0.454354048
1403715985284058112.000000 0.357071102 0.549440682 1.550385118 -0.519761443 -0.606444716 -0.399376512 0.450079143
1403715985584058112.000000 0.141645506 0.317236811 1.566618323 -0.542354167 -0.603728235 -0.396236390 0.429372698
1403715985984058112.000000 -0.148858339 0.010043308 1.524796963 -0.621815085 -0.573195934 -0.359374076 0.394515753
1403715986484058112.000000 -0.388365418 -0.195812002 1.303650141 -0.603360713 -0.554150403 -0.405017197 0.405997902
1403715986684058112.000000 -0.448097259 -0.258897960 1.195246100 -0.615287066 -0.577789962 -0.382241160 0.376128107
1403715987184058112.000000 -0.566396296 -0.259940743 0.973339260 -0.616965532 -0.529836178 -0.409468323 0.413476646
1403715987534057984.000000 -0.579103410 -0.260570526 0.844250977 -0.628282964 -0.510022879 -0.437848657 0.391696036
1403715988034057984.000000 -0.556997895 -0.313877553 0.693218350 -0.637679696 -0.541360080 -0.416988313 0.355548382
1403715988484058112.000000 -0.549686790 -0.297553629 0.615200400 -0.614084840 -0.528271079 -0.440240830 0.387320966
1403715988934057984.000000 -0.534622312 -0.319055885 0.571772933 -0.634058118 -0.525935113 -0.415766865 0.385357499
1403715989234057984.000000 -0.485731721 -0.336465865 0.567832947 -0.632437944 -0.531438529 -0.422683060 0.372738928
1403715989734057984.000000 -0.390303254 -0.325332373 0.568051755 -0.624709010 -0.525681973 -0.437221467 0.377139986
1403715990084058112.000000 -0.333266914 -0.310819685 0.542056620 -0.615613461 -0.530298531 -0.445749015 0.375648052
1403715990534057984.000000 -0.310976446 -0.312931806 0.461393088 -0.614807308 -0.539444625 -0.441718549 0.368641078
1403715990884058112.000000 -0.346772403 -0.301986933 0.348632604 -0.620369613 -0.547622681 -0.432332695 0.358244956
1403715991184058112.000000 -0.408225209 -0.264664948 0.303892076 -0.614238739 -0.542694032 -0.439692169 0.367239475
1403715991534057984.000000 -0.408668518 -0.263999343 0.301394343 -0.614959896 -0.539441168 -0.438680887 0.372003734
1403715991834057984.000000 -0.409531981 -0.263987750 0.299279690 -0.615514636 -0.538601637 -0.438027352 0.373071194
1403715992334057984.000000 -0.410373032 -0.264705479 0.299083203 -0.615509570 -0.538743079 -0.438096911 0.372793436
1403715992834057984.000000 -0.410871834 -0.266392380 0.300105512 -0.615753472 -0.538461506 -0.437994689 0.372917801
1403715993334057984.000000 -0.411103249 -0.267682910 0.300455600 -0.615895748 -0.538466871 -0.437736273 0.372978479
1403715993734057984.000000 -0.411161691 -0.267014980 0.300512403 -0.615668952 -0.538146436 -0.438238651 0.373225152
