#Stereo rect[ms], MP culling[ms], MP creation[ms], LBA[ms], KF culling[ms], Total[ms]
6.602328,0.066005,0.639724,0.009067,0.009067,7.324913
8.002836,0.247979,4.274214,0.003489,0.003489,12.531145
6.019372,0.184339,2.820545,0.218325,0.218325,21.006247
6.015244,0.234939,3.909147,0.380469,0.380469,26.086623
10.955777,0.443808,20.752487,0.625179,0.625179,62.541201
10.090664,0.382969,23.691928,1.172701,1.172701,73.882990
10.326770,0.179291,20.376176,1.363241,1.363241,74.920867
6.030076,0.230040,10.424162,1.127782,1.127782,61.819472
5.251592,0.186996,9.657980,1.186084,1.186084,56.879156
5.076247,0.201940,9.891264,87.574250,87.574250,146.839453
3.613073,0.093755,8.953798,1.438360,1.438360,45.488415
3.535150,0.151720,9.505532,1.748511,1.748511,54.904696
3.843495,0.168975,13.816949,2.433412,2.433412,100.839950
2.192766,0.054823,4.964708,1.512205,1.512205,44.326325
2.957232,0.085091,7.892071,2.228352,2.228352,67.116185
3.983655,0.082984,10.573006,2.195530,2.195530,61.165282
4.067691,0.106926,10.693222,2.223147,2.223147,63.554548
3.516730,0.101396,9.978966,2.978999,2.978999,65.703632
5.761187,0.163670,13.680939,3.704055,3.704055,87.875266
4.006323,0.096438,9.689189,3.204021,3.204021,67.992274
3.148614,0.079087,7.570276,4.666050,4.666050,74.155913
6.576418,0.143314,19.953853,2.880754,2.880754,85.377195
9.213275,0.244206,43.764943,3.460772,3.460772,116.022109
7.398354,0.175462,27.945922,2.894103,2.894103,107.521577
5.810527,0.309630,26.439618,2.866374,2.866374,91.143084
4.161176,0.164942,17.281997,3.393411,3.393411,73.152652
1.857401,0.102114,5.909191,2.923737,2.923737,38.031168
2.701044,0.066964,8.301432,2.701177,2.701177,66.001139
2.215410,0.063750,7.861256,2.736855,2.736855,174.481867
1.996800,0.097810,5.596235,2.342478,2.342478,34.102367
1.989640,0.026979,5.705710,2.455974,2.455974,32.605497
3.056236,0.064091,9.228623,3.278883,3.278883,41.980677
6.872126,0.361912,14.560506,1.987769,1.987769,91.450475
8.019859,0.621411,20.782942,1.374639,1.374639,111.595254
7.324487,0.712902,19.863608,0.706641,0.706641,106.758376
6.324046,0.711559,15.407423,0.502939,0.502939,92.664681
4.104175,0.186376,11.699991,1.535957,1.535957,87.119182
5.166856,0.308987,14.208781,0.536410,0.536410,82.355486
3.145023,0.123578,7.820699,0.539452,0.539452,68.261590
3.015051,0.100422,7.873281,0.908010,0.908010,69.506066
2.322348,0.103592,5.971074,0.698278,0.698278,38.838843
3.138445,0.137822,8.612742,1.344301,1.344301,82.817821
2.442110,0.094143,6.666776,1.870250,1.870250,76.777695
2.338635,0.076419,6.136791,0.758780,0.758780,63.271406
2.872874,0.089912,8.730093,1.178355,1.178355,68.207350
2.266598,0.063522,5.389850,1.078943,1.078943,36.260591
3.306964,0.064062,10.276387,1.074876,1.074876,53.593422
3.058962,0.047265,7.375488,0.991336,0.991336,54.140723
3.483643,0.069866,8.584142,1.103120,1.103120,75.193063
2.641928,0.079640,6.493834,1.014973,1.014973,61.208428
3.323558,0.089447,7.126492,1.743904,1.743904,63.862247
3.200361,0.104083,8.453662,1.375630,1.375630,69.456166
2.455615,0.074823,6.619154,1.436118,1.436118,69.189060
2.374308,0.063811,5.716963,0.924056,0.924056,62.385316
3.601955,0.104454,9.731121,1.540176,1.540176,68.662728
3.973049,0.143752,9.977985,1.441181,1.441181,69.759852
3.173150,0.097755,9.296290,1.327443,1.327443,55.596440
2.170063,0.092325,6.106612,1.143981,1.143981,35.242068
2.867601,0.065829,7.783126,1.401672,1.401672,59.029358
2.532104,0.081960,5.634115,1.606424,1.606424,55.985523
3.137137,0.098200,10.896224,1.681867,1.681867,39.158137
2.211750,0.064074,3.946467,1.188699,1.188699,25.083452
5.171702,0.167471,17.781461,5.724035,5.724035,57.936332
6.934061,0.152387,15.057194,2.585420,2.585420,82.237046
3.132646,0.097620,9.292915,1.716607,1.716607,65.046514
5.180682,0.174770,14.233365,4.330265,4.330265,69.578262
4.565910,0.151792,12.841767,2.642336,2.642336,66.447907
6.631925,0.134129,12.389348,2.933561,2.933561,70.679790
5.637515,0.170995,11.942826,2.820188,2.820188,73.601320
4.280591,0.182724,13.134474,2.188632,2.188632,70.037047
4.782663,0.134071,16.110230,1.691035,1.691035,72.085758
4.630473,0.135111,15.103313,2.096210,2.096210,74.703422
9.249685,0.370069,36.598839,2.360209,2.360209,115.566115
4.764575,0.157625,14.181114,2.633087,2.633087,72.507693
3.519174,0.125634,11.077701,2.571081,2.571081,66.869823
3.867396,0.173117,11.525013,3.076499,3.076499,70.706119
2.092705,0.096164,5.413339,2.270339,2.270339,58.597405
3.205871,0.203794,10.597634,1.489449,1.489449,55.700647
2.719789,0.086291,7.132852,2.116038,2.116038,70.417164
1.944966,0.068904,3.957820,1.586859,1.586859,61.991786
3.772905,0.148793,9.274720,2.424581,2.424581,84.188137
3.733405,0.110733,7.424777,1.950173,1.950173,66.376051
5.248955,0.419755,14.315399,2.126490,2.126490,100.659839
4.290987,0.244677,9.899663,2.387335,2.387335,90.626111
4.702622,0.329213,9.583029,1.744896,1.744896,75.869600
4.124923,0.224219,8.444354,1.175673,1.175673,72.520267
3.964552,0.128481,5.168862,1.730566,1.730566,64.305951
4.383830,0.203430,8.333340,1.378435,1.378435,77.030241
6.009076,0.410509,13.005302,1.530109,1.530109,83.609286
4.992060,0.442751,9.980219,0.524884,0.524884,94.377725
5.462330,0.436605,8.937963,0.453585,0.453585,85.047416
5.762325,0.503240,11.638806,1.359630,1.359630,108.122928
6.454537,0.588758,12.857932,2.100090,2.100090,94.135107
5.888085,0.419830,7.430194,1.372661,1.372661,244.702931
4.513297,0.311437,6.603687,0.757825,0.757825,72.093276
6.410979,0.517556,8.942336,1.262203,1.262203,87.541253
8.465282,0.849539,17.310903,1.185083,1.185083,103.787986
8.732965,0.727662,21.563764,1.330109,1.330109,124.640151
4.646010,0.422525,8.962523,1.615222,1.615222,79.795673
3.165867,0.343918,5.830159,1.171617,1.171617,69.679318
2.066682,0.181922,4.582645,0.654377,0.654377,38.768045
1.720256,0.078457,4.200389,1.008430,1.008430,34.294081
2.000720,0.070320,4.262763,0.792392,0.792392,36.105662
1.993193,0.058717,4.069483,1.025425,1.025425,31.920335
3.305776,0.075930,5.275473,1.478883,1.478883,66.566472
3.830773,0.260205,9.811762,1.516827,1.516827,101.226449
5.474586,0.317551,11.369787,0.364003,0.364003,90.690785
4.251349,0.323783,11.053032,1.187807,1.187807,84.628029
2.050008,0.242782,4.511426,1.111573,1.111573,68.230935
2.203805,0.233256,4.718957,0.587787,0.587787,31.827203
1.629539,0.106770,4.034877,0.623485,0.623485,33.802416
1.377545,0.075768,3.508644,0.586604,0.586604,27.746791
1.253321,0.073551,3.763546,0.705126,0.705126,25.161314
1.052846,0.029783,2.283717,0.834646,0.834646,18.542777
1.630613,0.055233,4.389135,0.733582,0.733582,30.106135
1.813424,0.070869,2.584519,0.552641,0.552641,23.144051
1.368812,0.050220,2.853693,0.354737,0.354737,24.993581
1.342649,0.037426,2.780707,0.497139,0.497139,27.805825
2.082542,0.049003,4.769115,1.268984,1.268984,63.716821
2.256451,0.092103,5.069962,1.322428,1.322428,59.433681
3.354784,0.060293,4.112032,1.374170,1.374170,57.236700
2.913950,0.094497,5.572065,1.125808,1.125808,61.697036
2.175139,0.073047,4.061329,1.441810,1.441810,57.772029
2.806254,0.091523,5.659567,1.174751,1.174751,65.610672
2.936829,0.106304,7.011940,0.946961,0.946961,67.805589
3.450343,0.147565,7.518866,1.184740,1.184740,66.716293
3.951855,0.109659,8.502110,1.446595,1.446595,72.357767
3.798246,0.156338,7.946767,1.060300,1.060300,69.547108
5.162945,0.362755,13.984872,1.714028,1.714028,87.880665
5.055978,0.311124,11.542562,1.256406,1.256406,96.636567
4.879349,0.398715,10.269534,1.371954,1.371954,95.521639
4.760641,0.296971,9.562426,1.637790,1.637790,94.620263
5.351340,0.222618,12.232814,1.064209,1.064209,90.555630
5.423965,0.366583,11.548934,2.287659,2.287659,90.820496
3.226959,0.232235,6.478660,1.309182,1.309182,66.449780
5.465077,0.269098,6.875840,1.329634,1.329634,65.562758
4.064376,0.189136,9.770463,1.401388,1.401388,64.722054
4.347575,0.178347,9.006445,1.819843,1.819843,65.157622
3.433666,0.083333,6.108558,1.717261,1.717261,61.830857
3.462996,0.077907,6.309675,1.732736,1.732736,61.563048
4.195627,0.096226,8.841491,1.975424,1.975424,65.525571
6.304650,0.173430,15.110973,3.283869,3.283869,96.792289
3.645019,0.073630,6.597900,1.431547,1.431547,61.684109
6.457547,0.198789,16.564348,2.859305,2.859305,98.281355
6.407912,0.208185,10.132839,1.588057,1.588057,75.110514
6.508626,0.171810,12.093290,1.772508,1.772508,76.645096
5.607648,0.207315,13.313825,2.410337,2.410337,81.755088
4.600327,0.133898,10.466508,1.291562,1.291562,69.523727
2.901900,0.081512,6.835367,2.208050,2.208050,61.579387
4.212429,0.121888,12.090857,2.229286,2.229286,79.013340
2.459412,0.072692,6.361613,1.639592,1.639592,61.938601
2.656135,0.078658,7.467767,2.036756,2.036756,40.801714
2.154365,0.058095,4.993986,2.418540,2.418540,54.772930
1.832459,0.062796,5.168309,2.122366,2.122366,47.364669
1.720504,0.042510,4.382213,2.578426,2.578426,48.956758
2.026809,0.052120,4.997846,1.401065,1.401065,29.261563
2.235052,0.040877,5.146278,2.207757,2.207757,53.990687
2.824301,0.103049,4.260582,1.818923,1.818923,31.111604
2.188300,0.048369,5.294002,2.657916,2.657916,34.350980
3.565647,0.038488,5.902943,2.437367,2.437367,35.029531
2.780922,0.066944,8.300331,2.291823,2.291823,61.540453
2.981352,0.062165,7.781356,2.206379,2.206379,66.620754
1.642133,0.048819,4.401400,2.369465,2.369465,52.635403
1.941590,0.035281,4.520309,2.499311,2.499311,48.449851
1.793201,0.020567,4.757276,3.795732,3.795732,46.897381
1.334458,0.020359,3.432160,1.744296,1.744296,41.568678
1.361220,0.021337,3.233816,2.580785,2.580785,43.108517
1.421154,0.016918,3.181258,1.768813,1.768813,30.126661
1.990420,0.021510,4.205221,1.604721,1.604721,51.573536
1.382301,0.023282,3.247984,1.929287,1.929287,23.716567
1.332076,0.023430,3.341918,2.047498,2.047498,24.486639
2.105871,0.027887,5.142662,2.186097,2.186097,63.040104
2.381279,0.041027,5.905844,2.739167,2.739167,65.489100
1.852324,0.047719,4.938879,2.542967,2.542967,53.894015
2.061938,0.042708,4.833780,2.803249,2.803249,32.580006
1.945030,0.047977,4.823025,2.128996,2.128996,55.613083
3.124277,0.074638,9.054616,3.165253,3.165253,70.296270
2.995977,0.073551,9.011453,2.691604,2.691604,69.462087
3.579544,0.080429,10.112631,2.300899,2.300899,65.854194
3.867479,0.093868,8.998988,2.674920,2.674920,64.349055
4.090146,0.123658,10.474632,2.248071,2.248071,66.517128
4.397112,0.137693,10.715590,2.845072,2.845072,69.634385
6.723862,0.240158,21.672784,3.740071,3.740071,87.576210
8.110897,0.300911,23.274326,2.919527,2.919527,87.199022
10.062912,0.339353,30.963537,2.143162,2.143162,110.017912
8.400633,0.255875,19.445004,4.206342,4.206342,92.653379
9.318206,0.353280,23.283496,2.229680,2.229680,102.546512
4.464153,0.119188,10.431677,2.307898,2.307898,73.628250
8.314140,0.281224,28.019018,3.314125,3.314125,108.131115
6.522677,0.198268,16.762296,3.310903,3.310903,84.583168
4.303150,0.116186,11.072412,3.268758,3.268758,70.692560
5.800436,0.104069,11.095608,3.791031,3.791031,77.888570
7.950880,0.236946,14.600577,3.573412,3.573412,85.958512
3.962398,0.133217,11.792916,3.565311,3.565311,73.336561
4.845530,0.138399,13.357959,3.979290,3.979290,76.831054
5.339970,0.173658,15.705590,4.110812,4.110812,83.639687
2.951112,0.090052,7.750109,4.242300,4.242300,69.498466
3.961249,0.095675,8.681655,3.490518,3.490518,69.798192
3.876799,0.096260,11.806465,3.049121,3.049121,74.566559
2.212880,0.083694,6.172129,2.937195,2.937195,70.019720
3.020371,0.091066,6.899322,4.738500,4.738500,74.185658
2.161043,0.050909,7.088275,4.039920,4.039920,42.432526
1.826228,0.034151,4.994704,3.695517,3.695517,56.993403
2.776433,0.034097,5.173501,4.486870,4.486870,40.273565
1.647089,0.033342,4.324328,2.170286,2.170286,32.210442
1.375251,0.022103,3.845854,3.577727,3.577727,32.160002
1.341936,0.020393,3.727026,2.390026,2.390026,28.482946
1.055104,0.018957,3.359660,2.472429,2.472429,27.339362
1.253639,0.015134,3.055151,2.436802,2.436802,27.740719
1.113855,0.015673,2.754210,2.799884,2.799884,26.536974
1.024229,0.015926,3.069068,2.327645,2.327645,26.175246
1.336040,0.023930,3.801640,2.596147,2.596147,31.616705
2.082032,0.060672,7.783427,3.604567,3.604567,54.105713
1.298755,0.033262,3.913992,2.847076,2.847076,32.717748
1.323926,0.022806,3.833178,2.618905,2.618905,31.378971
2.566756,0.060597,8.636339,4.458752,4.458752,42.238994
2.669550,0.044179,9.392958,3.772888,3.772888,54.944126
3.428575,0.073022,9.450030,3.903639,3.903639,64.840378
2.318050,0.049282,4.387794,2.834023,2.834023,33.770511
3.562446,0.097541,8.759137,4.109413,4.109413,84.640397
2.244207,0.032883,4.631794,2.352933,2.352933,28.940538
2.237144,0.029150,5.571981,3.276936,3.276936,57.476354
1.886542,0.027374,4.054603,3.192365,3.192365,50.063729
1.652660,0.028481,4.399838,3.062055,3.062055,60.856389
2.125309,0.032970,4.372641,2.591180,2.591180,29.034193
3.718378,0.057919,9.931217,2.470575,2.470575,77.256241
2.563417,0.032666,5.233033,2.646361,2.646361,54.919778
1.978836,0.022088,3.454128,2.855102,2.855102,52.381083
2.713436,0.025600,3.770965,2.548321,2.548321,50.281845
2.110911,0.021376,3.827586,2.585097,2.585097,50.330247
1.999586,0.021759,3.870345,2.803860,2.803860,52.303033
1.708989,0.022199,5.003704,3.131864,3.131864,53.014809
1.937029,0.034121,4.651522,2.478770,2.478770,59.464704
2.481367,0.040041,6.850025,4.284064,4.284064,68.005490
2.499883,0.047294,5.967696,3.039206,3.039206,27.343039
3.033974,0.050779,8.187941,2.894638,2.894638,64.416344
3.609821,0.075742,9.629785,3.898543,3.898543,69.871155
2.872437,0.062494,6.632185,2.376734,2.376734,29.488976
3.798078,0.082450,10.246163,4.531349,4.531349,70.522225
3.048468,0.076188,8.985555,3.916459,3.916459,65.373115
5.198892,0.116127,13.261744,2.793555,2.793555,71.793432
5.193243,0.105106,14.629605,4.331954,4.331954,75.796475
5.969463,0.162919,17.512078,5.124506,5.124506,82.572860
5.736727,0.158802,24.112169,4.379353,4.379353,92.577587
4.778093,0.126043,13.787817,2.001369,2.001369,72.889904
7.294023,0.339861,29.149131,3.481123,3.481123,113.846442
6.591721,0.308189,19.968931,4.197132,4.197132,85.290135
3.216037,0.143435,10.129979,4.265584,4.265584,70.587934
2.850650,0.091511,8.975682,3.011659,3.011659,67.504800
3.619253,0.121715,11.468422,3.233066,3.233066,69.757532
2.394342,0.088164,7.165105,3.482265,3.482265,66.013846
2.472369,0.085613,7.579818,3.337236,3.337236,65.867379
3.730644,0.109026,12.185959,3.467322,3.467322,73.011571
2.133771,0.068111,6.348937,3.255692,3.255692,64.184632
3.204919,0.127691,8.682608,2.783665,2.783665,68.059474
2.749483,0.123154,7.952936,2.359559,2.359559,66.824659
3.425621,0.121632,6.802172,2.317641,2.317641,63.458826
6.136180,0.227643,13.267705,3.114711,3.114711,84.426376
8.589601,0.305539,28.137418,2.665417,2.665417,110.698261
10.129900,0.719535,26.652853,2.964039,2.964039,118.183214
6.704905,0.392695,17.233790,1.847985,1.847985,96.589150
6.434575,0.237648,14.697232,2.925399,2.925399,93.744720
6.012301,0.165583,14.006312,2.948975,2.948975,95.669434
6.943044,0.147515,14.662293,3.437649,3.437649,98.437983
6.306063,0.176339,16.826036,3.286333,3.286333,99.621725
5.538343,0.162262,15.346552,4.042363,4.042363,101.849445
6.066804,0.200735,14.591893,2.912394,2.912394,95.145302
8.374604,0.398115,23.615950,3.318069,3.318069,120.252420
5.237567,0.282498,12.345979,2.137383,2.137383,95.658078
8.283096,0.556968,23.076309,2.209771,2.209771,116.202245
7.765962,0.372972,14.457223,2.771642,2.771642,114.816635
4.537557,0.256810,10.374033,2.654791,2.654791,99.721047
7.081318,0.425718,13.010406,1.694288,1.694288,108.025949
6.279478,0.333937,18.242776,2.439465,2.439465,120.080521
8.632073,0.476317,25.112678,2.993111,2.993111,125.988892
5.367292,0.216463,13.318905,3.761546,3.761546,117.207761
8.861062,0.311549,24.894277,5.044440,5.044440,137.347724
10.712838,0.469648,30.105743,3.190711,3.190711,125.642091
11.434414,0.405738,28.647052,3.648263,3.648263,124.905351
6.539500,0.232227,18.183025,2.847372,2.847372,115.932214
6.232872,0.196107,14.454201,2.563068,2.563068,102.177886
11.505906,0.420805,32.030668,5.140885,5.140885,142.461867
9.581465,0.434534,24.808150,2.542280,2.542280,118.752417
5.043879,0.231015,12.081447,4.336011,4.336011,102.813415
3.989440,0.233368,9.763347,2.895740,2.895740,96.735185
3.405094,0.166095,8.807114,3.339942,3.339942,104.476957
2.819140,0.103794,5.799919,4.238202,4.238202,84.005768
1.735675,0.070321,4.574044,2.141146,2.141146,79.637317
1.810336,0.075352,5.154880,3.821997,3.821997,87.551231
3.649123,0.142104,13.610334,4.840363,4.840363,124.092625
5.866906,0.166490,19.953426,4.552119,4.552119,127.669593
4.306278,0.097035,11.643977,4.932973,4.932973,95.751541
4.756090,0.136527,12.944600,5.243079,5.243079,110.521658
5.136776,0.191045,13.789285,4.290727,4.290727,129.257816
8.690592,0.226914,18.004353,5.244390,5.244390,117.277196
6.915160,0.229789,22.058494,3.479341,3.479341,116.028029
2.618943,0.184882,7.204408,4.206276,4.206276,48.391034
2.309692,0.169505,8.432437,5.368873,5.368873,89.633506
1.664500,0.086822,4.983072,3.746759,3.746759,36.211504
1.185772,0.077447,3.168559,2.698090,2.698090,30.564189
1.464924,0.040252,3.481772,3.022939,3.022939,30.682445
3.073748,0.112555,9.701175,2.836992,2.836992,124.403717
2.676962,0.153057,9.127227,4.299707,4.299707,71.641999
3.417431,0.187853,12.378052,5.700668,5.700668,60.252620
7.708988,0.156220,29.869144,4.658937,4.658937,121.066034
11.446534,0.263138,42.542357,7.198610,7.198610,152.145719
11.599927,0.376869,37.245607,5.882051,5.882051,126.478567
7.499680,0.195204,18.212781,6.137707,6.137707,111.933822
6.827397,0.174772,16.199272,7.593212,7.593212,102.053113
7.481218,0.222335,12.195702,8.657327,8.657327,100.038683
10.819570,0.367619,33.977208,7.279083,7.279083,129.921100
8.872102,0.195061,25.797117,6.827933,6.827933,123.917245
10.571814,0.254567,37.807769,10.430907,10.430907,140.599329
8.743110,0.223671,24.709155,8.392676,8.392676,126.700199
9.446391,0.360400,37.734337,7.142979,7.142979,141.285018
6.526081,0.328018,21.976246,7.851121,7.851121,125.628579
9.050303,0.254283,22.309529,7.146925,7.146925,120.070914
6.954556,0.229547,20.742424,6.659066,6.659066,122.186367
5.746844,0.175990,19.035284,6.349977,6.349977,125.079037
6.847962,0.297575,18.858287,4.630795,4.630795,122.520834
6.820799,0.295069,17.369037,4.986946,4.986946,123.682595
9.867708,0.599872,35.695400,5.750408,5.750408,148.333164
7.803360,0.280940,24.318006,6.292324,6.292324,130.791407
7.388394,0.364361,26.166470,6.349901,6.349901,126.228198
7.221009,0.409402,22.327777,5.376684,5.376684,119.656997
11.894201,0.638120,25.992619,8.661826,8.661826,134.697615
5.745396,0.169757,19.750901,6.220275,6.220275,121.630380
7.393971,0.255875,20.761883,7.224270,7.224270,124.578894
6.467784,0.349573,24.103461,8.072780,8.072780,128.218572
5.593226,0.344811,15.167282,5.575014,5.575014,123.037653
4.125545,0.328816,12.143591,4.779410,4.779410,117.840677
2.900174,0.217774,7.514886,5.703290,5.703290,103.072631
2.375790,0.123104,6.486059,5.690390,5.690390,96.142232
5.279502,0.244299,15.758406,2.070561,2.070561,138.062489
3.432956,0.095307,6.825685,5.072367,5.072367,113.721691
3.097253,0.176945,10.188064,5.823996,5.823996,122.887047
4.227412,0.098715,13.528651,5.751322,5.751322,115.927623
7.093547,0.160859,32.751821,9.051011,9.051011,145.630877
6.303245,0.153457,16.275549,0.000000,0.000000,22.732949
16.195581,0.495094,46.204388,17.144825,17.144825,195.985362
7.301050,0.233205,22.913192,10.370132,10.370132,150.166389
15.644029,0.562159,29.318408,5.280471,5.280471,159.678942
8.178063,0.226939,25.212112,9.849913,9.849913,132.279016
6.724527,0.196207,21.647935,7.900731,7.900731,128.235395
7.425002,0.267784,21.485155,6.852669,6.852669,125.221001
13.086947,0.490160,45.910245,7.992594,7.992594,182.664408
8.971548,0.338961,26.241574,8.351392,8.351392,139.538108
7.035613,0.175426,23.561549,11.622624,11.622624,140.770395
6.602832,0.233731,20.343860,9.273407,9.273407,132.925207
8.086564,0.256197,24.213116,10.843052,10.843052,143.379871
7.984890,0.403986,24.160374,11.821605,11.821605,167.999748
6.257487,0.274732,24.067049,10.471721,10.471721,147.155372
3.697858,0.231357,13.607998,7.934569,7.934569,127.045665
3.971080,0.246911,12.629266,10.910952,10.910952,118.256042
4.631982,0.213365,12.708747,6.120496,6.120496,127.233897
4.913493,0.136749,15.567178,10.254431,10.254431,128.911051
12.616837,0.577634,21.737126,10.059290,10.059290,148.411825
12.318243,0.257119,31.433079,10.340467,10.340467,154.298986
3.334962,0.256939,14.828769,8.178302,8.178302,126.724242
6.910754,0.532373,36.597313,13.759655,13.759655,151.258169
3.148354,0.237963,14.993098,8.854277,8.854277,119.340904
3.002129,0.181097,9.419114,5.597632,5.597632,116.808584
3.951390,0.287195,11.132159,5.415154,5.415154,121.288112
3.604319,0.149331,13.857031,10.418976,10.418976,120.953458
3.660685,0.179520,19.584391,9.130481,9.130481,76.222458
4.418876,0.060265,17.059708,11.209785,11.209785,123.299108
7.238022,0.050063,27.696345,8.833635,8.833635,126.249936
6.815427,0.095716,24.742611,8.928098,8.928098,122.503329
7.963829,0.264433,33.029611,10.716630,10.716630,139.878745
6.065217,0.245692,24.611912,9.351126,9.351126,126.497138
4.980206,0.277443,23.582823,7.610378,7.610378,120.992621
4.386510,0.246372,19.327368,7.081356,7.081356,121.389251
4.402473,0.187199,15.180399,8.210208,8.210208,113.828417
4.619566,0.191032,16.333414,5.898438,5.898438,117.516423
3.043233,0.112363,11.882627,6.180239,6.180239,107.144824
1.914082,0.064528,7.032056,7.706382,7.706382,48.354563
3.388278,0.038585,11.644373,8.202493,8.202493,95.620961
5.037877,0.057915,18.572730,6.178429,6.178429,127.001877
9.018859,0.270699,28.410023,8.418242,8.418242,132.734134
7.014941,0.196929,20.787204,7.077427,7.077427,121.298987
12.601867,0.541919,39.581697,6.663026,6.663026,154.175900
7.210630,0.247616,25.439565,8.914540,8.914540,128.671147
6.329959,0.235552,26.613456,9.446021,9.446021,140.788807
2.499016,0.304426,10.613936,6.755284,6.755284,115.385271
1.967293,0.265271,7.949384,4.743119,4.743119,69.137887
2.326614,0.121567,8.336374,6.082754,6.082754,68.694665
4.992533,0.192656,22.065153,6.256834,6.256834,106.371136
3.982370,0.165702,15.805623,7.860980,7.860980,77.841019
3.368714,0.150684,14.524368,6.726065,6.726065,106.513364
3.070392,0.092001,11.545565,8.870867,8.870867,110.113844
8.904277,0.196317,29.578696,11.094911,11.094911,141.756994
9.295632,0.269390,29.572014,6.292701,6.292701,132.101194
6.937238,0.308035,37.990752,6.541580,6.541580,145.791120
6.183064,0.376499,24.065650,6.957607,6.957607,83.527164
3.021790,0.179136,13.791215,7.533307,7.533307,102.893701
1.917599,0.137048,9.029010,6.309264,6.309264,52.478493
3.354930,0.137198,14.767414,6.929749,6.929749,75.833204
3.179883,0.075931,11.210969,5.550634,5.550634,69.100008
4.035950,0.087143,14.626907,8.694162,8.694162,100.791411
2.894393,0.078601,10.054411,5.166225,5.166225,63.565419
3.157336,0.104008,9.797731,4.697343,4.697343,64.886100
4.260255,0.206121,13.544657,4.802703,4.802703,98.845822
2.862182,0.137410,11.592828,6.628874,6.628874,88.331812
3.538547,0.113216,11.365024,7.981598,7.981598,93.055120
2.884283,0.093353,10.055107,6.738300,6.738300,86.401711
2.713902,0.101068,9.445400,6.424404,6.424404,86.528852
2.992862,0.077560,9.951633,9.528445,9.528445,111.021607
3.342706,0.066307,11.220512,7.803048,7.803048,87.871106
5.878095,0.162740,33.211712,7.565017,7.565017,129.403729
9.214644,0.152630,33.883355,6.863466,6.863466,124.306282
7.234458,0.190920,30.109970,5.986668,5.986668,125.907750
3.691427,0.276687,14.923938,7.655335,7.655335,101.617060
3.189829,0.224087,13.087423,8.755804,8.755804,110.243307
3.896565,0.171090,13.333711,6.706160,6.706160,101.607490
3.548276,0.141657,11.732642,6.779458,6.779458,95.381650
4.066483,0.137453,11.994941,7.967692,7.967692,94.129837
4.290113,0.139298,13.144670,6.697022,6.697022,95.229091
4.265958,0.148565,12.302462,7.511754,7.511754,91.041375
4.185331,0.145447,13.494241,6.823350,6.823350,95.838616
3.861210,0.112261,13.068552,6.788433,6.788433,97.464339
3.734179,0.113338,12.940587,9.527575,9.527575,107.485411
4.383972,0.119051,13.669801,8.139407,8.139407,100.503709
3.485457,0.097479,12.421093,7.979739,7.979739,87.752437
3.696294,0.111608,12.597718,8.832474,8.832474,92.216868
5.648348,0.135368,15.502198,6.504209,6.504209,99.633268
8.411741,0.288567,17.520178,5.750088,5.750088,101.462661
5.284848,0.195685,15.335953,6.308165,6.308165,100.145892
4.661593,0.183439,17.965822,5.861697,5.861697,100.160020
4.930843,0.161462,20.319917,6.400794,6.400794,115.283176
6.000301,0.210509,20.874522,5.812647,5.812647,106.077172
6.080844,0.259347,20.901683,5.368205,5.368205,108.593873
3.742313,0.147774,13.303732,6.777435,6.777435,90.440543
3.883684,0.121196,12.959603,8.217575,8.217575,94.983858
4.113985,0.130052,12.234187,6.282763,6.282763,102.084001
9.462203,0.326307,23.624467,6.769304,6.769304,129.518763
5.979809,0.225088,19.625243,6.991133,6.991133,109.007118
5.991079,0.214099,16.844488,6.605064,6.605064,107.594383
5.740194,0.194898,16.390007,6.671796,6.671796,110.357759
2.732058,0.129618,10.852228,7.139327,7.139327,96.669895
4.873289,0.109519,11.685400,6.652478,6.652478,93.506701
5.500600,0.128948,11.886427,5.670606,5.670606,97.045717
8.627476,0.281480,29.930642,7.500310,7.500310,137.567802
4.896445,0.263608,16.177682,4.600417,4.600417,104.060289
4.472426,0.199101,14.361448,5.480998,5.480998,98.841109
4.744394,0.144297,14.520771,5.345315,5.345315,100.425357
4.744452,0.145901,14.148433,6.979223,6.979223,100.385214
8.180287,0.249522,15.904461,5.456146,5.456146,115.318038
10.407661,0.600062,41.458942,5.351071,5.351071,163.294447
6.420557,0.433353,20.521830,2.729612,2.729612,110.971551
3.777768,0.173150,11.363869,5.306010,5.306010,104.258147
3.788518,0.163047,10.282490,4.954278,4.954278,90.840833
3.530538,0.130663,8.856501,6.205808,6.205808,92.999152
3.104463,0.153794,8.528769,5.324242,5.324242,97.533429
5.086348,0.130843,12.186635,3.889258,3.889258,105.339783
9.986655,0.321050,18.565281,3.952292,3.952292,123.832028
5.137045,0.400094,13.223418,4.330510,4.330510,105.178067
3.806723,0.193233,10.389470,5.058731,5.058731,89.149157
3.957208,0.131385,8.859524,6.097117,6.097117,92.479327
5.701979,0.226090,14.353659,5.225076,5.225076,131.414014
3.933846,0.140908,10.531843,6.161198,6.161198,92.425673
3.298290,0.079907,9.664988,4.689364,4.689364,88.852710
8.464664,0.237435,21.820100,4.755991,4.755991,111.192767
4.815694,0.146357,10.406864,5.726110,5.726110,97.378403
4.702764,0.147522,12.803988,6.310925,6.310925,98.863288
6.516329,0.290994,13.551266,5.125754,5.125754,104.005919
6.781749,0.309796,13.550603,9.854477,9.854477,116.548864
6.798735,0.410525,16.487191,3.290019,3.290019,121.398393
5.409711,0.253217,14.085084,5.827560,5.827560,105.894662
3.843329,0.192947,11.067408,6.024130,6.024130,96.198723
3.294256,0.142961,8.777609,6.341007,6.341007,89.367607
1.872602,0.116326,6.270875,3.621611,3.621611,79.296804
3.301007,0.156279,9.625817,4.430647,4.430647,103.366175
3.051229,0.199489,8.643713,4.991810,4.991810,106.120620
5.833821,0.290314,14.455409,7.551557,7.551557,104.827422
5.966636,0.251797,14.991904,4.303432,4.303432,118.218655
6.807882,0.283952,20.215658,4.502655,4.502655,132.854605
6.886709,0.486130,21.256882,5.235611,5.235611,119.582487
6.975593,0.294183,23.482405,5.854776,5.854776,122.085868
8.888090,0.322355,32.220298,7.150585,7.150585,141.161902
5.616155,0.179668,13.572777,4.362949,4.362949,109.144852
10.528964,0.451168,24.693291,5.767245,5.767245,142.092342
9.829547,0.281719,32.895534,5.603451,5.603451,143.413563
5.427870,0.162748,18.406917,5.981519,5.981519,117.978996
5.939243,0.191855,15.566680,3.859749,3.859749,114.685931
11.203986,0.502599,24.222033,5.683615,5.683615,129.939158
6.536852,0.192052,18.358348,4.869726,4.869726,125.848795
6.242572,0.169393,20.615683,5.688116,5.688116,120.512720
7.699305,0.230183,22.167777,5.697614,5.697614,126.562113
5.120030,0.206230,15.748790,5.201066,5.201066,114.340856
7.255070,0.300658,17.819721,4.944812,4.944812,119.739466
6.276431,0.319687,23.507078,4.376967,4.376967,120.363983
9.756347,0.338881,19.070234,5.922280,5.922280,127.843209
6.199593,0.235450,19.417900,7.688162,7.688162,122.872223
6.623299,0.230662,20.977189,5.441792,5.441792,125.494399
15.050151,0.493807,42.407538,7.105364,7.105364,167.186958
7.574428,0.226525,26.846347,6.307319,6.307319,130.559942
5.283545,0.174823,14.072921,6.923718,6.923718,121.969313
6.628315,0.262850,15.392921,7.694877,7.694877,120.656733
4.275600,0.192007,12.631496,6.321538,6.321538,109.577831
4.100043,0.187348,12.186543,7.992278,7.992278,105.157904
4.756832,0.098750,17.743488,6.913368,6.913368,130.684711
5.725878,0.133557,15.890838,8.348707,8.348707,131.173861
12.135097,0.340306,42.856587,7.150837,7.150837,159.085098
6.809920,0.257534,18.517716,10.946410,10.946410,145.456825
10.238884,0.338217,36.580997,10.229614,10.229614,148.912424
4.523431,0.157558,15.308853,7.096159,7.096159,114.044296
11.759767,0.417672,34.907883,8.818554,8.818554,156.220160
10.889465,0.281606,37.547294,10.000263,10.000263,155.710356
6.192989,0.230687,23.477649,7.653619,7.653619,123.810326
6.081209,0.173764,18.575899,8.690101,8.690101,124.930985
6.775540,0.185875,20.356849,8.406899,8.406899,132.762144
9.849547,0.407401,32.282027,9.275329,9.275329,144.941103
4.533396,0.178213,19.368357,7.461762,7.461762,129.190478
4.647796,0.205354,18.671259,10.502541,10.502541,130.637981
6.628044,0.248969,27.568887,10.760613,10.760613,139.164961
7.324730,0.325156,32.184224,8.845194,8.845194,153.695735
5.726323,0.365202,24.066496,10.217700,10.217700,155.550771
5.429305,0.245252,21.705425,9.009717,9.009717,132.383418
7.409054,0.278485,29.256937,8.475592,8.475592,155.141124
11.410911,0.738475,42.431566,8.707953,8.707953,178.836918
11.931617,0.686690,30.124426,8.609333,8.609333,154.065873
9.341665,0.296364,26.275145,10.077541,10.077541,142.795559
13.585957,0.586385,43.001679,13.819245,13.819245,186.094332
12.626392,0.392778,37.268643,12.320302,12.320302,179.588892
7.458970,0.218197,26.295795,13.698946,13.698946,157.986928
16.038684,0.407842,37.600351,9.224973,9.224973,175.006233
8.164358,0.209110,28.913814,12.924334,12.924334,147.347080
8.857064,0.208647,34.754000,8.973201,8.973201,162.119047
8.471455,0.210129,30.870841,8.653745,8.653745,156.123809
8.750466,0.197913,29.957520,8.855371,8.855371,158.218493
11.490821,0.223385,34.976939,13.874221,13.874221,198.322860
8.087213,0.199533,30.099252,11.757895,11.757895,188.983811
8.783848,0.213467,44.310720,11.753203,11.753203,181.708976
7.181634,0.168808,30.837198,9.921167,9.921167,164.083607
8.590219,0.221667,26.509227,12.241153,12.241153,161.378684
11.557235,0.290260,33.160745,12.568508,12.568508,191.264282
8.168719,0.256515,28.369981,9.248926,9.248926,166.618902
7.693820,0.222367,25.361478,12.397709,12.397709,165.798112
9.054547,0.211736,26.010279,11.724659,11.724659,167.986066
8.735918,0.333244,30.669948,14.601514,14.601514,195.631276
4.505483,0.318967,19.263332,11.925825,11.925825,160.017452
3.423683,0.246187,11.657457,12.713153,12.713153,150.199682
3.113781,0.151459,11.511752,9.913154,9.913154,140.616379
3.337585,0.138503,13.040855,7.533476,7.533476,136.138495
5.771654,0.298377,26.179273,7.028615,7.028615,171.367808
3.147260,0.167263,13.076396,5.346276,5.346276,141.304578
1.259500,0.101295,4.987856,5.238876,5.238876,73.120207
1.613615,0.096462,5.822942,7.338159,7.338159,74.504453
2.265846,0.060954,7.297352,5.316306,5.316306,82.955453
1.965425,0.060499,6.753622,5.645464,5.645464,69.926468
2.223419,0.069255,8.673707,7.456913,7.456913,70.023755
2.825840,0.076855,10.173267,7.496048,7.496048,74.761095
2.739398,0.077941,9.317750,6.561042,6.561042,71.436491
4.332695,0.096883,14.684235,6.313628,6.313628,138.928998
3.640346,0.115689,13.070272,6.473987,6.473987,143.673718
4.302579,0.141967,15.119253,7.279247,7.279247,143.810339
4.328477,0.154351,15.706685,9.645242,9.645242,147.484036
3.876420,0.154944,14.451183,6.084874,6.084874,166.353053
4.239564,0.163033,14.350222,4.526395,4.526395,171.964323
5.144797,0.250731,15.955657,5.076108,5.076108,163.341696
3.413613,0.225947,10.352503,5.976287,5.976287,146.804507
3.109658,0.134600,8.366949,4.449852,4.449852,135.073889
3.063951,0.161186,7.661121,5.198298,5.198298,132.681173
3.216177,0.161513,8.878789,3.676320,3.676320,142.554261
2.886744,0.116430,9.866642,5.668593,5.668593,160.990748
7.325013,0.340786,32.395350,14.414650,14.414650,192.556662
5.859337,0.231825,18.711737,11.040521,11.040521,188.812168
5.396085,0.244177,21.499135,15.567633,15.567633,167.065246
5.851479,0.231677,20.146973,10.847643,10.847643,143.686976
4.562657,0.120678,16.462416,7.117415,7.117415,137.652499
5.971026,0.221561,22.698575,10.757255,10.757255,143.696013
6.385435,0.205268,24.256731,12.579861,12.579861,142.719940
6.871765,0.440126,24.962457,9.668915,9.668915,146.543925
5.581599,0.402611,22.253637,6.547936,6.547936,141.545079
3.311347,0.383589,11.441869,4.108274,4.108274,117.448317
2.705135,0.357062,10.009521,6.310478,6.310478,111.795616
2.166057,0.135477,8.223723,4.222074,4.222074,65.530488
2.838522,0.128795,10.828499,9.227056,9.227056,106.740458
2.243566,0.103834,8.086791,6.736431,6.736431,105.344975
2.285294,0.133871,11.484854,3.680038,3.680038,65.751593
2.028976,0.122411,8.420299,3.831026,3.831026,53.257040
1.293948,0.067917,4.836583,4.513216,4.513216,38.178705
1.115317,0.063396,3.160575,2.222740,2.222740,31.212585
0.850531,0.039997,4.542932,2.651409,2.651409,29.865256
1.393206,0.045086,5.989830,3.153420,3.153420,34.671062
0.728428,0.029650,3.010330,3.516749,3.516749,25.890209
0.696518,0.023032,2.553012,4.089760,4.089760,24.614386
2.224749,0.042933,13.470202,9.031265,9.031265,69.211333
1.697878,0.042814,6.629927,4.224168,4.224168,32.068867
2.318149,0.068751,8.373504,6.705863,6.705863,45.574184
1.888666,0.068874,6.167963,5.668116,5.668116,90.932135
1.833781,0.071175,6.491331,5.502928,5.502928,89.293943
2.185195,0.061959,7.743359,6.772972,6.772972,90.115949
2.624778,0.080480,8.920465,8.587741,8.587741,99.203509
8.476860,0.338703,39.567837,7.175101,7.175101,169.289629
8.731235,0.323257,31.332194,6.832402,6.832402,156.992325
5.026919,0.212377,18.908648,6.587037,6.587037,118.066230
9.420418,0.359429,51.510580,7.181121,7.181121,162.981136
5.526931,0.261383,18.632106,6.781164,6.781164,116.169319
5.369245,0.129917,16.615863,7.638535,7.638535,106.699099
12.809529,0.255462,36.384380,8.496914,8.496914,149.228917
6.659711,0.121607,24.418470,6.923052,6.923052,119.006420
13.776847,0.448387,48.027039,6.918705,6.918705,173.309335
13.538968,0.424455,40.680669,8.440725,8.440725,149.162595
11.782453,0.322610,33.511595,10.539855,10.539855,142.839990
8.230402,0.193067,22.454177,9.496146,9.496146,131.383011
6.371579,0.132201,18.384625,6.326695,6.326695,108.499220
13.366399,0.208414,28.733062,8.033103,8.033103,133.912957
7.151646,0.174692,22.574216,6.642228,6.642228,123.774105
8.657703,0.120543,24.427463,7.296732,7.296732,122.234990
8.507594,0.149276,23.719843,7.493385,7.493385,118.414114
6.185478,0.126129,21.918409,8.172253,8.172253,121.149626
6.569794,0.124090,16.017625,7.757062,7.757062,109.467197
6.334491,0.132985,15.674777,8.383942,8.383942,103.571959
5.589516,0.086113,13.793682,5.829776,5.829776,69.077734
6.535057,0.080597,20.399749,6.957169,6.957169,82.145465
4.542583,0.050672,12.495178,6.508352,6.508352,66.538520
4.801886,0.055838,12.749146,5.699487,5.699487,67.123010
5.388597,0.051124,11.201512,6.744861,6.744861,69.705454
5.689205,0.072919,12.504411,6.531621,6.531621,64.147852
9.221288,0.059102,18.183985,5.460243,5.460243,76.597634
6.381780,0.030261,15.159711,5.571423,5.571423,63.311389
9.984936,0.056209,27.199950,6.976763,6.976763,92.449636
6.348003,0.037713,13.191152,6.924158,6.924158,70.926994
11.154009,0.051259,26.198279,8.331822,8.331822,90.411029
10.492004,0.059032,27.973121,6.395155,6.395155,79.843208
8.861441,0.033162,21.458327,6.257556,6.257556,76.426242
10.538069,0.051649,26.336663,7.328991,7.328991,80.244402
