#Stereo rect[ms], MP culling[ms], MP creation[ms], LBA[ms], KF culling[ms], Total[ms]
5.736038,0.035198,0.279052,0.004741,0.004741,6.060133
5.176412,0.057129,0.833993,0.001662,0.001662,6.070911
5.199334,0.192567,2.441391,0.174902,0.174902,15.794546
8.514642,0.239633,8.154255,0.429527,0.429527,41.967545
8.226530,0.212386,5.697317,0.395883,0.395883,28.582100
6.227680,0.212713,7.569155,0.564251,0.564251,33.158291
9.168573,0.343617,18.041390,0.629299,0.629299,56.172018
9.163821,0.331797,21.474749,0.815660,0.815660,55.750218
6.185333,0.188195,8.290040,1.081447,1.081447,42.225892
3.456534,0.191756,13.503017,43.680577,43.680577,102.239438
2.705757,0.087531,6.626402,1.615792,1.615792,48.734993
3.337889,0.074693,6.627834,1.038944,1.038944,43.139209
3.425695,0.099010,8.774580,1.010215,1.010215,52.563840
5.591263,0.171207,12.611471,1.087956,1.087956,54.679397
5.126966,0.097927,8.822738,1.133144,1.133144,42.077179
4.077341,0.074234,10.255778,2.251258,2.251258,55.086493
6.883987,0.138707,17.973285,1.247615,1.247615,61.494989
7.214813,0.127073,19.240274,1.329935,1.329935,70.698190
5.730907,0.142921,11.812934,1.813538,1.813538,60.263672
4.821981,0.142536,11.579457,1.693528,1.693528,62.599794
3.664978,0.077138,11.774913,2.059565,2.059565,45.960243
3.733961,0.072518,12.073161,2.466761,2.466761,51.234832
5.558436,0.127647,15.886905,2.745264,2.745264,70.934589
3.742246,0.110368,9.645369,3.288834,3.288834,46.221142
3.175199,0.083776,8.956929,2.607126,2.607126,60.620280
5.003089,0.097240,13.155974,2.487203,2.487203,64.282058
3.687409,0.099459,10.837159,2.432424,2.432424,43.575297
4.394421,0.085091,12.528000,2.211526,2.211526,49.214505
4.169808,0.102540,10.889091,2.200125,2.200125,46.162587
4.045471,0.084815,11.102154,2.395732,2.395732,60.976578
6.692920,0.127116,16.610538,2.274424,2.274424,67.997823
8.259068,0.158759,19.730104,2.273827,2.273827,75.539450
9.000270,0.167872,22.956699,2.150109,2.150109,77.358471
4.908961,0.120236,17.133540,2.252861,2.252861,71.052617
4.947815,0.118454,18.010867,2.079036,2.079036,60.555496
4.457022,0.150229,13.330541,2.707196,2.707196,48.402289
6.191250,0.135667,13.769856,2.085742,2.085742,61.008641
4.068801,0.141843,11.904338,3.842423,3.842423,44.993994
3.253813,0.110377,9.233445,2.187391,2.187391,40.371201
3.229745,0.087303,8.960655,2.504756,2.504756,43.879541
2.946404,0.072863,8.822995,1.794274,1.794274,38.738117
2.822005,0.075826,7.828102,2.030895,2.030895,34.975181
2.775161,0.078510,8.060226,1.942667,1.942667,35.890779
2.821220,0.170544,7.370737,2.215713,2.215713,36.831423
2.127991,0.050429,6.738298,1.858360,1.858360,30.211110
2.238573,0.071851,6.403127,1.870261,1.870261,29.712819
2.390160,0.038544,6.884315,1.926597,1.926597,35.884101
2.510768,0.041421,8.579840,2.712392,2.712392,38.975527
2.804209,0.040528,6.718017,1.740966,1.740966,35.742291
2.612168,0.048046,6.323589,1.917177,1.917177,33.707858
3.003754,0.064166,6.425607,1.702686,1.702686,30.028384
2.840230,0.046177,6.992915,1.866038,1.866038,33.039187
3.469107,0.054414,7.195579,1.803141,1.803141,35.729026
3.736454,0.067302,7.291726,1.669096,1.669096,34.409661
3.804555,0.103415,10.630601,1.773760,1.773760,66.292847
4.488007,0.127191,13.327727,1.797422,1.797422,63.931179
4.261913,0.178350,11.828910,1.803747,1.803747,168.158563
2.943952,0.147536,7.720662,1.455393,1.455393,49.782821
6.041558,0.207566,18.069598,3.147020,3.147020,85.507665
3.944337,0.138772,9.932077,2.667249,2.667249,62.186658
5.160115,0.188424,12.708777,2.683427,2.683427,68.791094
3.565859,0.124702,8.493349,2.240097,2.240097,63.631373
2.875593,0.149713,7.281017,2.216352,2.216352,50.739683
3.207477,0.152963,7.328695,1.690259,1.690259,52.791499
4.034229,0.111609,6.476925,2.157163,2.157163,51.437673
5.503575,0.164327,12.176774,1.821441,1.821441,67.336119
3.261791,0.125194,7.940781,1.668044,1.668044,54.983224
2.266258,0.088238,5.267472,1.347932,1.347932,48.243858
2.398480,0.086098,5.430844,2.992517,2.992517,54.990409
3.816872,0.119142,10.741426,2.033152,2.033152,58.108980
4.525716,0.129701,12.553206,1.563641,1.563641,57.342656
3.797316,0.144451,9.953153,0.619028,0.619028,53.696724
2.650362,0.179844,4.077739,1.390248,1.390248,40.175560
2.077215,0.075517,6.044372,1.038293,1.038293,50.550685
3.860554,0.141358,8.807130,1.596388,1.596388,59.953468
2.829465,0.091002,5.155076,1.637457,1.637457,48.289360
3.299559,0.163262,5.251985,0.993797,0.993797,49.483089
3.055880,0.149924,5.510446,1.106502,1.106502,55.975848
3.954604,0.166263,8.116628,0.927603,0.927603,59.998004
3.778978,0.174635,9.931125,1.278289,1.278289,74.910148
4.646386,0.201832,9.096637,0.785766,0.785766,64.602492
6.566308,0.177113,10.705839,1.316861,1.316861,75.123184
6.038833,0.245278,11.833505,0.626927,0.626927,70.370693
6.688680,0.285973,14.470869,1.920079,1.920079,75.560723
6.036906,0.193292,11.094583,1.636724,1.636724,73.082906
5.791855,0.185385,11.442039,1.758684,1.758684,73.078595
6.058727,0.219196,11.929560,1.621592,1.621592,72.608407
8.502277,0.353097,13.634535,1.510520,1.510520,81.224867
9.780919,0.375171,19.054136,1.670774,1.670774,87.959080
8.028361,0.372267,12.228163,1.847206,1.847206,91.864990
5.470416,0.191700,11.069665,1.060691,1.060691,74.623071
6.469327,0.291471,12.895721,3.423916,3.423916,87.062268
5.573625,0.217789,11.554139,2.365611,2.365611,82.311674
6.763889,0.224011,13.316496,3.276859,3.276859,86.843177
5.439702,0.219696,12.053791,1.806103,1.806103,79.400054
5.963025,0.236135,16.030808,2.943324,2.943324,96.258801
8.746298,0.314376,19.437504,3.322552,3.322552,99.175888
6.218756,0.264407,13.790499,2.588957,2.588957,97.192201
6.092240,0.235152,13.668845,2.989590,2.989590,88.645259
5.830886,0.296682,15.441397,2.875947,2.875947,91.801250
5.677811,0.245238,17.009135,4.037586,4.037586,88.719881
5.013759,0.238103,14.468776,2.317673,2.317673,86.353736
5.569532,0.250671,12.534248,4.727637,4.727637,84.495561
3.853390,0.231577,11.646557,3.399684,3.399684,80.689488
3.471356,0.173627,10.836005,3.107575,3.107575,72.495794
3.141746,0.147690,8.154727,2.278778,2.278778,70.314729
3.491433,0.158975,9.219800,4.336627,4.336627,75.245958
4.394643,0.233602,10.766170,2.849625,2.849625,72.987577
3.100730,0.150595,10.620006,2.192022,2.192022,69.090973
3.070217,0.147133,7.573999,2.106840,2.106840,79.182497
3.384799,0.122324,11.834988,3.092018,3.092018,79.994468
2.998688,0.114701,10.427975,1.936485,1.936485,72.541026
4.732336,0.202982,8.874585,2.307915,2.307915,64.186488
3.043665,0.116132,9.657664,2.172784,2.172784,59.337109
3.960385,0.141071,11.637015,2.172166,2.172166,83.829597
3.275763,0.139396,8.743086,2.696204,2.696204,73.547971
2.793775,0.114647,9.495500,1.715453,1.715453,68.559752
3.079098,0.076341,9.734661,2.407638,2.407638,74.048187
3.379521,0.104538,9.941943,2.132126,2.132126,75.057948
4.324558,0.116760,12.804856,2.902018,2.902018,96.661710
3.944875,0.128840,11.403561,2.765981,2.765981,77.323299
3.560090,0.129097,11.350468,2.422000,2.422000,75.881288
8.751705,0.464731,28.991477,4.447204,4.447204,106.937439
10.264066,0.349811,30.855144,2.601246,2.601246,122.689581
6.377249,0.236537,14.014631,2.158363,2.158363,93.007106
6.084398,0.290515,13.339276,2.929575,2.929575,96.880218
6.433623,0.277415,13.596225,2.294697,2.294697,99.964319
7.338200,0.332584,17.846882,3.849221,3.849221,122.459217
5.099316,0.343464,10.632458,3.137654,3.137654,90.444403
4.587288,0.293171,10.912040,5.046213,5.046213,97.088106
3.983858,0.278547,8.176288,1.968000,1.968000,84.356168
2.618280,0.225013,7.633639,2.706923,2.706923,83.802292
2.512486,0.195192,5.198121,2.173592,2.173592,77.424455
2.492694,0.196742,7.066638,1.268798,1.268798,79.685409
1.935225,0.114951,4.342731,1.550867,1.550867,74.458357
2.548822,0.128883,6.613734,2.094023,2.094023,77.180170
2.676341,0.107959,5.531420,2.389045,2.389045,74.728308
3.358634,0.155787,5.988215,1.166696,1.166696,78.691800
4.151853,0.164436,10.240909,1.597401,1.597401,102.387607
3.763210,0.206609,7.492987,1.969917,1.969917,87.960770
5.085877,0.287092,6.574411,2.531904,2.531904,86.321605
4.760210,0.254933,8.676561,1.702112,1.702112,87.669249
4.484950,0.209688,9.099186,1.868210,1.868210,90.574452
5.450292,0.205171,12.341808,1.898882,1.898882,100.234315
5.539731,0.230943,11.775049,0.839576,0.839576,105.670632
5.070903,0.218754,13.251322,3.495559,3.495559,98.237265
5.358826,0.315781,11.290900,1.984006,1.984006,97.235290
5.372718,0.185436,11.731551,3.423956,3.423956,370.798702
4.854449,0.324960,12.065078,1.790374,1.790374,48.978959
4.902586,0.228485,18.048123,2.094565,2.094565,93.535374
5.386061,0.217588,10.794161,1.527975,1.527975,87.275022
8.059393,0.344225,19.254218,1.276188,1.276188,119.220296
8.424667,0.453441,28.887445,1.677893,1.677893,119.606903
6.073991,0.220856,12.031774,3.325099,3.325099,102.946200
6.326623,0.226749,12.617926,3.061537,3.061537,100.002536
4.719010,0.243996,12.547651,2.875756,2.875756,102.431665
7.296225,0.429098,16.510198,2.482490,2.482490,114.179564
9.483428,0.725783,35.816411,2.234610,2.234610,136.684644
6.992066,0.311226,16.190897,3.744916,3.744916,121.169387
5.079734,0.371970,11.759010,4.075751,4.075751,105.744526
4.239553,0.435966,11.581202,2.899787,2.899787,107.253057
2.622709,0.120864,9.212147,8.164474,8.164474,92.550214
3.738405,0.116272,11.320003,5.300575,5.300575,98.184644
4.319411,0.223608,12.217126,7.891705,7.891705,95.842381
5.453391,0.279493,14.771900,4.937207,4.937207,100.940734
3.471123,0.161576,11.119281,4.389487,4.389487,89.860455
3.035289,0.195135,10.133012,3.790864,3.790864,89.527811
2.356053,0.141255,8.617022,3.488018,3.488018,82.133096
3.571354,0.133309,8.380461,4.438649,4.438649,79.500722
3.623577,0.122876,13.466657,3.463580,3.463580,89.877879
2.560553,0.102742,8.216092,3.809212,3.809212,76.875274
3.041720,0.096318,9.870220,3.651563,3.651563,79.824771
5.807278,0.144384,14.994085,7.016160,7.016160,92.756138
5.879330,0.238849,15.071027,6.676277,6.676277,99.992047
5.909111,0.273792,15.167949,3.776769,3.776769,103.702400
4.149623,0.517804,10.417018,4.120118,4.120118,88.415002
3.190249,0.311979,9.378644,4.150231,4.150231,82.586022
5.180214,0.359507,14.742389,4.674921,4.674921,92.514448
3.206279,0.132841,8.747994,3.997739,3.997739,86.956857
5.662743,0.156593,13.963009,5.028556,5.028556,91.413938
4.679941,0.200103,14.589204,5.271342,5.271342,95.396354
4.881905,0.348886,11.340979,4.578346,4.578346,97.276991
4.939059,0.445117,12.900215,4.614144,4.614144,98.341634
4.595565,0.264510,16.182743,3.541479,3.541479,107.458761
4.251103,0.239562,13.121025,3.878561,3.878561,106.502422
8.446817,0.715797,20.156220,5.622206,5.622206,119.858415
6.737353,0.270225,20.417943,4.397611,4.397611,117.977637
6.503711,0.436300,18.063337,4.211877,4.211877,119.235184
5.586228,0.422193,24.711508,5.121083,5.121083,130.201184
4.558929,0.348907,14.423370,4.768090,4.768090,104.281400
4.050170,0.246040,11.765880,4.582941,4.582941,97.045180
4.378549,0.159396,12.804148,5.772754,5.772754,95.406699
4.062369,0.291339,11.103981,5.887417,5.887417,91.037782
4.465129,0.211530,11.781426,5.273714,5.273714,97.301074
6.864297,0.262964,16.552934,4.442657,4.442657,119.196036
5.487984,0.358870,15.930219,4.507835,4.507835,106.954029
4.512569,0.243814,13.668453,4.464693,4.464693,107.993741
4.217112,0.364798,13.650189,5.088563,5.088563,106.655050
4.732509,0.222974,14.759128,3.511820,3.511820,101.722098
3.043079,0.120875,10.425474,5.059117,5.059117,90.674803
3.645890,0.162217,11.657463,5.015203,5.015203,92.279175
4.175142,0.133364,12.957466,6.121984,6.121984,95.340781
10.469746,0.466095,34.935532,5.174167,5.174167,134.341539
4.426025,0.209280,14.371926,5.493628,5.493628,113.188626
4.334811,0.450365,12.777278,3.615837,3.615837,101.566110
3.815544,0.184956,9.849506,6.323761,6.323761,90.213362
6.282054,0.254712,19.596782,5.996063,5.996063,102.932975
3.907159,0.111202,9.039072,4.114530,4.114530,83.579945
4.424675,0.179287,12.511066,5.002642,5.002642,90.959525
5.105833,0.247291,15.584010,4.773841,4.773841,102.190112
4.682720,0.248385,15.320476,4.816646,4.816646,108.132221
4.726294,0.329452,13.796272,4.587498,4.587498,99.196444
3.833992,0.229731,12.236209,6.307710,6.307710,91.254127
3.866686,0.198470,9.853012,5.454407,5.454407,93.469464
4.661473,0.162302,10.157772,5.417559,5.417559,90.751086
5.516548,0.265942,19.465757,5.752406,5.752406,114.645103
3.359838,0.087169,9.641076,5.037786,5.037786,87.366692
3.536135,0.127054,10.914123,8.324689,8.324689,93.183463
4.937004,0.231523,15.267858,7.414444,7.414444,103.888737
4.762691,0.233249,13.336386,4.875486,4.875486,104.984129
4.496653,0.303512,17.121610,5.451136,5.451136,106.942579
4.302246,0.200758,17.467909,5.222221,5.222221,108.760310
4.894245,0.206235,16.052543,4.619129,4.619129,107.932901
3.955243,0.177979,12.524257,8.582403,8.582403,95.313163
4.191716,0.148802,12.146643,5.838392,5.838392,92.298918
4.214502,0.188917,13.696135,5.619876,5.619876,95.195658
3.461584,0.185663,10.822944,5.985356,5.985356,88.782878
5.089714,0.133831,9.672350,8.467349,8.467349,91.638221
10.166065,0.246529,34.590599,5.076451,5.076451,133.235806
11.933917,0.366209,34.372156,5.509686,5.509686,135.022937
11.689148,0.437708,28.522799,5.804597,5.804597,127.859964
7.999201,0.291514,21.659538,5.608279,5.608279,122.707111
6.785784,0.359140,20.202136,7.751375,7.751375,129.566333
6.395645,0.340160,22.955473,7.563331,7.563331,126.467056
6.267288,0.273665,22.931342,8.496043,8.496043,135.688142
4.178981,0.307438,14.532347,5.036255,5.036255,115.602417
4.357888,0.292087,13.390981,5.431135,5.431135,114.579299
3.538802,0.193897,15.597392,5.871555,5.871555,123.040629
3.984108,0.164346,16.404270,5.603007,5.603007,123.090711
4.516792,0.221285,16.790093,4.376643,4.376643,125.161167
5.352116,0.222487,15.945925,3.194788,3.194788,127.459893
5.371248,0.256929,15.219871,4.085189,4.085189,128.261227
5.808406,0.255074,17.804085,2.763127,2.763127,127.387463
4.605333,0.258728,14.714058,3.527598,3.527598,114.668121
8.077137,0.427182,22.663761,3.443756,3.443756,88.626675
4.226255,0.177418,13.023629,2.217032,2.217032,58.831582
6.341150,0.189427,18.167981,2.636744,2.636744,67.621972
5.959914,0.222336,17.192879,3.649910,3.649910,68.134012
4.888632,0.208467,13.031157,2.133424,2.133424,60.323186
8.528834,0.299048,20.459590,1.952903,1.952903,127.503267
5.812397,0.269249,16.620753,2.515632,2.515632,115.627839
5.272236,0.212710,14.685681,2.742229,2.742229,126.848103
5.070891,0.328473,15.592956,2.706784,2.706784,115.872956
7.461287,0.432470,21.583749,2.595536,2.595536,133.239654
5.974748,0.230732,13.622419,1.115226,1.115226,55.392188
5.816142,0.261736,19.988399,1.469391,1.469391,63.011111
6.124675,0.343832,20.477721,5.236150,5.236150,122.128887
5.386114,0.373557,22.096035,2.194294,2.194294,69.246585
4.102088,0.223499,12.784313,1.052559,1.052559,49.963323
4.038719,0.254284,13.746941,1.580359,1.580359,51.037622
3.260095,0.195281,13.933778,1.009902,1.009902,49.673704
2.714466,0.121575,14.253684,0.887034,0.887034,54.336150
4.565936,0.284376,15.435854,1.236500,1.236500,50.805830
2.725369,0.192957,8.115091,1.382140,1.382140,42.095227
3.270250,0.270078,13.621258,0.960201,0.960201,51.155639
4.158876,0.289355,11.557823,1.555574,1.555574,40.945232
2.682320,0.225083,8.839921,0.759686,0.759686,33.745923
3.929338,0.249748,17.352653,0.977868,0.977868,48.612106
4.536171,0.106614,23.411983,1.115687,1.115687,54.909924
2.128276,0.082364,8.861454,1.375554,1.375554,33.851162
3.608682,0.181070,13.639718,0.809124,0.809124,35.422620
3.567259,0.094270,7.322567,0.716886,0.716886,24.964151
5.323243,0.128561,16.759404,0.746006,0.746006,47.044620
6.033875,0.164377,15.503314,0.589825,0.589825,49.011405
3.449705,0.082152,8.022212,0.763030,0.763030,30.715365
6.247476,0.183023,21.962523,0.722162,0.722162,53.202143
4.446515,0.116200,8.973327,0.650487,0.650487,40.723627
7.049273,0.230586,20.302128,1.428263,1.428263,80.260569
4.226670,0.161015,9.287314,2.311334,2.311334,55.800412
5.277451,0.140730,11.680334,2.013201,2.013201,60.946608
5.128629,0.174029,15.370561,1.105218,1.105218,64.612178
3.865458,0.135799,11.240666,1.057029,1.057029,51.810577
4.992948,0.225305,14.587310,1.233887,1.233887,51.383346
5.093155,0.181465,12.378626,0.892534,0.892534,42.841756
5.177689,0.118316,14.350252,0.975522,0.975522,69.318738
3.965747,0.146955,10.537995,0.708070,0.708070,57.530194
3.155528,0.187580,7.708411,1.544356,1.544356,39.026054
3.147843,0.123448,7.573289,1.174798,1.174798,48.911540
2.859956,0.074803,8.638784,0.730969,0.730969,42.186948
2.593519,0.108688,6.463983,0.614811,0.614811,32.817916
2.667767,0.086023,7.043095,1.068340,1.068340,53.935014
2.373713,0.094363,5.744427,0.786950,0.786950,42.974652
3.875480,0.107522,14.317865,0.841203,0.841203,53.324646
5.771714,0.179028,16.651321,0.700343,0.700343,55.602210
5.041263,0.135065,11.714648,0.744868,0.744868,46.980874
6.014408,0.226173,17.235105,1.007832,1.007832,49.385351
5.920607,0.236151,13.217554,0.891094,0.891094,49.329279
7.936443,0.287346,14.841668,2.423145,2.423145,72.672066
5.482037,0.159178,12.383342,1.102816,1.102816,65.321523
5.173726,0.150019,13.687378,0.928779,0.928779,71.996156
4.725370,0.153186,12.231065,1.700685,1.700685,75.187352
3.882846,0.138248,12.587091,0.959019,0.959019,76.644153
2.957868,0.145254,12.128592,2.137555,2.137555,45.737515
4.088478,0.178029,13.237943,2.527937,2.527937,53.194803
3.515746,0.133477,9.005497,1.791429,1.791429,81.876934
2.946258,0.143857,8.139197,2.135370,2.135370,41.214839
4.132650,0.090774,14.066682,1.649617,1.649617,55.904306
2.993755,0.126007,11.435127,2.261135,2.261135,45.987718
4.365552,0.164517,13.516540,2.823333,2.823333,57.151724
2.577365,0.088444,6.728555,1.523207,1.523207,37.010423
2.952982,0.082362,7.226529,1.129092,1.129092,42.799268
2.955374,0.053298,5.911894,3.009930,3.009930,35.971347
3.308551,0.072353,6.760642,1.206380,1.206380,53.588040
2.921986,0.078596,9.144087,2.354322,2.354322,40.828694
4.757372,0.134561,13.229811,1.184699,1.184699,58.552537
2.186993,0.081636,5.393042,1.190571,1.190571,38.756854
2.282051,0.087573,4.996681,1.019459,1.019459,27.889932
2.970635,0.079105,7.587597,1.255014,1.255014,37.340459
2.708495,0.098169,5.612686,2.178257,2.178257,41.879739
2.277088,0.065396,5.337545,2.089174,2.089174,64.541818
2.923647,0.119636,7.374468,1.134995,1.134995,39.428944
2.300643,0.083791,4.738247,1.277134,1.277134,58.293416
2.173330,0.075125,5.081166,1.499749,1.499749,63.228749
2.389484,0.071046,4.997576,1.743692,1.743692,60.199139
3.695292,0.113238,8.414056,0.993483,0.993483,64.641657
4.323740,0.193920,10.868632,1.346597,1.346597,74.617651
2.650540,0.087793,5.482965,2.078592,2.078592,69.342381
3.731275,0.130890,7.072448,0.890001,0.890001,64.085271
3.372323,0.109223,5.778527,1.667928,1.667928,66.046386
2.922882,0.085076,5.126788,0.817404,0.817404,56.182433
3.335141,0.086192,5.506890,2.726922,2.726922,72.206340
2.650012,0.085355,7.563818,2.060005,2.060005,65.263520
3.018843,0.092351,5.525461,1.791763,1.791763,63.762528
3.788268,0.163075,7.539795,1.479280,1.479280,66.201811
2.940365,0.100585,5.600945,1.761833,1.761833,63.155277
2.183923,0.102962,5.152077,1.270327,1.270327,33.046005
4.191601,0.177333,9.907110,1.174202,1.174202,79.534164
2.293222,0.136915,6.644919,1.255315,1.255315,78.064458
2.554756,0.144229,5.527939,1.367616,1.367616,69.402571
2.938764,0.129889,11.107838,2.174522,2.174522,76.122068
3.390861,0.131614,15.163109,1.367524,1.367524,81.235556
6.108930,0.334667,15.124057,1.717703,1.717703,94.014677
3.427992,0.145153,5.681986,2.182463,2.182463,59.564162
3.697246,0.153060,5.936263,1.432943,1.432943,63.605663
2.536148,0.099907,5.381147,2.389278,2.389278,69.341164
2.247434,0.086685,4.828550,1.769106,1.769106,55.175767
2.260995,0.063431,4.489384,2.310597,2.310597,61.509985
2.875837,0.107254,5.154736,2.325779,2.325779,58.984907
2.224643,0.090879,4.905576,1.987830,1.987830,65.702312
2.337235,0.074513,4.865956,1.684509,1.684509,64.636758
3.467176,0.092930,7.800759,3.332472,3.332472,60.367326
3.050146,0.085253,7.606149,1.717171,1.717171,65.566906
2.054026,0.042900,8.077934,2.215923,2.215923,64.797485
3.122006,0.073726,4.732266,1.702460,1.702460,62.438489
2.724386,0.076983,7.762833,2.583838,2.583838,64.143309
2.284965,0.059499,3.731768,1.641341,1.641341,51.083534
1.691737,0.067721,3.801095,2.662884,2.662884,48.170643
3.019227,0.120534,7.532168,1.584619,1.584619,73.690836
2.338120,0.061277,5.487873,1.693452,1.693452,34.974441
2.121123,0.060543,4.739554,2.750075,2.750075,41.318930
1.825232,0.043999,3.818771,2.257972,2.257972,46.370217
1.785325,0.039687,3.669180,3.190003,3.190003,51.066979
1.998070,0.038561,3.914185,3.555075,3.555075,49.935285
2.077103,0.043930,3.963413,3.451867,3.451867,50.227785
3.044997,0.104448,8.713522,3.000242,3.000242,70.766458
1.807460,0.054163,3.772077,1.307045,1.307045,27.702542
1.491060,0.045115,3.066315,2.255594,2.255594,24.539841
1.947978,0.048591,4.284764,1.983141,1.983141,29.958749
1.563836,0.026439,2.953727,2.576832,2.576832,29.125655
1.852429,0.039936,5.838762,2.349281,2.349281,40.514432
2.391053,0.057739,7.594632,3.334366,3.334366,42.626317
2.587596,0.059397,6.023175,1.565753,1.565753,28.291025
2.197585,0.065024,6.532774,1.660646,1.660646,32.690293
2.010145,0.087890,4.826487,2.134058,2.134058,31.482976
1.958648,0.075557,4.645392,1.416302,1.416302,25.441596
2.277536,0.057741,5.888850,3.323730,3.323730,56.371563
3.165125,0.134524,7.063412,2.013306,2.013306,31.977926
3.374831,0.147721,10.449463,3.418225,3.418225,42.901490
2.168414,0.113022,5.661059,2.647508,2.647508,29.062596
2.937909,0.101435,8.593418,2.730553,2.730553,47.738448
2.581202,0.068792,3.893088,3.370987,3.370987,41.855812
1.299090,0.037514,3.128476,1.987683,1.987683,28.254095
1.769757,0.035369,3.692654,1.768249,1.768249,59.744601
2.557322,0.077221,5.604000,2.623252,2.623252,33.161647
1.446373,0.030183,5.080779,2.223156,2.223156,26.825517
1.772162,0.025553,3.946691,2.460865,2.460865,23.888541
2.291835,0.051023,4.802878,2.918174,2.918174,52.013689
2.511833,0.083805,5.122012,2.264599,2.264599,58.077429
2.198189,0.090936,6.110835,2.281989,2.281989,31.218490
1.793173,0.063691,3.800568,2.138532,2.138532,23.164009
2.788959,0.062669,5.198877,2.187597,2.187597,31.619110
2.075995,0.067225,5.482988,2.071981,2.071981,29.742071
1.767676,0.057078,3.357567,2.036998,2.036998,22.381286
1.550124,0.060603,5.192587,1.780642,1.780642,26.358160
1.997760,0.080060,4.866668,1.199412,1.199412,24.609671
2.407349,0.097449,5.571616,1.619572,1.619572,30.623051
3.007541,0.175868,4.912871,1.296434,1.296434,25.177104
2.358704,0.078298,4.613846,2.727396,2.727396,49.755769
2.441148,0.112120,4.872202,1.706249,1.706249,47.686849
5.186554,0.195750,7.903830,1.818860,1.818860,71.251000
4.602559,0.183130,8.549283,2.093523,2.093523,71.858215
9.156797,0.461909,26.954723,1.927426,1.927426,101.719756
5.145278,0.340230,9.280916,1.027617,1.027617,70.736336
8.516759,0.591542,23.081603,1.472862,1.472862,98.915922
5.358656,0.338550,10.646587,1.051051,1.051051,74.714173
7.553720,0.326121,11.517210,1.708691,1.708691,81.098627
10.440317,0.481628,12.346031,1.997356,1.997356,92.675143
6.739551,0.267047,11.030639,3.173285,3.173285,85.332679
5.560543,0.293955,11.086659,3.317571,3.317571,88.127929
5.240855,0.276259,11.089019,2.561356,2.561356,88.227921
9.332338,0.444737,20.785564,2.044824,2.044824,104.583790
8.379516,0.414410,18.550314,2.991530,2.991530,104.336241
9.126969,0.259762,14.339113,3.416684,3.416684,111.415048
7.304911,0.247474,17.190877,2.755136,2.755136,99.755162
10.719805,0.431299,30.576656,3.231996,3.231996,128.082348
10.718538,0.351610,28.826227,2.386867,2.386867,132.930490
6.863967,0.209544,16.582704,3.103260,3.103260,107.595634
6.560406,0.208612,15.912141,2.746077,2.746077,106.064487
5.761606,0.277631,13.652612,3.961684,3.961684,100.002735
5.271414,0.159877,13.839648,3.812217,3.812217,95.853312
5.521093,0.174618,13.860366,2.670323,2.670323,101.699481
4.934473,0.165361,15.646844,5.110062,5.110062,96.446154
5.145176,0.166866,12.283269,1.799704,1.799704,55.168475
6.416658,0.143744,15.357947,1.754287,1.754287,60.754312
5.034767,0.118860,15.410292,1.731016,1.731016,58.487898
4.173304,0.109030,13.882618,1.653130,1.653130,58.507510
4.286317,0.170054,18.689360,1.696515,1.696515,61.728318
3.740831,0.132300,14.525452,1.436314,1.436314,51.142504
3.785250,0.183410,13.835816,2.016303,2.016303,55.167766
2.986598,0.176629,12.794314,1.163947,1.163947,51.117922
1.843161,0.105885,4.922100,0.349412,0.349412,26.721963
3.746647,0.165450,14.175141,0.383477,0.383477,57.101718
4.244902,0.155017,17.058841,0.445790,0.445790,59.966145
4.913652,0.252925,16.977816,0.409892,0.409892,55.926363
6.681053,0.397986,22.613421,0.405952,0.405952,63.993985
6.643317,0.342183,20.901268,0.996636,0.996636,105.589720
4.293160,0.163954,9.034151,1.058334,1.058334,78.034860
4.576767,0.170229,10.159980,0.721678,0.721678,81.517725
4.391573,0.154789,9.949184,0.948476,0.948476,84.296553
4.900165,0.164031,10.889244,1.554232,1.554232,83.144748
5.990456,0.287828,10.528547,2.245412,2.245412,84.854933
3.890630,0.148705,11.742837,0.597719,0.597719,58.272300
3.625351,0.134129,13.857590,0.613993,0.613993,50.156949
6.328003,0.332410,13.122157,1.646520,1.646520,60.027865
5.021059,0.385833,16.497972,2.098763,2.098763,55.654628
6.496770,0.180994,14.018194,1.642692,1.642692,57.893019
5.946538,0.235694,20.332097,2.330181,2.330181,87.680298
6.314141,0.243323,14.268427,2.555055,2.555055,76.344600
4.377067,0.179674,14.069678,1.683428,1.683428,72.935132
4.026830,0.141121,15.198997,1.999117,1.999117,73.577267
4.598074,0.184478,14.159132,2.351823,2.351823,77.851102
4.987861,0.173392,14.931497,2.824829,2.824829,76.602488
4.922398,0.156103,13.857970,4.271176,4.271176,80.825335
5.419194,0.138940,16.868634,4.100172,4.100172,88.547226
5.752922,0.163565,18.753361,4.564188,4.564188,83.746514
5.138481,0.145607,18.669812,3.674538,3.674538,79.615711
6.347127,0.151499,19.528156,3.644163,3.644163,91.315500
4.918342,0.131847,19.681233,4.975910,4.975910,83.974888
4.997512,0.140361,19.056375,4.436725,4.436725,82.729894
6.683741,0.145420,20.933633,5.042901,5.042901,93.708994
5.018770,0.153470,18.718307,2.913169,2.913169,81.309626
5.474713,0.143488,19.347688,3.206343,3.206343,88.991610
6.147803,0.126831,19.913843,5.762180,5.762180,89.739797
6.211787,0.284005,23.824350,3.524659,3.524659,96.127177
5.937167,0.145475,24.800252,3.329976,3.329976,99.104658
5.534523,0.131604,24.044986,2.597093,2.597093,93.528766
5.763298,0.153592,20.646990,5.421916,5.421916,94.756894
5.595559,0.152148,20.424238,4.631506,4.631506,99.837760
5.669343,0.179836,20.386256,3.839034,3.839034,95.949519
7.240136,0.337174,25.361792,5.562896,5.562896,107.160016
5.678035,0.202111,19.198965,5.354832,5.354832,95.229246
6.500865,0.202544,22.285888,5.577097,5.577097,109.971205
6.654374,0.187850,21.505715,4.532419,4.532419,109.944028
10.784521,0.353993,35.860792,4.324830,4.324830,127.522648
5.782381,0.238207,25.141193,3.834760,3.834760,112.665082
11.064218,0.720980,40.414111,7.074923,7.074923,141.754683
5.727510,0.292065,24.303011,4.901235,4.901235,125.573873
6.800020,0.396006,20.729734,4.723803,4.723803,116.661793
5.022084,0.306564,19.609618,3.994700,3.994700,122.253559
5.591495,0.309957,20.920876,5.707086,5.707086,126.054743
4.179768,0.440688,18.654138,6.214760,6.214760,122.798942
5.270433,0.416873,18.586651,5.908653,5.908653,114.479560
5.324469,0.325999,16.880579,9.972921,9.972921,132.154506
5.356279,0.395188,16.674653,7.167495,7.167495,132.337227
7.875531,0.566563,28.719559,4.103467,4.103467,133.935895
6.451494,0.217246,15.234673,5.145924,5.145924,127.376510
4.575710,0.226548,13.800505,5.483277,5.483277,125.531410
6.630279,0.406461,19.383637,5.496926,5.496926,135.906298
6.397784,0.298093,19.447290,7.066061,7.066061,137.710235
5.403284,0.310337,18.499257,6.645677,6.645677,134.255216
5.569332,0.259164,15.567365,7.068607,7.068607,132.523840
5.001175,0.251819,16.057582,5.456436,5.456436,136.782678
5.616673,0.327351,16.480230,5.141835,5.141835,134.715650
5.778000,0.350028,14.223886,7.066745,7.066745,130.909050
7.014585,0.433050,19.464741,6.163468,6.163468,139.394141
11.669844,0.694940,30.994147,4.373457,4.373457,161.640270
5.668471,0.349690,15.882740,6.556777,6.556777,150.002348
5.612887,0.317371,14.893976,3.590764,3.590764,133.700037
5.778319,0.360950,17.152082,5.100144,5.100144,145.792523
6.138361,0.378046,21.379722,7.317674,7.317674,144.922440
5.264979,0.397309,17.143419,4.508243,4.508243,146.245967
5.456896,0.243766,14.043375,4.988781,4.988781,131.269460
6.368120,0.279532,17.498077,5.540793,5.540793,134.728663
5.624129,0.165578,15.383260,4.319396,4.319396,135.777266
8.455313,0.241543,29.316440,3.637586,3.637586,100.830810
4.500879,0.145080,15.939056,2.632988,2.632988,66.364045
6.087740,0.166929,15.024615,2.941000,2.941000,63.918382
4.330031,0.146873,16.243720,2.100969,2.100969,63.919341
5.821359,0.187935,21.793720,2.989606,2.989606,66.072966
6.470892,0.276021,21.228356,4.209122,4.209122,74.555880
5.655354,0.175871,19.513136,2.751109,2.751109,60.031937
5.327604,0.269379,23.824535,2.813935,2.813935,63.771053
5.471954,0.181406,18.994363,2.787871,2.787871,56.019296
7.586235,0.210021,22.379563,3.284535,3.284535,122.276404
5.339500,0.145619,17.906159,4.721765,4.721765,116.839663
8.832768,0.273292,23.652336,4.006815,4.006815,132.333154
5.758692,0.226695,17.933081,3.831965,3.831965,131.876593
6.518971,0.200926,19.929825,4.094667,4.094667,119.346792
7.711121,0.400756,29.191503,1.777077,1.777077,68.167061
3.991463,0.229083,15.968948,3.077979,3.077979,49.957375
3.626080,0.167910,21.032441,3.080198,3.080198,56.053697
2.892270,0.155193,11.543307,2.878490,2.878490,41.603340
5.035378,0.170175,16.450751,4.570801,4.570801,57.984732
2.902228,0.107356,11.005888,2.554840,2.554840,38.957606
3.746861,0.164297,12.781149,3.243654,3.243654,44.267339
6.957338,0.222913,25.358412,4.089708,4.089708,66.185672
5.063929,0.216384,15.233005,4.409332,4.409332,56.036989
6.275963,0.225172,15.564233,5.516934,5.516934,84.969021
5.470916,0.179869,17.490186,3.787507,3.787507,87.457723
6.454716,0.206862,16.168577,4.890669,4.890669,83.883466
4.957114,0.194309,17.435084,3.651022,3.651022,51.775332
4.237680,0.153229,19.833827,2.747669,2.747669,55.777369
3.800447,0.226709,16.542212,2.820864,2.820864,56.277486
2.618881,0.178944,13.125511,2.891231,2.891231,46.512881
4.764418,0.279803,19.460672,2.811231,2.811231,61.276253
3.501066,0.257874,18.423699,3.763415,3.763415,58.688121
3.022400,0.104664,11.215229,3.379529,3.379529,41.535484
5.595126,0.158184,24.774273,3.512107,3.512107,62.403467
4.230693,0.163678,17.866568,2.998594,2.998594,52.830537
6.010568,0.208042,20.251892,2.673809,2.673809,56.924065
5.563902,0.188410,28.850246,2.729632,2.729632,62.029654
6.568433,0.202337,25.852563,6.001292,6.001292,88.959449
3.947490,0.148794,20.226455,2.607723,2.607723,49.686360
2.942356,0.122237,16.286193,2.538237,2.538237,58.379870
1.019780,0.194291,4.408729,2.422003,2.422003,29.118436
6.103437,0.283131,26.733782,3.875126,3.875126,70.617070
8.628627,0.077852,34.067611,5.392334,5.392334,73.887252
5.639315,0.100023,20.329378,2.580090,2.580090,55.184368
4.271712,0.211906,22.524339,2.767165,2.767165,56.615926
2.831167,0.172217,17.350634,4.517671,4.517671,54.155778
1.604801,0.151939,11.082498,3.571291,3.571291,44.660534
3.941647,0.238473,18.010689,2.676953,2.676953,50.860346
4.188786,0.179067,17.770112,2.409506,2.409506,67.320991
2.545271,0.115535,8.727775,2.696320,2.696320,35.403998
2.211083,0.083577,7.556460,2.679323,2.679323,37.273642
4.640789,0.088600,12.637034,3.468204,3.468204,40.281029
5.503196,0.102315,20.308648,2.905260,2.905260,52.379559
4.749065,0.143067,15.506492,3.047472,3.047472,46.257400
3.876797,0.187618,14.474371,2.170807,2.170807,45.920775
1.984374,0.075714,6.925852,2.180331,2.180331,30.684137
3.675685,0.168404,8.057311,1.931322,1.931322,29.922970
2.121778,0.084143,4.766653,1.573341,1.573341,23.758376
3.605004,0.089048,9.775164,2.405527,2.405527,38.375833
3.494457,0.072306,11.617569,1.732119,1.732119,35.126387
2.368172,0.061262,6.203499,1.450433,1.450433,27.894253
3.019899,0.101695,6.835654,1.778928,1.778928,42.291133
2.984449,0.151893,12.366299,2.551677,2.551677,45.478602
5.599156,0.175517,19.443471,2.716640,2.716640,50.326424
7.527351,0.105515,28.796289,4.426748,4.426748,63.083356
8.015452,0.164394,23.419238,4.457998,4.457998,58.753159
6.085891,0.189536,19.159174,2.904056,2.904056,50.210185
5.955163,0.250469,18.219063,3.046831,3.046831,51.214951
6.989367,0.280645,18.615184,2.611984,2.611984,47.927391
5.661754,0.150747,16.461763,3.943664,3.943664,50.888079
5.385250,0.115944,13.102607,2.714491,2.714491,44.600290
3.502387,0.103496,19.377194,3.049422,3.049422,54.875989
6.599368,0.229062,21.869917,2.851949,2.851949,49.524040
4.154729,0.094367,15.141331,2.839840,2.839840,42.300615
9.899943,0.224500,24.630999,2.903041,2.903041,61.593625
6.559034,0.169727,23.683970,2.868476,2.868476,56.384377
8.530099,0.223212,20.400656,4.328513,4.328513,55.304914
3.997553,0.145632,17.662484,3.260363,3.260363,48.996562
5.096417,0.189443,14.341742,3.830635,3.830635,46.998788
6.833980,0.179053,23.384551,3.282742,3.282742,57.976091
6.373749,0.158797,24.799791,3.545522,3.545522,56.327817
5.642612,0.164657,19.052991,3.195803,3.195803,43.302605
4.065694,0.162587,14.995393,2.704339,2.704339,40.376425
3.905878,0.083718,12.547907,3.029300,3.029300,40.304165
7.141724,0.151547,18.428202,2.949528,2.949528,54.962616
6.735583,0.169656,17.995047,3.247486,3.247486,51.730997
4.246355,0.076236,11.337972,3.405604,3.405604,35.309477
6.531083,0.204603,20.447837,2.919821,2.919821,55.509282
7.003544,0.180296,18.051941,3.082010,3.082010,52.808394
5.604193,0.180929,18.270001,4.785014,4.785014,62.319479
3.294088,0.118444,10.238679,3.415531,3.415531,36.581776
5.817779,0.160967,20.524736,3.464722,3.464722,59.865358
3.276352,0.082596,9.544871,2.975461,2.975461,42.494704
3.405882,0.081057,10.011672,4.047329,4.047329,43.647873
3.408712,0.075239,9.549433,2.945371,2.945371,38.026137
4.131290,0.160387,11.711396,5.711796,5.711796,49.969483
4.207779,0.110091,10.428685,5.307980,5.307980,44.295223
5.294056,0.117188,9.969397,3.528782,3.528782,60.390334
5.324511,0.096930,13.094599,5.567635,5.567635,68.260884
5.605482,0.136375,14.509825,5.097337,5.097337,50.038559
3.427589,0.093925,9.106625,5.839332,5.839332,41.005919
5.032025,0.109626,9.913072,4.189088,4.189088,41.731705
3.555855,0.069882,13.197686,4.690993,4.690993,66.913981
4.334954,0.137630,9.550498,6.157481,6.157481,46.559655
3.204968,0.086132,9.606694,3.983645,3.983645,37.417561
3.756324,0.076277,9.748962,5.512717,5.512717,44.095959
3.845222,0.116959,12.159477,3.515346,3.515346,47.175521
3.680084,0.093603,9.307384,4.624920,4.624920,59.764642
4.080690,0.150393,8.459435,4.668483,4.668483,44.649416
5.388975,0.102412,13.420011,6.046695,6.046695,51.096872
3.744985,0.062086,11.467034,3.053685,3.053685,53.847838
3.698884,0.098989,10.638534,4.469170,4.469170,43.987188
4.157763,0.098072,9.957819,6.026232,6.026232,44.364216
4.902046,0.097753,9.695672,5.552149,5.552149,64.589644
5.919160,0.103798,14.174951,3.398179,3.398179,66.967157
3.259473,0.105118,8.718276,5.048869,5.048869,55.348701
4.539730,0.126882,14.026778,1.913393,1.913393,48.016321
3.156405,0.063313,7.139275,3.943472,3.943472,33.759313
3.062483,0.056889,9.490153,3.347837,3.347837,40.396216
3.867149,0.061823,6.726517,5.585820,5.585820,37.058624
3.603554,0.064892,6.863682,4.548247,4.548247,36.573602
3.481603,0.061709,7.247085,4.350227,4.350227,35.955101
3.327116,0.060979,8.004979,3.406317,3.406317,38.408258
4.213823,0.088452,8.657869,5.042800,5.042800,40.206886
3.786553,0.071788,13.278927,5.637490,5.637490,45.573434
4.176782,0.113518,15.968798,6.008876,6.008876,54.103239
4.355797,0.091919,12.703557,5.420026,5.420026,50.143968
4.737031,0.121510,13.189495,4.268586,4.268586,48.683107
5.506010,0.102423,15.334966,4.221117,4.221117,70.772491
6.470962,0.152016,15.661078,5.778604,5.778604,76.588846
5.731827,0.187881,20.738312,4.106915,4.106915,76.819076
5.230923,0.205350,16.992867,7.186887,7.186887,78.170149
5.327613,0.228008,21.446905,9.763779,9.763779,87.253485
4.974695,0.154407,16.073167,4.646520,4.646520,76.943110
6.601552,0.279956,21.622202,5.588535,5.588535,74.268561
3.729757,0.172165,15.675214,5.889294,5.889294,81.126433
4.780846,0.334816,16.206213,5.771252,5.771252,79.257303
4.791994,0.144565,20.461627,5.133344,5.133344,84.252971
7.992396,0.207104,26.453729,7.703898,7.703898,100.102560
4.862799,0.218859,17.495242,6.082078,6.082078,83.971216
4.114713,0.331688,17.968988,5.684997,5.684997,81.664388
3.168405,0.130983,12.500305,4.880824,4.880824,74.279881
3.389164,0.125404,12.137166,5.504862,5.504862,60.508212
3.852307,0.232439,24.520692,10.950072,10.950072,102.981781
3.578300,0.156431,11.139964,6.527103,6.527103,70.993690
5.354818,0.165880,27.783229,7.241025,7.241025,98.524116
4.709680,0.146760,17.097094,6.650374,6.650374,82.065228
3.955689,0.251132,18.745482,5.893005,5.893005,85.479566
5.639442,0.238741,12.980813,7.607457,7.607457,84.222558
3.085313,0.153140,13.495529,6.770318,6.770318,80.417356
6.837053,0.269605,22.287267,7.513882,7.513882,93.903669
4.804171,0.191476,17.983866,6.430310,6.430310,81.365608
4.664163,0.161797,16.890128,6.740085,6.740085,79.116437
4.161494,0.185991,21.665935,6.175528,6.175528,83.813013
3.537118,0.221853,13.639481,0.000000,0.000000,17.399700
9.194509,0.279662,30.993824,25.701714,25.701714,128.971840
3.080083,0.105850,9.372778,7.723546,7.723546,75.127415
3.492465,0.087673,9.519820,8.787077,8.787077,74.340100
3.392863,0.134419,10.590845,8.041774,8.041774,76.391338
3.678375,0.128269,11.964216,7.563554,7.563554,77.555402
3.823551,0.122227,10.118904,7.371353,7.371353,76.102466
3.142990,0.165878,8.046059,7.496128,7.496128,52.963647
4.026496,0.138155,11.105706,7.253610,7.253610,55.898601
3.897921,0.124844,12.183447,7.557387,7.557387,71.019270
5.885501,0.115630,17.784781,8.544723,8.544723,93.776453
3.581203,0.112149,11.181605,8.640361,8.640361,79.728461
4.615264,0.194443,12.157469,8.188599,8.188599,82.230966
4.844729,0.140738,11.656560,8.443336,8.443336,82.045589
3.511061,0.137987,11.285679,8.526503,8.526503,81.184314
3.703723,0.105953,12.278748,9.326905,9.326905,85.885181
4.276488,0.088861,16.237122,10.710741,10.710741,95.397701
6.988826,0.178058,33.981698,9.430343,9.430343,125.589786
6.359763,0.210694,24.650759,11.165999,11.165999,116.514436
7.526421,0.608091,24.718070,11.415789,11.415789,116.654841
5.412609,0.249383,19.894057,8.523605,8.523605,109.339193
7.898662,0.229574,33.403249,9.929076,9.929076,134.094199
7.515155,0.258867,33.588603,8.752410,8.752410,130.026949
7.023021,0.313495,29.740482,8.799185,8.799185,127.211089
8.603546,0.384205,32.396571,13.086230,13.086230,137.126873
7.255849,0.268296,27.581088,9.634838,9.634838,131.896864
7.542886,0.294228,30.526050,11.092309,11.092309,135.841628
6.309765,0.302901,27.820100,9.160850,9.160850,137.416490
7.487829,0.334949,27.246005,14.539858,14.539858,140.950534
6.876991,0.263750,32.316525,10.846967,10.846967,131.990542
7.237682,0.278212,27.944050,15.207215,15.207215,132.848519
5.038055,0.288258,17.229497,9.912142,9.912142,116.760079
8.256187,0.290040,29.775146,15.430214,15.430214,139.820292
5.758776,0.163121,27.903796,12.872670,12.872670,137.450924
5.930333,0.179398,28.244477,12.853234,12.853234,140.341051
5.985961,0.275554,26.999070,9.653455,9.653455,136.256267
7.052529,0.232948,26.582179,13.519565,13.519565,151.069211
5.433967,0.245016,25.766978,10.189506,10.189506,137.718735
6.076780,0.305799,22.401405,12.372188,12.372188,139.612724
5.277894,0.230901,22.239059,11.967093,11.967093,138.616994
6.700939,0.283114,41.009285,13.740899,13.740899,164.297794
6.546341,0.328070,29.192476,10.506783,10.506783,141.825394
5.907348,0.248460,30.007084,11.255597,11.255597,150.386118
6.561556,0.273652,28.324626,9.629049,9.629049,158.234712
7.008860,0.234156,28.610282,10.480966,10.480966,154.401108
6.508664,0.255609,27.832235,8.790243,8.790243,148.027574
5.432764,0.279824,22.504900,10.681726,10.681726,159.036433
5.897926,0.358277,23.650429,11.084160,11.084160,149.553703
10.646516,0.683221,37.554699,7.103814,7.103814,183.409982
6.261264,0.240189,27.432350,10.630688,10.630688,152.664609
7.266462,0.181181,24.282072,10.106074,10.106074,153.164708
10.341282,0.398139,27.656006,8.443867,8.443867,146.008969
8.977668,0.287580,26.372971,10.054315,10.054315,145.444431
8.395440,0.349193,28.865711,6.946245,6.946245,142.670177
7.936898,0.275449,20.530107,9.135562,9.135562,141.587783
8.758799,0.337874,31.886013,5.314978,5.314978,154.586639
6.457701,0.206534,27.790102,8.044300,8.044300,148.235534
5.405141,0.396631,18.489936,6.691664,6.691664,68.000828
7.182436,0.270677,24.422554,7.545445,7.545445,77.540794
6.005981,0.193463,19.055475,6.154549,6.154549,66.344994
6.755664,0.209941,19.338401,6.793004,6.793004,132.413054
7.425243,0.307623,27.175881,7.241426,7.241426,141.992585
9.310592,0.265354,22.847799,5.949769,5.949769,144.797688
5.408296,0.214146,18.872555,7.463811,7.463811,131.987177
8.957704,0.351769,29.584293,8.537117,8.537117,150.594842
6.418893,0.361133,28.283928,4.585659,4.585659,73.315146
5.930586,0.264705,20.562574,5.248528,5.248528,64.927791
5.535675,0.200343,18.089499,6.534835,6.534835,60.359138
5.443258,0.171975,18.070840,6.230559,6.230559,59.341712
6.540366,0.190867,19.721131,6.042179,6.042179,59.469075
5.502407,0.140276,21.276857,4.421383,4.421383,60.374781
5.864188,0.152029,19.817926,6.270115,6.270115,60.322191
5.831525,0.196141,21.120878,6.823207,6.823207,61.538054
6.521716,0.115679,20.105917,7.086065,7.086065,62.022633
5.513609,0.135717,31.016957,8.083803,8.083803,73.134903
6.704033,0.165022,26.611095,11.222510,11.222510,75.029114
5.797079,0.138042,27.175107,9.067071,9.067071,75.675824
7.579793,0.156606,27.281411,9.798449,9.798449,77.351259
6.388259,0.116085,26.948906,8.420509,8.420509,79.575739
5.932942,0.158001,26.353798,12.217521,12.217521,114.088777
5.832443,0.191763,27.315948,11.807469,11.807469,115.953691
5.745179,0.233544,34.347206,9.917234,9.917234,115.363936
12.348514,0.571660,42.304177,18.160999,18.160999,149.468055
5.034484,0.267430,27.131528,9.384182,9.384182,116.380918
12.059213,0.631135,37.921790,13.808769,13.808769,150.797970
6.507454,0.304237,29.672202,12.001944,12.001944,134.489600
6.428623,0.246700,24.505417,8.556261,8.556261,135.862834
5.852960,0.227511,21.565245,12.692502,12.692502,134.698959
5.967758,0.220529,20.119228,8.439104,8.439104,134.537712
6.365500,0.214059,23.477340,10.776783,10.776783,143.246177
6.659422,0.198139,23.418810,10.033891,10.033891,150.595427
7.057923,0.207590,22.065155,7.599394,7.599394,134.509042
7.033379,0.223896,23.058794,8.582600,8.582600,139.969758
6.837313,0.242277,23.536342,7.507860,7.507860,138.248559
11.214292,0.350624,34.077354,8.850608,8.850608,155.980032
11.603359,0.295017,27.797070,9.470365,9.470365,147.744071
11.526155,0.276776,30.369249,8.572696,8.572696,158.285640
6.352634,0.166073,27.480558,7.867030,7.867030,153.647176
6.240004,0.187487,20.803397,7.817259,7.817259,134.059378
9.123490,0.272990,32.709889,9.117399,9.117399,170.780062
6.946301,0.297052,23.938088,8.258077,8.258077,144.974407
9.638848,0.195219,28.628580,9.659892,9.659892,151.379059
8.228634,0.270497,24.787295,5.770777,5.770777,151.727235
8.911127,0.271341,25.838822,6.899241,6.899241,149.028177
9.589731,0.340232,30.721991,7.057281,7.057281,156.466203
6.416282,0.284483,22.455777,7.383193,7.383193,82.496766
4.839634,0.198618,17.662365,6.748028,6.748028,79.341429
4.388468,0.176560,19.337208,6.292425,6.292425,77.902023
5.107671,0.173790,24.958447,7.107459,7.107459,81.894692
5.124041,0.185535,25.119417,10.894095,10.894095,156.299363
5.666379,0.184274,24.752917,13.480122,13.480122,156.827392
5.401793,0.180151,23.058505,11.775787,11.775787,151.232359
4.979689,0.182780,22.629893,8.581728,8.581728,147.345325
4.651817,0.180838,18.385641,9.655142,9.655142,150.537038
4.121072,0.202955,15.567355,7.648911,7.648911,67.904498
4.679358,0.169744,17.654876,7.135844,7.135844,138.377898
2.740479,0.158707,9.131845,3.602937,3.602937,61.937373
1.832408,0.126372,6.832651,8.551691,8.551691,50.102264
1.783001,0.081845,7.540782,5.775368,5.775368,41.812033
1.436807,0.051991,4.958070,3.826783,3.826783,35.815942
2.320226,0.038404,6.427764,4.734501,4.734501,32.485360
2.327341,0.060186,7.672056,4.439014,4.439014,41.652903
2.119386,0.054443,6.513017,4.132594,4.132594,34.119730
3.080723,0.121281,10.272221,4.970595,4.970595,43.927042
1.355192,0.077500,4.082522,3.995866,3.995866,28.237231
1.910646,0.045889,6.099762,5.012701,5.012701,32.502540
2.253630,0.038486,8.820641,6.610371,6.610371,38.334051
3.037222,0.074112,9.912970,7.520212,7.520212,40.897486
3.470717,0.088161,10.727914,8.225534,8.225534,98.725138
6.282673,0.181830,20.985872,8.444049,8.444049,131.947287
3.644667,0.099024,13.901681,6.103370,6.103370,130.381681
4.163568,0.144393,16.552300,7.233620,7.233620,118.822268
4.731042,0.133683,19.511346,7.105355,7.105355,121.307492
6.312253,0.257885,21.452941,7.988023,7.988023,124.315639
11.249255,0.303297,43.723265,9.669190,9.669190,165.589005
8.799517,0.284411,32.226850,7.860768,7.860768,138.390224
10.825394,0.421448,32.621226,9.882344,9.882344,140.998671
7.386109,0.199885,21.616788,8.860168,8.860168,133.605113
6.259623,0.227045,16.816396,7.393401,7.393401,129.799993
6.941745,0.198780,22.585636,7.593736,7.593736,129.546984
6.789524,0.189747,18.733646,10.037680,10.037680,126.738658
6.104941,0.172703,15.759502,6.130130,6.130130,111.617347
5.823939,0.154286,14.549463,11.228003,11.228003,117.653276
5.620602,0.182944,15.831998,8.133115,8.133115,110.692294
6.667275,0.165951,18.797176,5.444488,5.444488,76.075391
5.309386,0.192301,15.789950,7.795619,7.795619,73.381475
5.127949,0.224053,16.990814,5.738733,5.738733,74.552960
5.222976,0.228997,15.088149,6.997719,6.997719,74.750032
4.844891,0.181601,20.086881,5.837054,5.837054,79.503244
7.337048,0.172291,23.447016,6.909426,6.909426,83.226997
5.324155,0.166178,20.755135,6.001523,6.001523,71.363276
4.981912,0.149257,20.365123,5.268786,5.268786,65.409980
6.849433,0.197905,24.620349,6.848431,6.848431,71.487060
5.977607,0.144872,21.739500,5.920041,5.920041,67.137165
5.766644,0.148448,22.016750,8.925446,8.925446,98.181875
5.675543,0.131025,22.947378,9.695285,9.695285,99.542547
5.820126,0.126398,23.222583,6.988150,6.988150,97.952794
11.769182,0.226575,29.934042,5.626141,5.626141,119.353268
9.717239,0.248639,33.319592,4.642175,4.642175,119.206388
9.166383,0.417712,35.188036,6.618398,6.618398,121.696661
7.680727,0.229069,30.912046,4.855200,4.855200,116.426180
5.766392,0.094614,18.640806,5.855312,5.855312,66.364334
5.591747,0.126513,17.794881,6.945667,6.945667,99.474270
5.297605,0.125425,16.484313,9.364183,9.364183,98.703688
6.702265,0.089977,17.154075,6.205027,6.205027,98.133998
9.863784,0.205250,27.020957,10.151552,10.151552,114.875239
9.828883,0.245502,28.118816,4.641113,4.641113,84.575902
6.602416,0.208199,18.736324,5.823059,5.823059,98.409037
4.219029,0.135159,14.309533,6.479940,6.479940,94.956521
4.792361,0.148814,13.429464,8.280596,8.280596,95.342836
4.484986,0.104205,12.663825,7.444323,7.444323,89.108991
4.198846,0.083076,13.100151,5.388886,5.388886,87.622271
4.238132,0.111516,11.745899,7.692120,7.692120,59.548000
3.639912,0.094578,12.942923,4.827131,4.827131,57.102489
4.009704,0.120768,10.993436,4.968988,4.968988,50.230437
5.757890,0.132028,15.595130,3.132719,3.132719,54.556435
3.720227,0.076547,10.613418,3.850909,3.850909,52.652301
4.202278,0.136142,11.829166,5.594057,5.594057,47.737379
3.634242,0.080590,11.266202,5.172748,5.172748,52.771720
5.454772,0.092595,16.757762,4.883616,4.883616,67.806771
2.695106,0.139161,7.559590,4.774006,4.774006,43.100860
3.044316,0.108391,7.381703,3.521672,3.521672,43.485627
4.065135,0.126874,12.190343,5.046780,5.046780,52.222325
3.060338,0.090244,6.615157,3.198183,3.198183,30.645147
2.237370,0.056216,7.574296,3.465457,3.465457,31.638609
1.065823,0.058906,3.129925,3.793735,3.793735,46.890661
1.524075,0.047522,4.446985,4.570216,4.570216,43.469007
1.348535,0.034903,4.886266,3.711155,3.711155,42.605988
4.553039,0.050653,14.516321,7.684116,7.684116,60.956331
5.714764,0.075082,17.870652,6.810590,6.810590,58.919292
5.152162,0.109961,13.908176,4.039405,4.039405,48.199619
4.788608,0.190840,16.030660,4.179996,4.179996,46.586399
2.132809,0.053712,5.988555,4.552964,4.552964,30.060153
3.647886,0.110421,10.798687,6.945203,6.945203,51.845997
3.487415,0.152294,8.492160,6.224838,6.224838,41.596575
3.837529,0.106955,18.988514,6.565636,6.565636,62.144723
4.024805,0.126901,19.255110,8.291043,8.291043,50.190650
5.015406,0.136294,19.277756,6.249800,6.249800,53.119766
3.636058,0.079164,14.031631,5.508551,5.508551,67.206754
3.506794,0.076754,12.819437,8.781954,8.781954,70.334617
5.484016,0.082120,14.744753,6.667765,6.667765,74.439719
5.371545,0.103718,17.685031,5.782358,5.782358,71.232943
4.908710,0.101021,20.188803,7.340733,7.340733,77.624913
5.902358,0.135600,16.215373,7.252391,7.252391,75.871293
5.825172,0.102752,19.180319,4.825035,4.825035,74.249445
6.358958,0.137427,22.202162,5.471801,5.471801,79.357525
5.991990,0.140756,15.893826,8.764361,8.764361,81.967935
6.572483,0.168891,16.759722,7.147915,7.147915,77.215007
5.545416,0.140662,15.210414,7.464629,7.464629,76.788033
4.489731,0.121333,13.494694,6.217877,6.217877,70.785032
5.021678,0.111754,15.585980,6.998472,6.998472,71.787253
4.267397,0.113186,13.201448,6.766611,6.766611,71.938802
8.909412,0.173270,25.705545,7.839794,7.839794,92.513504
3.868549,0.103337,14.175447,6.403915,6.403915,69.757831
4.024191,0.072636,11.803707,6.955780,6.955780,67.313804
4.495677,0.100271,12.038171,5.439701,5.439701,66.605108
4.429483,0.069392,12.304246,6.091821,6.091821,65.418474
5.203597,0.090206,12.026854,5.635549,5.635549,62.973121
4.989428,0.050189,11.954183,5.882712,5.882712,63.065590
8.290516,0.113121,19.853860,7.655757,7.655757,88.858111
7.116948,0.121456,19.889729,5.279339,5.279339,76.739911
5.369535,0.096281,17.702203,5.598445,5.598445,70.618336
9.118219,0.107338,22.900001,5.613909,5.613909,80.964531
5.678627,0.076847,16.505399,5.862171,5.862171,75.582592
5.605075,0.074867,16.576227,4.188261,4.188261,71.968613
6.886538,0.111175,18.304791,6.103458,6.103458,76.616505
7.190569,0.115356,16.255599,6.786526,6.786526,73.476408
5.403007,0.090249,17.311328,5.374076,5.374076,72.559378
4.925793,0.067255,12.697793,5.993210,5.993210,56.415392
7.045010,0.102431,12.912748,6.310863,6.310863,73.400161
5.303814,0.076222,13.983556,5.406436,5.406436,62.812942
4.590517,0.055047,12.781438,4.793048,4.793048,54.098207
7.615452,0.087358,15.122014,6.957645,6.957645,64.770308
5.937572,0.056279,15.760462,6.774983,6.774983,57.614616
5.832157,0.046414,12.522523,6.584578,6.584578,51.257135
8.353109,0.073228,12.197417,5.221728,5.221728,72.160379
5.808518,0.049165,12.148825,7.154075,7.154075,63.634864
5.245226,0.081845,13.015924,6.039507,6.039507,64.335027
6.632354,0.083150,14.233463,6.338471,6.338471,67.717828
5.736185,0.067314,16.216709,6.980758,6.980758,74.235267
5.788444,0.077020,15.715305,6.582140,6.582140,80.336935
4.979595,0.091973,12.832721,6.742562,6.742562,56.926158
5.727283,0.105796,14.855537,4.278911,4.278911,56.981221
6.193913,0.095422,17.760135,4.911695,4.911695,60.241858
6.687972,0.074046,15.587753,7.503958,7.503958,56.305429
5.710929,0.054158,11.422436,4.234809,4.234809,45.914478
7.239714,0.117501,18.429800,5.516197,5.516197,52.713143
7.198358,0.075982,14.946833,4.181546,4.181546,57.689578
10.949381,0.205063,31.520566,5.782955,5.782955,108.641333
5.749655,0.017931,21.319804,5.457156,5.457156,62.684178
5.616295,0.020526,24.512151,5.014989,5.014989,66.313348
5.346780,0.011775,20.426547,5.967028,5.967028,51.877060
