1403715278412143104.000000 -0.040054679 -0.000531014 -1.718158484 -0.604420602 -0.568646491 -0.407672524 0.380946070
1403715279412143104.000000 -0.060074799 0.121531688 -1.601266980 -0.597949207 -0.553460777 -0.420313537 0.399342418
1403715282162142976.000000 -0.108591527 0.543731391 -1.410515666 -0.766103983 -0.306244940 -0.524535418 0.210146263
1403715282412143104.000000 -0.103103235 0.616800547 -1.438787460 -0.785018563 -0.255921334 -0.537897348 0.170048833
1403715285312143104.000000 0.095709749 1.275364995 -1.696677208 0.811563313 -0.071960986 0.579268575 0.025192514
1403715287912143104.000000 0.601368666 0.926391423 -1.147397280 0.786905885 -0.214012533 0.564595282 0.127318621
1403715290112143104.000000 0.728829861 0.596493840 -1.377856970 0.736997008 -0.371118903 0.504568219 0.254002243
1403715291862142976.000000 1.224411488 0.167616516 -1.350972891 0.709827006 -0.424643755 0.498192817 0.260052472
1403715292312143104.000000 1.271650910 -0.045708563 -1.409311771 0.727779806 -0.399265498 0.491260827 0.263792664
1403715294762142976.000000 1.772363901 -0.782691240 -1.230574012 -0.815347314 -0.095816813 -0.567086279 0.066642150
1403715296112143104.000000 1.722593784 -1.015717983 -1.447137833 -0.750697136 -0.302591234 -0.536707222 0.238406703
1403715298662142976.000000 2.474722147 -1.217978597 -1.611929297 -0.525152683 -0.621732235 -0.431322962 0.389389426
1403715301362142976.000000 2.246054411 -0.722717643 -1.493474960 -0.344087780 -0.715108454 -0.293056697 0.533236623
1403715303962142976.000000 2.086946487 -1.495736599 -1.639371753 -0.193430245 -0.787766159 -0.129371598 0.570326507
1403715304462142976.000000 2.001902103 -1.566439867 -1.668994188 -0.177960157 -0.794691145 -0.107185125 0.570357502
1403715307412143104.000000 2.397499084 -1.614584208 -1.302393198 -0.363054067 -0.729432881 -0.300199449 0.495983601
1403715310112143104.000000 2.857077599 -1.465702176 -1.493184805 -0.534929216 -0.607269108 -0.356969327 0.466527462
1403715312862142976.000000 3.942931652 -1.148454309 -1.397119761 -0.590744436 -0.551623404 -0.442007422 0.389052868
1403715315312143104.000000 3.807852983 -1.082623959 -1.159655929 -0.671034813 -0.469403505 -0.473211110 0.324721158
1403715318262142976.000000 3.259056330 -0.699414611 -1.479166389 0.821601272 -0.031711370 0.568817854 -0.020298446
1403715320712143104.000000 4.107163906 -0.722481132 -1.371322632 0.713415205 -0.382578671 0.535709321 0.240183204
1403715321212143104.000000 4.223650932 -0.625069499 -1.303219795 0.689585447 -0.444983453 0.510751963 0.256113440
1403715321712143104.000000 4.153189182 -0.637412786 -1.260799050 0.693307281 -0.436419457 0.510386169 0.261474729
1403715324512143104.000000 3.377655029 -1.566794991 -1.163701773 0.639702559 -0.499919057 0.485927373 0.323629707
1403715327362142976.000000 2.800317049 -1.259368062 -1.202033281 0.639064312 -0.521017373 0.464842200 0.322582334
1403715328662142976.000000 2.162010431 -1.291040063 -1.280679107 0.691854596 -0.429523200 0.483961463 0.320356518
1403715331262142976.000000 1.966035008 -1.130469441 -1.377807021 0.793124080 -0.205663130 0.563607693 0.104897410
1403715334162142976.000000 1.666232347 -2.168558836 -1.131326079 0.818288803 -0.097256228 0.564488709 0.047928557
1403715336462142976.000000 1.758603573 -3.172612429 -1.163899183 -0.818572581 -0.002163280 -0.574357748 0.006889733
1403715337462142976.000000 1.949749470 -3.460342169 -1.113889456 -0.825641453 -0.036472168 -0.561356485 0.043184772
1403715339962142976.000000 2.840208054 -4.168017387 -1.058987498 -0.803692877 -0.162972897 -0.567445397 0.074319661
1403715340362142976.000000 2.949089766 -4.138701439 -1.065539241 -0.790886700 -0.216639265 -0.557111382 0.131121039
1403715340712143104.000000 3.016440630 -4.046867371 -1.020981669 -0.781628251 -0.266795069 -0.531116307 0.189191163
1403715341162142976.000000 3.143502712 -3.933384895 -0.981607556 -0.783494115 -0.262715280 -0.527273059 0.197739139
1403715343462142976.000000 3.700713873 -3.243310690 -0.922370791 -0.750584662 -0.345772237 -0.512836397 0.232514903
1403715346062142976.000000 3.070721388 -1.848114014 -1.099576116 -0.722754657 -0.407978892 -0.484967530 0.275654882
1403715347562142976.000000 2.342394114 -1.226812482 -1.062513709 -0.690606833 -0.435663283 -0.500404179 0.287846357
1403715350512143104.000000 2.439985037 -0.816257417 -1.510020494 -0.504051507 -0.669870675 -0.348287642 0.419405788
1403715353262142976.000000 1.629817009 -0.114398256 -1.475045562 -0.434422284 -0.684992015 -0.302789539 0.500381529
1403715355812143104.000000 1.361027718 0.178927481 -1.354662061 -0.313478351 -0.758034229 -0.216366768 0.529434383
1403715357062142976.000000 1.106341004 0.369036466 -1.263244867 -0.277888924 -0.778999984 -0.170342147 0.535649598
1403715357862142976.000000 0.813213050 0.583614647 -1.159593701 -0.184899911 -0.800476551 -0.162174717 0.546579123
1403715358162142976.000000 0.672409356 0.624374211 -1.157061934 -0.186659485 -0.805100977 -0.161180571 0.539436340
1403715359862142976.000000 -0.322978824 0.449957430 -1.242251754 -0.144604176 -0.796635151 -0.111599408 0.576201141
1403715360312143104.000000 -0.449630111 0.305000931 -1.223910332 -0.152614325 -0.803539753 -0.103153482 0.566032052
1403715360662142976.000000 -0.518822074 0.220831290 -1.207142591 -0.215274051 -0.788894653 -0.107061706 0.565544069
1403715363012143104.000000 -1.048371553 0.294717789 -1.239186883 -0.641160131 -0.504455149 -0.417201370 0.400476724
1403715363512143104.000000 -1.139240861 0.344971836 -1.215228438 -0.696384132 -0.429299146 -0.450563997 0.357412219
1403715366162142976.000000 -0.701345384 -0.152807117 -0.890503049 -0.808486819 -0.090640351 -0.570236802 0.113856673
1403715369012143104.000000 0.123022169 -1.566653252 -0.801921844 -0.808521211 -0.126974389 -0.566112280 0.098427400
1403715371062142976.000000 1.112338424 -2.285080910 -0.839809656 -0.782258689 -0.280699402 -0.522229254 0.191195801
1403715373712143104.000000 3.022490263 -2.188412666 -0.805042267 -0.737691939 -0.349409550 -0.528186619 0.233971059
1403715376312143104.000000 3.621538877 -1.280016780 -0.845667303 -0.663247824 -0.466766894 -0.475003630 0.341471314
1403715377662142976.000000 3.242733002 -0.932064891 -0.981139064 -0.640341878 -0.494582653 -0.471861601 0.350281268
1403715380262142976.000000 1.943489313 -0.722388923 -0.982280314 -0.646633208 -0.497469753 -0.463597566 0.345639378
1403715383062142976.000000 0.137035280 0.022935446 -0.968226671 -0.760948002 -0.334392518 -0.506837487 0.228594780
1403715385662142976.000000 0.072263367 0.859361529 -1.012112379 0.823503017 -0.029320603 0.566377997 -0.014111301
1403715388362142976.000000 0.362880826 -0.393663734 -0.989995360 -0.824290872 -0.005415754 -0.565814137 0.019223319
1403715389712143104.000000 0.693251312 -1.376305223 -1.065695643 -0.817101479 -0.028737668 -0.575252116 0.024582978
1403715392512143104.000000 2.429638863 -1.903269410 -0.987225413 -0.738682330 -0.332418531 -0.532470167 0.245605350
1403715393962142976.000000 3.304870367 -1.771090627 -0.907106578 -0.546929479 -0.611775100 -0.387665868 0.419898450
1403715394862142976.000000 3.331504345 -1.745085359 -0.937105060 -0.337373525 -0.744254708 -0.245839432 0.521370292
1403715396362142976.000000 3.006877422 -1.966751575 -1.084086061 -0.097413719 -0.814767361 -0.051152825 0.569252133
1403715398212143104.000000 2.222462177 -1.804656625 -1.301702142 -0.054135133 -0.801862240 -0.032088201 0.594185650
1403715398712143104.000000 2.044811010 -1.652158856 -1.351712584 -0.056155890 -0.801817298 -0.056124527 0.592271566
1403715399212143104.000000 1.996470571 -1.625341892 -1.375802875 -0.051066414 -0.798732817 -0.063260183 0.596168041
1403715399712143104.000000 2.074211121 -1.761355996 -1.389794111 -0.056116909 -0.824595332 -0.052930064 0.560439110
1403715400212143104.000000 2.108092546 -1.976613164 -1.366231441 -0.083785146 -0.827442467 -0.077575997 0.549819112
1403715401162142976.000000 1.810132027 -2.519760370 -1.344450593 -0.299214691 -0.786793470 -0.173821330 0.511089683
1403715401562142976.000000 1.554892182 -2.651678562 -1.320011020 -0.306400210 -0.777874589 -0.195148602 0.512783766
1403715402662142976.000000 0.870316803 -2.723899841 -1.239091516 -0.334445804 -0.731246829 -0.280621201 0.524095297
1403715403112143104.000000 0.637793064 -2.846018553 -1.242529869 -0.389928579 -0.730054915 -0.242242411 0.506254971
1403715403562142976.000000 0.428825051 -2.891145945 -1.218184352 -0.401974827 -0.729060113 -0.255734950 0.491413623
1403715403862142976.000000 0.292642266 -2.848608255 -1.207916856 -0.453475028 -0.705004871 -0.275873303 0.470342934
1403715404112143104.000000 0.183220699 -2.765320539 -1.193191171 -0.491375893 -0.674545825 -0.309517801 0.455781221
1403715404312143104.000000 0.098210968 -2.674888134 -1.179065108 -0.503407240 -0.655690432 -0.351548731 0.439391285
1403715404912143104.000000 -0.238441914 -2.402166843 -1.188052654 -0.528001785 -0.623470604 -0.370118350 0.442166328
1403715405312143104.000000 -0.457617491 -2.252748966 -1.220789909 -0.595405996 -0.558365285 -0.394467801 0.422036856
1403715405712143104.000000 -0.596972585 -2.136240482 -1.254001975 -0.666794121 -0.489670545 -0.442742199 0.345814526
1403715405912143104.000000 -0.648331583 -2.074527979 -1.270701766 -0.696354389 -0.455060840 -0.461576849 0.308150947
1403715406512143104.000000 -0.765349507 -1.847638011 -1.359420180 -0.766863763 -0.308841407 -0.511349797 0.234645456
1403715406712143104.000000 -0.784942091 -1.775495052 -1.400780201 -0.785326958 -0.264016747 -0.519306779 0.209468693
1403715407112143104.000000 -0.771758020 -1.651328564 -1.473814845 -0.806716442 -0.184363753 -0.542017221 0.146410212
1403715407512143104.000000 -0.696591198 -1.535880327 -1.518617749 -0.827322543 -0.148178816 -0.531122804 0.107187115
1403715410212143104.000000 0.102357328 -0.668461442 -1.206660390 -0.769077718 -0.306932002 -0.519830585 0.209972411
1403715410712143104.000000 0.184276238 -0.553732514 -1.216233611 -0.757707477 -0.311088979 -0.536567748 0.202972755
1403715411212143104.000000 0.207734331 -0.425033629 -1.245968938 -0.752596140 -0.314795166 -0.530623436 0.230090871
1403715411512143104.000000 0.199906886 -0.373461604 -1.258607268 -0.744429827 -0.310547799 -0.535640895 0.249946281
1403715412012143104.000000 0.171761155 -0.361077160 -1.285966516 -0.746106386 -0.325204670 -0.528101623 0.242231041
1403715412212143104.000000 0.154453456 -0.370398998 -1.296269298 -0.748532176 -0.325944692 -0.524898827 0.240709201
1403715412562142976.000000 0.122611403 -0.395350873 -1.315405726 -0.753750026 -0.326868951 -0.518480897 0.237055391
1403715413062142976.000000 0.091756918 -0.419509292 -1.330770373 -0.754048645 -0.329225898 -0.519112289 0.231394619
1403715413412143104.000000 0.075313941 -0.420469701 -1.414943218 -0.752154648 -0.321325302 -0.522164345 0.241574004
1403715413812143104.000000 0.061485775 -0.440267831 -1.501170516 -0.749386847 -0.324032843 -0.527040064 0.235904515
1403715414162142976.000000 0.042129897 -0.467324704 -1.564268827 -0.752115905 -0.328286499 -0.523543417 0.229024246
1403715414512143104.000000 0.017106690 -0.468156874 -1.546738029 -0.762370229 -0.333501875 -0.509721458 0.218522981
1403715414912143104.000000 0.000918016 -0.415048599 -1.584080458 -0.757214606 -0.312140465 -0.519637823 0.243250877
1403715415362142976.000000 0.007792190 -0.391174227 -1.666562080 -0.758893788 -0.300510228 -0.525903523 0.239163443
1403715415712143104.000000 0.023247659 -0.403450549 -1.702999473 -0.753023207 -0.311523825 -0.540491641 0.209231213
1403715415962142976.000000 0.017205525 -0.398523599 -1.703852534 -0.751579285 -0.310220987 -0.542822897 0.210320681
1403715416412143104.000000 0.018545944 -0.398449659 -1.703549147 -0.754937530 -0.310946107 -0.538561046 0.208167583
1403715416712143104.000000 0.017850105 -0.400381267 -1.704488993 -0.755356610 -0.310652167 -0.538020194 0.208484709
1403715417062142976.000000 0.014776718 -0.402851939 -1.705587029 -0.755308628 -0.310504436 -0.538065135 0.208762363
1403715417562142976.000000 0.010247998 -0.406188875 -1.705947995 -0.755510628 -0.310180575 -0.537803054 0.209188253
1403715418062142976.000000 0.007178303 -0.410405517 -1.705371976 -0.755644619 -0.310064822 -0.537654757 0.209256634
1403715418562142976.000000 0.005367581 -0.414942771 -1.703700662 -0.755736947 -0.309962094 -0.537578166 0.209272072
