#Stereo rect[ms], MP culling[ms], MP creation[ms], LBA[ms], KF culling[ms], Total[ms]
6.535343,0.074629,0.765759,0.007023,0.007023,7.388199
8.399897,0.235659,3.189006,0.002467,0.002467,11.829086
9.003130,0.412842,4.985613,0.352079,0.352079,58.544430
6.532258,0.264273,4.700022,0.399394,0.399394,27.844559
10.160006,0.354323,11.781541,0.521121,0.521121,50.753774
7.065023,0.168635,6.390604,1.158460,1.158460,34.430625
8.341943,0.198638,7.788192,1.165618,1.165618,61.727380
14.129420,0.547256,25.600474,2.070659,2.070659,78.046200
12.495936,0.311711,24.626786,1.575635,1.575635,65.220178
11.675270,0.424681,21.109705,93.914608,93.914608,169.972587
6.235100,0.154230,10.745254,1.774198,1.774198,62.652893
11.574845,0.495500,30.716603,2.418174,2.418174,92.483195
11.559145,0.454021,33.579459,2.806556,2.806556,117.605584
11.970894,0.502369,30.232149,2.592422,2.592422,124.318599
12.368085,0.442368,18.493758,2.927532,2.927532,100.014920
9.406867,0.274075,15.207054,2.687003,2.687003,94.952080
11.238115,0.511946,29.366656,4.275458,4.275458,127.437103
8.336240,0.208076,16.858346,3.081636,3.081636,96.536610
8.247120,0.249543,15.537097,3.246207,3.246207,273.923792
9.252227,0.318260,20.616799,3.570375,3.570375,117.356323
9.048545,0.236024,18.464049,3.807270,3.807270,125.842227
12.611091,0.423395,38.493928,6.132841,6.132841,147.961290
8.116184,0.265125,22.178675,4.223801,4.223801,125.717003
6.643052,0.172544,14.583092,4.240604,4.240604,129.291502
8.258651,0.159950,18.743280,3.668159,3.668159,108.356204
8.158205,0.196154,14.344842,4.946725,4.946725,110.036410
12.227348,0.372299,35.029397,5.538115,5.538115,134.037646
12.116877,0.539386,15.554140,4.582691,4.582691,126.301399
8.894555,0.223588,23.576780,5.358012,5.358012,131.947809
10.379866,0.305118,29.492660,4.182576,4.182576,136.353132
7.608506,0.268184,14.783180,4.479073,4.479073,128.250427
8.179196,0.277318,14.220653,3.241644,3.241644,131.104355
11.478584,0.528882,32.695553,3.937553,3.937553,156.729195
7.912321,0.249691,14.950222,5.181225,5.181225,135.269636
12.843290,0.311300,30.675767,3.757936,3.757936,163.841871
6.283531,0.201154,13.962747,4.087561,4.087561,131.010395
9.886829,0.239949,23.763181,9.744077,9.744077,156.536225
13.861160,0.360952,37.266916,4.819016,4.819016,158.856633
10.591578,0.215921,18.214720,7.282326,7.282326,148.482044
11.353450,0.247307,24.518797,7.985613,7.985613,161.051977
8.388816,0.262316,16.007563,7.610700,7.610700,177.312541
14.534366,0.514629,27.771658,6.606723,6.606723,161.931110
7.810114,0.212173,18.625698,9.048613,9.048613,152.521436
7.010053,0.186125,17.298843,7.188364,7.188364,141.897341
10.402608,0.285119,24.533346,7.917891,7.917891,158.783551
7.622864,0.180945,16.727149,7.766161,7.766161,150.326415
10.297891,0.248378,18.966858,11.050511,11.050511,152.314670
11.697772,0.374448,27.136340,5.739544,5.739544,429.440257
12.491803,0.460258,30.861925,7.680831,7.680831,187.464645
13.305203,0.534096,39.683888,6.305214,6.305214,175.284578
14.280341,0.518556,35.723705,7.348537,7.348537,178.928430
12.283751,0.576219,39.250177,8.009135,8.009135,185.543714
11.233642,0.524056,38.690115,8.930424,8.930424,190.839790
11.976957,0.565412,27.118743,9.147648,9.147648,167.741484
9.659744,0.470852,24.270617,10.226622,10.226622,162.715034
11.978057,0.679576,29.305983,10.261989,10.261989,184.282599
7.876395,0.314880,23.306250,7.662166,7.662166,161.872592
10.654680,0.522749,36.793327,12.299112,12.299112,198.947944
11.348993,0.450294,26.323065,9.127220,9.127220,163.126290
6.362917,0.195771,16.593137,9.305489,9.305489,143.108204
6.193336,0.235218,16.759630,9.562806,9.562806,144.528746
6.468599,0.211674,17.032281,7.341360,7.341360,159.606433
12.045986,0.595628,34.235702,7.229188,7.229188,186.710527
12.503057,0.400995,33.520753,8.141777,8.141777,185.887273
11.665050,0.485320,35.763688,6.056137,6.056137,171.852957
6.248763,0.218278,16.326580,4.804648,4.804648,144.438666
7.175365,0.268779,20.465347,4.211870,4.211870,162.526736
6.671417,0.259172,14.959125,4.105472,4.105472,156.506472
12.208314,0.340198,28.716464,4.431313,4.431313,167.397757
12.945309,0.500425,33.223586,4.494695,4.494695,177.513847
14.149178,0.492100,24.068886,6.998063,6.998063,192.250458
8.125034,0.217621,21.249168,7.736311,7.736311,162.317256
9.072242,0.232854,19.770136,7.153320,7.153320,171.218810
14.574011,0.389216,30.047286,7.769184,7.769184,185.335257
12.835115,0.266603,27.078834,6.015379,6.015379,176.559825
11.828424,0.550304,21.544618,6.432211,6.432211,169.678326
7.750257,0.339576,24.981337,6.213517,6.213517,170.338717
10.703909,0.525450,31.411340,6.721782,6.721782,190.482807
11.013580,0.566948,31.866073,6.837546,6.837546,190.341277
7.966634,0.288535,17.601367,5.566512,5.566512,160.705069
11.885599,0.451711,35.799392,8.724224,8.724224,193.467871
9.245725,0.321435,34.238037,5.816205,5.816205,186.726146
14.527550,0.495413,25.870493,13.424243,13.424243,190.234513
22.739772,0.677726,45.520069,10.369200,10.369200,209.922534
10.652504,0.306569,30.504266,10.272191,10.272191,186.053078
9.113871,0.238269,27.139732,10.211626,10.211626,164.997806
7.552106,0.183650,18.785212,14.220208,14.220208,153.314423
8.187108,0.263643,20.011706,11.430814,11.430814,160.846456
11.896569,0.277541,37.519531,12.410188,12.410188,191.396863
9.062377,0.288497,21.246762,9.584995,9.584995,155.535902
11.578802,0.318125,41.609389,9.247019,9.247019,185.331591
14.602449,0.409742,38.201804,11.317622,11.317622,198.976798
8.213203,0.271776,19.788656,10.292212,10.292212,153.876240
6.816986,0.280182,22.694469,11.041050,11.041050,160.596132
8.076388,0.255771,19.907543,8.161815,8.161815,164.554454
13.630627,0.533539,43.046491,10.702897,10.702897,188.650106
6.715935,0.247800,18.766955,11.717216,11.717216,151.976359
10.033389,0.358909,27.735683,8.759965,8.759965,166.927414
9.225168,0.358671,26.534711,8.495362,8.495362,163.383347
7.331078,0.311309,17.113289,6.390599,6.390599,142.282050
5.686761,0.184779,15.793325,7.563818,7.563818,143.581231
4.845942,0.246715,15.125770,9.753750,9.753750,151.566604
4.986267,0.241029,15.609275,7.460806,7.460806,143.416337
5.488702,0.226789,15.099563,7.850259,7.850259,151.718303
4.902131,0.214320,13.051626,6.581127,6.581127,139.954589
10.278248,0.561555,28.110216,7.758758,7.758758,168.574225
6.390294,0.243030,17.602474,8.468402,8.468402,142.920512
6.087472,0.199672,15.117225,7.034602,7.034602,156.984581
6.697991,0.242403,21.731109,5.765359,5.765359,167.638770
7.944445,0.294470,22.352579,7.911160,7.911160,163.584794
8.066561,0.278726,26.746354,6.978842,6.978842,170.058964
11.831324,0.383212,36.720932,9.007364,9.007364,200.814937
12.650904,0.428348,38.012762,8.764202,8.764202,192.269649
5.742029,0.216966,19.379126,8.284547,8.284547,155.573153
5.919743,0.152197,20.001401,8.375853,8.375853,158.056497
6.882418,0.262838,21.934064,10.318104,10.318104,168.346391
7.530446,0.250823,22.553650,8.698241,8.698241,159.667998
6.102586,0.134013,21.240057,10.263858,10.263858,165.416160
7.138682,0.258795,18.425378,11.199271,11.199271,156.155625
7.551972,0.157274,17.476213,12.037071,12.037071,154.587403
13.608641,0.577682,28.259230,8.198395,8.198395,183.544483
12.058082,0.289513,27.665712,9.573535,9.573535,185.335090
11.148313,0.554919,35.981466,11.004659,11.004659,199.085000
11.317820,0.555165,32.790985,9.126066,9.126066,194.891457
11.365039,0.622498,37.737101,7.721276,7.721276,173.538990
7.634343,0.357837,15.180717,7.851262,7.851262,164.761565
9.988700,0.605078,35.634655,5.360708,5.360708,176.840666
10.468480,0.336459,27.309791,5.614588,5.614588,187.525707
10.943931,0.694218,33.184444,5.131884,5.131884,183.555766
9.550022,0.376857,19.935405,5.876175,5.876175,159.691850
11.293814,0.545403,23.674914,5.823198,5.823198,164.185424
9.124608,0.318013,23.440300,6.091297,6.091297,160.161406
10.466642,0.246565,17.422819,6.678362,6.678362,156.849519
10.099123,0.330855,31.814476,6.005709,6.005709,168.196924
6.316427,0.240403,17.495066,7.304151,7.304151,144.895706
9.258994,0.445256,20.343568,6.750385,6.750385,152.719543
11.142486,0.487378,30.820293,6.415337,6.415337,167.312401
10.916187,0.463404,26.579678,5.872837,5.872837,163.851631
6.406763,0.237580,19.935385,8.390630,8.390630,158.836943
11.183726,0.535916,36.486042,7.528030,7.528030,182.744166
6.963886,0.281435,18.415429,5.394034,5.394034,160.419699
7.318238,0.288318,13.943510,5.347709,5.347709,142.621550
8.474677,0.310471,22.818215,6.459577,6.459577,168.050496
7.845915,0.290098,24.968001,6.085755,6.085755,178.010145
10.793902,0.289779,23.633453,6.125174,6.125174,166.846746
12.645646,0.430531,34.349242,5.908531,5.908531,182.848961
7.751137,0.253966,20.495417,7.326616,7.326616,161.681126
14.696979,0.525566,36.751825,6.733313,6.733313,185.271369
13.786511,0.514449,32.422854,14.561027,14.561027,197.389189
8.179570,0.265808,20.832485,9.118721,9.118721,156.621722
8.334187,0.280143,22.292232,9.420331,9.420331,173.483936
14.564098,0.426295,42.006656,9.680036,9.680036,196.040007
14.583425,0.418068,46.000810,10.609191,10.609191,197.743833
14.347533,0.664593,40.709366,10.044453,10.044453,193.825964
13.951138,0.435971,45.162442,8.929241,8.929241,191.294544
13.233570,0.525729,39.770766,10.844812,10.844812,185.517179
11.141006,0.307348,36.701485,10.967916,10.967916,184.182088
17.526113,0.681736,43.456991,15.553906,15.553906,199.075639
11.722642,0.182535,31.153717,12.356763,12.356763,174.544402
17.016026,0.458071,51.249589,15.028240,15.028240,219.986770
17.000340,0.318940,30.746270,12.011994,12.011994,190.540948
7.463442,0.196638,25.642895,12.519979,12.519979,188.935461
8.758828,0.213186,28.461380,11.295003,11.295003,165.523385
11.935935,0.276707,38.714744,13.262968,13.262968,192.650890
11.227460,0.274417,39.712660,9.905028,9.905028,191.204701
16.939088,0.403762,40.554942,11.213956,11.213956,185.807299
10.987567,0.242300,34.035475,12.945087,12.945087,198.853008
9.567256,0.236152,31.962431,13.232400,13.232400,195.846455
16.961567,0.578642,43.422526,14.785699,14.785699,206.353109
15.873542,0.404542,44.693431,12.314156,12.314156,195.902253
15.247835,0.329190,36.044722,13.379135,13.379135,202.207459
11.126127,0.260043,26.496720,14.937627,14.937627,204.690543
9.972387,0.273869,37.809482,12.435868,12.435868,189.639518
9.871286,0.227585,26.216462,14.649074,14.649074,199.081260
14.855276,0.429668,37.243562,10.625044,10.625044,190.511647
15.031163,0.618198,38.352095,13.469736,13.469736,200.830181
14.619445,0.496773,36.716495,13.802637,13.802637,195.923130
16.788183,0.809461,35.578210,20.392213,20.392213,200.882509
9.585056,0.272144,21.877503,16.554890,16.554890,199.254082
12.209400,0.361470,41.353893,13.874578,13.874578,208.243208
8.193182,0.261599,27.417724,10.647475,10.647475,172.904142
7.697121,0.246021,19.408479,16.979847,16.979847,182.197481
9.231973,0.317284,33.395496,12.666785,12.666785,190.989005
13.481570,0.309244,32.605642,13.112001,13.112001,192.750446
7.172172,0.254455,17.356226,14.427917,14.427917,180.684147
12.759905,0.504997,42.533131,14.979754,14.979754,218.146898
13.855876,0.468877,35.109888,11.175712,11.175712,195.165651
12.904613,0.392856,36.357656,16.549544,16.549544,205.419436
13.640914,0.556807,40.659633,14.334725,14.334725,199.559698
13.534056,0.543443,51.602547,17.121106,17.121106,218.407959
13.973081,0.602471,35.857276,13.675334,13.675334,189.295751
14.554081,0.474914,31.484355,13.921605,13.921605,186.686209
7.421254,0.248846,28.312699,12.347706,12.347706,179.584009
7.648381,0.236141,31.773489,12.895434,12.895434,177.792354
9.311313,0.263088,26.465981,14.343008,14.343008,195.659031
7.288712,0.229371,25.387465,14.873124,14.873124,174.852103
11.160648,0.329107,32.653502,18.844646,18.844646,199.846796
6.594505,0.226818,25.758019,10.425731,10.425731,173.366643
7.449615,0.217945,20.448310,13.098479,13.098479,173.997613
5.938543,0.183866,20.728994,12.821106,12.821106,172.439323
6.663784,0.309802,22.126358,12.094701,12.094701,166.253745
7.872054,0.260551,24.693198,10.780055,10.780055,170.067686
10.994920,0.514773,34.240780,11.377058,11.377058,198.150351
9.104525,0.366683,27.309157,16.236280,16.236280,210.064651
7.481967,0.298991,22.957155,9.042476,9.042476,172.623596
12.715945,0.454218,45.819682,7.934079,7.934079,219.210653
8.268868,0.275457,32.460648,11.433067,11.433067,194.240740
10.717034,0.207390,32.597994,13.903128,13.903128,208.018545
6.617768,0.242103,30.925450,10.389123,10.389123,192.415142
13.178396,0.256221,38.331085,9.520473,9.520473,207.319055
11.170847,0.304382,28.408668,9.534754,9.534754,198.700290
8.975767,0.243898,29.194542,8.417195,8.417195,187.413074
7.622573,0.307216,29.943173,10.499699,10.499699,201.380359
14.824160,0.476037,43.546351,9.858351,9.858351,216.836393
14.294467,0.489840,32.050336,8.598598,8.598598,194.532091
15.536265,0.472707,44.570145,9.080172,9.080172,217.157344
15.453674,0.418928,40.108663,11.459654,11.459654,199.250857
10.833050,0.307063,33.089990,12.550490,12.550490,199.122829
14.937482,0.435022,41.893479,16.181863,16.181863,214.773752
8.786873,0.264158,25.592314,10.547576,10.547576,181.728003
11.228233,0.280718,29.203917,9.454503,9.454503,180.953021
8.947702,0.228414,24.773057,12.535323,12.535323,187.339819
8.700894,0.279573,35.659313,13.422556,13.422556,194.756106
8.559487,0.309628,21.438491,12.446475,12.446475,192.516664
13.923271,0.515590,49.292899,9.587484,9.587484,223.619660
14.258865,0.481874,42.833672,14.278728,14.278728,223.896212
8.845119,0.320626,20.851858,11.110371,11.110371,171.500655
13.559088,0.456768,39.760550,15.266147,15.266147,203.775957
14.610858,0.757388,31.577311,13.045607,13.045607,199.318849
7.519765,0.269173,19.521180,12.999019,12.999019,247.464465
7.102409,0.293919,19.419879,11.535776,11.535776,168.207168
7.853589,0.292654,16.502869,16.081870,16.081870,168.515058
5.720283,0.231111,17.646930,12.845796,12.845796,170.204925
7.404027,0.284923,18.289267,13.440252,13.440252,173.781340
6.172551,0.222134,14.933721,12.808355,12.808355,160.127556
9.585522,0.367756,26.199338,10.557948,10.557948,196.704810
9.087503,0.308094,24.301309,9.039581,9.039581,165.750282
7.592917,0.301611,12.909120,9.706211,9.706211,161.374487
4.906265,0.153362,13.466110,13.951189,13.951189,152.171912
4.394015,0.147055,11.469694,8.898826,8.898826,141.233841
5.333169,0.137667,14.903570,12.464469,12.464469,148.815333
8.020272,0.242078,23.243117,9.080912,9.080912,171.657998
4.562431,0.154514,11.943204,8.890621,8.890621,141.427191
4.998658,0.125207,11.765127,14.073889,14.073889,155.165089
4.230832,0.129872,11.673606,10.477155,10.477155,140.066458
10.607786,0.261779,29.461251,14.275060,14.275060,178.754129
5.667010,0.164303,13.451990,7.330494,7.330494,139.098316
8.822174,0.311768,36.529428,9.712388,9.712388,175.073795
7.767531,0.303599,30.937404,9.907632,9.907632,175.165978
6.543867,0.225536,18.951168,11.692195,11.692195,147.688965
7.852440,0.285908,28.029643,10.342397,10.342397,174.541764
8.612603,0.431047,27.378059,14.806587,14.806587,169.037348
7.549245,0.368560,21.459016,14.993917,14.993917,155.344912
13.012265,0.749610,33.933806,20.542418,20.542418,186.590648
11.123340,0.261426,40.726367,17.656387,17.656387,203.614778
9.464572,0.271555,28.085017,12.076566,12.076566,162.268114
9.272057,0.288443,26.694243,11.859891,11.859891,158.414399
11.730549,0.352836,40.741445,10.259302,10.259302,171.839248
14.172474,0.404299,33.033965,13.866854,13.866854,173.335796
9.685585,0.164516,46.117304,12.965274,12.965274,188.767583
14.390095,0.302072,42.012037,15.344063,15.344063,192.322058
9.984116,0.194106,30.285275,10.863138,10.863138,171.362549
17.280895,0.365523,37.303033,17.049403,17.049403,205.152117
10.828843,0.187589,26.743976,11.618535,11.618535,174.822831
18.978096,0.444011,37.330380,15.171881,15.171881,202.355617
13.290609,0.349241,38.420147,15.730154,15.730154,200.112332
10.445283,0.218170,35.976146,16.839973,16.839973,210.334360
17.652889,0.353157,52.593536,13.532623,13.532623,225.555549
9.056822,0.167490,28.910018,17.449587,17.449587,201.878298
9.472071,0.168240,31.652646,18.394548,18.394548,211.506340
10.386505,0.210221,33.445341,19.125638,19.125638,209.968814
17.552811,0.390667,45.047002,15.520620,15.520620,232.385403
9.083068,0.213228,33.451910,19.407898,19.407898,224.664374
19.237330,0.682852,48.845389,22.011303,22.011303,261.082022
17.708415,0.423582,44.763202,16.716577,16.716577,244.489419
8.809744,0.231285,28.653230,19.195915,19.195915,211.916943
7.851886,0.220299,28.146308,19.744967,19.744967,217.290129
8.540327,0.255969,27.055909,20.288159,20.288159,217.607466
16.042467,0.456340,41.449554,14.695453,14.695453,241.429939
7.231790,0.235761,25.574475,16.823496,16.823496,212.726161
7.493688,0.293650,26.172279,20.018449,20.018449,208.282035
7.459337,0.282214,23.374157,19.320635,19.320635,209.410112
6.821152,0.201153,20.081414,19.219058,19.219058,200.605390
6.749685,0.240486,24.181505,19.451672,19.451672,203.897219
7.693305,0.450690,22.170410,16.985280,16.985280,198.725821
6.442403,0.294710,19.213279,24.317212,24.317212,207.738407
8.406331,0.340077,35.470319,14.011038,14.011038,220.065096
5.750027,0.304749,18.475788,14.518835,14.518835,183.110259
6.454062,0.268435,20.183402,14.618787,14.618787,187.653741
7.361435,0.299618,23.989920,18.545818,18.545818,201.568203
6.814103,0.309507,23.440798,12.560558,12.560558,195.103494
5.883039,0.236879,18.829553,17.280895,17.280895,196.115243
5.844204,0.202492,21.487955,13.529831,13.529831,187.839724
7.709243,0.335772,23.332476,17.373249,17.373249,185.923742
13.283500,0.495091,36.010258,15.119382,15.119382,209.853960
14.043515,0.425642,32.525000,15.496731,15.496731,201.755681
12.701942,0.591178,43.750183,16.869869,16.869869,209.386254
14.693280,0.410517,43.921237,17.986075,17.986075,214.175107
6.994412,0.218105,31.019098,18.535103,18.535103,209.995687
6.290975,0.263305,32.514471,15.021340,15.021340,182.904631
14.114975,0.728791,47.811514,15.970814,15.970814,224.713371
6.874819,0.206361,27.735791,13.478138,13.478138,185.882223
8.092400,0.257395,30.231543,17.097702,17.097702,197.023537
7.666778,0.223189,28.706439,14.930701,14.930701,178.537845
9.981302,0.270071,33.038229,18.181919,18.181919,203.873993
13.467817,0.299712,37.234328,17.576639,17.576639,208.250664
8.107020,0.210285,30.859082,17.551704,17.551704,190.875643
10.980368,0.326713,40.962019,11.080540,11.080540,217.929201
10.770079,0.249152,42.971092,18.468405,18.468405,204.092889
13.062276,0.307960,39.332020,18.472307,18.472307,200.856166
17.262449,0.404242,53.497737,15.268685,15.268685,228.927141
7.676908,0.197625,24.071903,12.177225,12.177225,178.336381
17.440764,0.401603,46.766762,15.291062,15.291062,230.107974
10.871428,0.272390,29.422516,21.010523,21.010523,207.347036
10.900399,0.318832,31.887370,19.158276,19.158276,207.085369
17.726647,0.676982,49.936036,17.419180,17.419180,241.367307
8.501314,0.248771,28.829015,20.387224,20.387224,195.172286
11.303566,0.258249,38.398788,22.628600,22.628600,216.972062
17.769129,0.424682,34.713810,20.065853,20.065853,231.198800
18.651212,0.405038,40.827143,24.163879,24.163879,260.200994
18.319367,0.410845,41.296552,24.511619,24.511619,260.186921
12.025114,0.275516,32.625734,21.872588,21.872588,231.926768
19.538056,0.568879,40.804898,22.451988,22.451988,244.972963
11.129677,0.193374,28.582672,16.623237,16.623237,231.243522
19.321752,0.473857,43.545100,20.941347,20.941347,262.849447
19.948279,0.607887,51.160338,22.104413,22.104413,272.655245
16.117483,0.344500,44.892128,19.636878,19.636878,247.630800
21.442590,0.639840,36.979389,28.889911,28.889911,271.274136
21.065486,0.250657,39.306878,23.524329,23.524329,261.157371
21.643034,0.464141,52.253251,21.180445,21.180445,293.080174
10.100052,0.235227,31.793743,24.268968,24.268968,247.091472
10.083553,0.242040,32.779706,17.944905,17.944905,234.039621
9.976380,0.254186,35.617125,18.820618,18.820618,234.998965
9.547015,0.366488,33.951712,20.966856,20.966856,227.443066
10.551756,0.287001,34.799412,21.183616,21.183616,238.726501
9.475960,0.298353,31.243850,26.406854,26.406854,242.687953
7.401250,0.236924,31.650704,23.355389,23.355389,240.608082
9.776457,0.464806,50.354780,28.326956,28.326956,278.418954
15.728152,0.496957,53.244677,27.104382,27.104382,292.931594
10.904089,0.262277,28.351102,27.612271,27.612271,261.606386
8.520357,0.289055,34.439172,22.037458,22.037458,264.950834
11.892000,0.494913,36.500941,11.962958,11.962958,252.529565
6.883508,0.298739,28.814878,11.108817,11.108817,234.587255
7.335561,0.322710,23.682330,10.252798,10.252798,223.353095
8.646199,0.273070,17.862458,10.154093,10.154093,219.307102
12.242070,0.462371,22.971848,9.564424,9.564424,226.144711
11.647763,0.496267,25.578711,5.079311,5.079311,232.070460
10.768347,0.344817,25.251596,7.874485,7.874485,243.383627
12.956709,0.464781,37.786282,7.039315,7.039315,235.093799
6.890531,0.203561,16.417876,9.978490,9.978490,215.096939
10.640234,0.293103,26.511641,5.959015,5.959015,230.269826
9.826936,0.321012,25.027146,8.705506,8.705506,230.739312
8.534164,0.271871,18.240093,15.678760,15.678760,223.002201
8.049644,0.175900,18.765074,15.424166,15.424166,208.002254
6.941897,0.165714,18.687041,17.008727,17.008727,208.069856
7.002270,0.144597,21.768523,17.997208,17.997208,206.720469
6.946976,0.151168,21.218492,15.509437,15.509437,204.795580
7.496143,0.202614,21.196839,17.291191,17.291191,212.037692
6.671694,0.154622,17.715830,14.987726,14.987726,200.249953
6.680662,0.151595,16.794802,18.118268,18.118268,199.141598
7.055225,0.209025,21.648500,14.063170,14.063170,198.290684
13.999898,0.540943,41.501526,14.404050,14.404050,229.537336
8.358148,0.245328,23.744393,15.103190,15.103190,195.240977
7.224637,0.208661,23.118938,16.107128,16.107128,197.447470
6.248324,0.191885,21.830944,14.519732,14.519732,182.265811
13.751345,0.451518,37.020040,19.123787,19.123787,214.525078
12.828869,0.382637,47.075771,10.423651,10.423651,227.648818
9.510564,0.263224,35.207453,22.181748,22.181748,212.569873
7.003736,0.183755,25.364424,24.616398,24.616398,200.877766
6.868615,0.217192,30.004277,16.901506,16.901506,205.503366
7.368913,0.181276,27.377932,15.859626,15.859626,181.275303
7.216221,0.185945,25.193868,14.303107,14.303107,167.829854
9.882917,0.304388,30.510219,13.966962,13.966962,188.125912
7.929867,0.180270,21.939950,34.033660,34.033660,195.805565
7.587071,0.180353,23.188467,22.232006,22.232006,173.092945
5.933394,0.209915,22.697280,13.768461,13.768461,172.750119
8.726155,0.356280,21.863069,18.133344,18.133344,171.458717
8.130419,0.274234,26.035961,17.585953,17.585953,170.180084
8.611569,0.260396,38.321986,18.383435,18.383435,197.545922
7.116145,0.186389,30.259704,15.936377,15.936377,177.248960
7.513015,0.241121,29.005543,17.653481,17.653481,173.248535
8.402406,0.261518,32.291464,18.891025,18.891025,200.558253
6.332734,0.229001,25.896435,21.205229,21.205229,178.065621
7.125885,0.231454,25.567504,16.891588,16.891588,182.008980
6.337140,0.229816,26.785027,15.364811,15.364811,172.477445
8.279320,0.265943,25.621544,19.067856,19.067856,179.329220
8.567203,0.352579,22.349224,17.116162,17.116162,177.981096
7.946608,0.214352,20.764791,18.561414,18.561414,189.877355
14.662795,0.451769,43.878163,21.337663,21.337663,206.957632
11.101854,0.273014,45.637490,19.306050,19.306050,216.604761
6.887625,0.166699,28.895716,16.894839,16.894839,172.766745
15.228141,0.344461,35.005071,19.144097,19.144097,201.751715
9.865546,0.171092,31.848983,17.196976,17.196976,182.572689
8.919421,0.204647,32.496645,18.145875,18.145875,183.084704
9.065189,0.213096,39.722916,19.848261,19.848261,201.730732
10.436404,0.277863,45.919687,18.474044,18.474044,214.615215
17.759449,0.559022,41.074668,20.479670,20.479670,216.432603
8.364178,0.174817,28.692865,21.960318,21.960318,200.955471
10.097083,0.175855,26.277932,24.970561,24.970561,197.617732
13.515621,0.218954,42.691030,19.228625,19.228625,204.132205
11.163650,0.144350,29.367176,24.230311,24.230311,208.413560
9.916931,0.231346,31.531648,23.300754,23.300754,207.325901
10.054406,0.166677,23.184916,19.422374,19.422374,184.742822
8.827761,0.126854,17.802974,24.979433,24.979433,174.211846
7.325565,0.089393,17.737269,18.499159,18.499159,172.344538
10.331803,0.139044,16.479690,22.672759,22.672759,164.300650
7.805947,0.078348,18.697717,21.330397,21.330397,180.529185
9.093039,0.128001,18.036473,24.607198,24.607198,168.970795
10.703190,0.114689,19.577278,22.878125,22.878125,167.691700
6.891786,0.061528,13.550765,25.488336,25.488336,165.441939
7.065251,0.069627,16.090865,24.378948,24.378948,159.270978
7.600452,0.058906,17.901451,27.849493,27.849493,104.906935
7.919808,0.058537,18.421393,24.638545,24.638545,105.348710
7.104177,0.039302,16.127317,19.060465,19.060465,94.787690
13.197297,0.053380,26.926040,24.739504,24.739504,122.871098
13.458896,0.060067,29.564033,23.212881,23.212881,126.741827
12.565702,0.071458,22.522804,21.436477,21.436477,117.211904
13.534129,0.042206,41.509531,23.192838,23.192838,122.931885
12.125033,0.033381,29.616740,26.092067,26.092067,106.493682
8.742685,0.021096,18.191590,21.855907,21.855907,84.815685
13.403466,0.039459,37.241686,24.971418,24.971418,113.961935
8.797415,0.020681,16.205329,21.207336,21.207336,81.961458
