#LBA time[ms],KF opt[#],KF fixed[#],MP[#],Edges[#]
0.008287,3,1,0,707
0.003103,4,1,0,907
0.308591,5,1,0,1146
0.206726,6,1,0,1357
0.307427,7,1,0,1541
0.379562,8,1,0,1739
1.106250,9,1,0,1949
0.787645,10,1,0,2130
0.892851,0,0,0,0
59.221559,0,0,0,0
1.382846,0,0,0,0
1.570744,3,1,0,1023
1.707629,4,1,0,1328
0.003024,5,1,0,1625
0.002089,6,1,0,1588
0.118846,7,1,0,1662
0.580931,8,1,0,2099
0.440178,9,1,0,2570
0.446882,10,1,0,3052
0.894063,0,0,0,0
0.680013,0,0,0,0
0.827807,0,0,0,0
46.315155,0,0,0,0
1.329467,0,0,0,0
1.534955,0,0,0,0
1.194298,0,0,0,0
1.501549,0,0,0,0
1.727235,0,0,0,0
1.716838,0,0,0,0
1.729633,0,0,0,0
2.092521,0,0,0,0
2.107376,0,0,0,0
2.446461,0,0,0,0
2.482356,0,0,0,0
3.551767,0,0,0,0
2.988788,0,0,0,0
3.195954,0,0,0,0
3.654322,0,0,0,0
4.872969,0,0,0,0
3.391397,0,0,0,0
3.420670,3,1,0,605
4.572209,4,1,0,796
2.813407,5,1,0,1011
3.343296,6,1,0,1254
0.002204,7,1,0,1466
0.001287,8,1,0,1678
0.231633,9,1,0,1887
0.348083,10,1,0,2116
0.327038,0,0,0,0
0.414533,3,1,0,860
1.258957,4,1,0,1074
1.607033,5,1,0,1316
1.672820,6,1,0,1579
50.161392,7,1,0,1860
2.139619,8,1,0,2132
0.001636,9,1,0,2357
0.002827,10,1,0,2587
0.469237,0,0,0,0
0.313789,3,1,0,561
0.380124,4,1,0,863
0.522045,5,1,0,1180
0.618429,6,1,0,1494
1.825205,7,1,0,1905
2.049442,8,1,0,2302
39.776688,9,1,0,2666
1.527021,10,1,0,3008
0.003574,0,0,0,0
0.002483,0,0,0,0
0.165275,0,0,0,0
0.618497,0,0,0,0
0.683181,0,0,0,0
1.048474,0,0,0,0
0.653009,0,0,0,0
1.330604,0,0,0,0
1.039823,0,0,0,0
56.052860,0,0,0,0
1.031266,0,0,0,0
1.229332,0,0,0,0
0.940609,0,0,0,0
1.253684,0,0,0,0
1.382631,0,0,0,0
1.791141,0,0,0,0
1.420637,0,0,0,0
1.715120,0,0,0,0
1.948824,0,0,0,0
1.999125,0,0,0,0
2.391022,0,0,0,0
2.464389,0,0,0,0
2.709797,0,0,0,0
3.381115,0,0,0,0
4.751520,0,0,0,0
2.917842,0,0,0,0
3.871681,0,0,0,0
5.134412,0,0,0,0
3.128148,0,0,0,0
4.871168,0,0,0,0
3.392572,0,0,0,0
4.803943,0,0,0,0
3.307366,0,0,0,0
6.317658,0,0,0,0
3.231813,0,0,0,0
4.994555,0,0,0,0
3.629531,0,0,0,0
6.905654,0,0,0,0
5.064887,0,0,0,0
3.683666,0,0,0,0
3.208650,0,0,0,0
2.981957,0,0,0,0
3.840049,0,0,0,0
5.422436,0,0,0,0
3.099002,0,0,0,0
2.420296,0,0,0,0
3.456178,0,0,0,0
4.415611,0,0,0,0
4.554820,0,0,0,0
2.359486,0,0,0,0
4.371671,0,0,0,0
2.595144,0,0,0,0
3.301021,0,0,0,0
2.480814,0,0,0,0
3.331163,0,0,0,0
2.656260,0,0,0,0
3.780659,0,0,0,0
3.809920,0,0,0,0
3.486139,0,0,0,0
2.330347,0,0,0,0
4.560296,0,0,0,0
3.504361,0,0,0,0
3.397644,0,0,0,0
4.212246,0,0,0,0
3.805078,0,0,0,0
3.375347,0,0,0,0
5.778492,0,0,0,0
4.065110,0,0,0,0
5.554439,0,0,0,0
1.506793,0,0,0,0
2.738443,0,0,0,0
2.430256,0,0,0,0
3.048565,0,0,0,0
5.476918,0,0,0,0
3.708339,0,0,0,0
3.327321,0,0,0,0
3.747255,0,0,0,0
4.923594,0,0,0,0
4.344448,0,0,0,0
5.602898,0,0,0,0
4.488229,0,0,0,0
4.021014,0,0,0,0
6.577808,0,0,0,0
5.561880,0,0,0,0
3.851231,0,0,0,0
5.312688,0,0,0,0
4.237211,0,0,0,0
5.002382,0,0,0,0
6.430864,0,0,0,0
5.601260,0,0,0,0
6.851003,0,0,0,0
5.799116,0,0,0,0
6.605405,0,0,0,0
6.049298,0,0,0,0
5.887507,0,0,0,0
8.579500,0,0,0,0
8.003643,0,0,0,0
8.794790,0,0,0,0
8.690788,0,0,0,0
8.438609,0,0,0,0
6.244654,0,0,0,0
9.016491,0,0,0,0
9.206496,0,0,0,0
8.212663,0,0,0,0
7.766624,0,0,0,0
7.990093,0,0,0,0
3.098392,0,0,0,0
8.793214,0,0,0,0
4.871798,0,0,0,0
7.517431,0,0,0,0
5.242647,0,0,0,0
6.599060,0,0,0,0
7.632151,0,0,0,0
7.886423,0,0,0,0
7.655075,0,0,0,0
8.267007,0,0,0,0
6.653310,0,0,0,0
6.684356,0,0,0,0
9.563262,0,0,0,0
5.979721,0,0,0,0
6.243924,0,0,0,0
10.125021,0,0,0,0
9.290434,0,0,0,0
10.795691,0,0,0,0
8.224637,0,0,0,0
7.923616,0,0,0,0
8.632831,0,0,0,0
13.966035,0,0,0,0
8.708972,0,0,0,0
10.007128,0,0,0,0
8.587819,0,0,0,0
12.361681,0,0,0,0
10.665504,0,0,0,0
7.927226,0,0,0,0
11.122129,0,0,0,0
9.002169,0,0,0,0
10.745843,0,0,0,0
8.583838,0,0,0,0
8.853362,0,0,0,0
9.309174,0,0,0,0
6.643599,0,0,0,0
12.782110,0,0,0,0
8.598832,0,0,0,0
8.296917,0,0,0,0
9.120186,0,0,0,0
11.037634,0,0,0,0
7.768289,0,0,0,0
13.056502,0,0,0,0
12.564052,0,0,0,0
14.566663,0,0,0,0
15.650278,0,0,0,0
13.101747,0,0,0,0
13.478763,0,0,0,0
13.044719,0,0,0,0
15.454332,0,0,0,0
13.743193,0,0,0,0
13.641826,0,0,0,0
19.508904,0,0,0,0
13.696267,0,0,0,0
14.947792,0,0,0,0
16.153141,0,0,0,0
16.814917,0,0,0,0
15.014125,0,0,0,0
11.128324,0,0,0,0
15.076561,0,0,0,0
16.190049,0,0,0,0
17.112231,0,0,0,0
14.035223,0,0,0,0
15.437586,0,0,0,0
16.467467,0,0,0,0
17.107801,0,0,0,0
16.529380,0,0,0,0
14.200163,0,0,0,0
11.180262,0,0,0,0
11.760800,0,0,0,0
9.562791,0,0,0,0
10.813178,0,0,0,0
11.999511,0,0,0,0
11.634608,0,0,0,0
10.046998,0,0,0,0
11.088591,0,0,0,0
12.718224,0,0,0,0
13.759650,0,0,0,0
9.176422,0,0,0,0
11.479340,0,0,0,0
8.439458,0,0,0,0
13.733542,0,0,0,0
9.434845,0,0,0,0
12.250290,0,0,0,0
13.940268,0,0,0,0
13.092683,0,0,0,0
13.174472,0,0,0,0
10.743235,0,0,0,0
11.978531,0,0,0,0
13.080407,0,0,0,0
10.606682,0,0,0,0
10.843904,0,0,0,0
10.488897,0,0,0,0
13.218200,0,0,0,0
10.542840,0,0,0,0
11.302837,0,0,0,0
10.818294,0,0,0,0
14.682447,0,0,0,0
14.192497,0,0,0,0
12.044214,0,0,0,0
14.443861,0,0,0,0
16.625228,0,0,0,0
14.947360,0,0,0,0
17.512673,0,0,0,0
14.092442,0,0,0,0
11.658434,0,0,0,0
12.379487,0,0,0,0
13.090558,0,0,0,0
12.056650,0,0,0,0
11.293892,0,0,0,0
7.128977,0,0,0,0
7.465493,0,0,0,0
6.206474,0,0,0,0
5.857263,0,0,0,0
7.580320,0,0,0,0
5.030037,0,0,0,0
10.021943,0,0,0,0
6.972902,0,0,0,0
7.983461,0,0,0,0
7.944111,0,0,0,0
6.066590,0,0,0,0
13.465502,0,0,0,0
12.409258,0,0,0,0
6.193186,0,0,0,0
10.726260,0,0,0,0
11.750563,0,0,0,0
6.888712,0,0,0,0
7.507531,0,0,0,0
7.378228,0,0,0,0
10.228204,0,0,0,0
7.132184,0,0,0,0
10.022330,0,0,0,0
12.914159,0,0,0,0
10.541087,0,0,0,0
9.288284,0,0,0,0
11.679473,0,0,0,0
12.289777,0,0,0,0
13.354093,0,0,0,0
9.849499,0,0,0,0
12.498387,0,0,0,0
13.974295,0,0,0,0
11.799307,0,0,0,0
12.393757,0,0,0,0
12.043340,0,0,0,0
14.241479,0,0,0,0
11.926294,0,0,0,0
10.545379,0,0,0,0
10.361041,0,0,0,0
13.868146,0,0,0,0
13.329564,0,0,0,0
11.873697,0,0,0,0
11.187435,0,0,0,0
7.585301,0,0,0,0
11.241146,0,0,0,0
10.074771,0,0,0,0
10.326276,0,0,0,0
10.909948,0,0,0,0
7.547102,0,0,0,0
8.374092,0,0,0,0
6.729761,0,0,0,0
9.873850,0,0,0,0
10.235376,0,0,0,0
7.581464,0,0,0,0
6.058240,0,0,0,0
5.797950,0,0,0,0
10.336867,0,0,0,0
10.288987,0,0,0,0
7.640364,0,0,0,0
11.153596,0,0,0,0
11.008329,0,0,0,0
9.888334,0,0,0,0
12.484564,0,0,0,0
7.712619,0,0,0,0
8.631907,0,0,0,0
10.917585,0,0,0,0
8.960726,0,0,0,0
9.431332,0,0,0,0
14.057018,0,0,0,0
11.602547,0,0,0,0
12.375732,0,0,0,0
11.102560,0,0,0,0
10.296392,0,0,0,0
12.094746,0,0,0,0
14.401568,0,0,0,0
18.264163,0,0,0,0
15.045431,0,0,0,0
12.820838,0,0,0,0
10.450129,0,0,0,0
8.052000,0,0,0,0
14.961584,0,0,0,0
10.302826,0,0,0,0
12.228821,0,0,0,0
14.246887,0,0,0,0
12.139959,0,0,0,0
8.983550,0,0,0,0
11.975488,0,0,0,0
12.550452,0,0,0,0
15.117787,0,0,0,0
15.065427,0,0,0,0
13.313123,0,0,0,0
12.735026,0,0,0,0
13.904016,0,0,0,0
14.689116,0,0,0,0
13.869573,0,0,0,0
16.358259,0,0,0,0
17.626000,0,0,0,0
18.611057,0,0,0,0
20.222356,0,0,0,0
20.165506,0,0,0,0
21.527304,0,0,0,0
22.993951,0,0,0,0
16.444605,0,0,0,0
19.209969,0,0,0,0
22.008860,0,0,0,0
11.399136,0,0,0,0
12.528486,0,0,0,0
11.683745,0,0,0,0
11.772921,0,0,0,0
7.976968,0,0,0,0
8.825645,0,0,0,0
14.367912,0,0,0,0
16.702772,0,0,0,0
20.067007,0,0,0,0
15.365286,0,0,0,0
19.251411,0,0,0,0
17.793648,0,0,0,0
10.954588,0,0,0,0
18.111880,0,0,0,0
13.246901,0,0,0,0
17.852208,0,0,0,0
14.762462,0,0,0,0
32.441937,0,0,0,0
16.949488,0,0,0,0
14.025853,0,0,0,0
15.073530,0,0,0,0
25.439442,0,0,0,0
18.962197,0,0,0,0
19.108441,0,0,0,0
18.173716,0,0,0,0
15.310808,0,0,0,0
20.814313,0,0,0,0
15.632972,0,0,0,0
20.696305,0,0,0,0
10.922109,0,0,0,0
15.801725,0,0,0,0
12.779205,0,0,0,0
16.479540,0,0,0,0
20.427267,0,0,0,0
11.325899,0,0,0,0
15.004835,0,0,0,0
8.778118,0,0,0,0
11.855368,0,0,0,0
14.680613,0,0,0,0
15.444406,0,0,0,0
15.928051,0,0,0,0
18.985614,0,0,0,0
22.341047,0,0,0,0
22.042481,0,0,0,0
19.924597,0,0,0,0
14.411205,0,0,0,0
17.434935,0,0,0,0
17.410315,0,0,0,0
10.626249,0,0,0,0
16.575103,0,0,0,0
16.881150,0,0,0,0
14.018076,0,0,0,0
20.071110,0,0,0,0
14.900624,0,0,0,0
17.425674,0,0,0,0
10.649806,0,0,0,0
11.707661,0,0,0,0
16.345606,0,0,0,0
16.211901,0,0,0,0
18.496057,0,0,0,0
14.665751,0,0,0,0
17.665533,0,0,0,0
18.289450,0,0,0,0
18.704984,0,0,0,0
12.396676,0,0,0,0
19.183763,0,0,0,0
21.580501,0,0,0,0
16.453936,0,0,0,0
18.743100,0,0,0,0
14.080517,0,0,0,0
18.649029,0,0,0,0
17.141747,0,0,0,0
15.943086,0,0,0,0
16.144570,0,0,0,0
13.828286,0,0,0,0
16.356983,0,0,0,0
17.904544,0,0,0,0
14.679889,0,0,0,0
14.604094,0,0,0,0
18.377023,0,0,0,0
18.816225,0,0,0,0
14.137575,0,0,0,0
16.886572,0,0,0,0
14.866450,0,0,0,0
22.565003,0,0,0,0
15.411655,0,0,0,0
13.095392,0,0,0,0
16.052130,0,0,0,0
15.915175,0,0,0,0
12.007335,0,0,0,0
17.516127,0,0,0,0
11.729290,0,0,0,0
15.713594,1071910756,1066244464,0,1080182632
9.507896,1610612736,-1610612736,68,-1947235093
10.547599,-1075371028,1072768966,0,1080210635
13.113949,-2147483648,0,1551154052,-1462350465
16.210748,-1076719793,1067330616,31546,1080226311
13.426056,0,536870912,-274054864,-212480622
15.011875,1072693248,-1074702038,31549,1080252316
12.036393,0,1610612736,0,1710840093
15.471814,0,1064460030,0,1080239408
12.016151,0,1073741824,0,394449796
