1403638147795097088.000000 -1.661629319 -0.590871215 -1.859619737 -0.571181118 -0.613951683 -0.367248118 0.402423143
1403638148095097088.000000 -1.663432717 -0.560198903 -1.825150132 -0.563037992 -0.596478641 -0.387373209 0.420884311
1403638149845096960.000000 -1.797313929 -0.250959992 -1.424374104 -0.535857797 -0.619838953 -0.374282777 0.434244871
1403638152595097088.000000 -3.265707731 0.407665670 -1.318770289 -0.380432725 -0.733736277 -0.278599471 0.489167094
1403638152995097088.000000 -3.641216516 0.481105894 -1.295089483 -0.361803949 -0.738776147 -0.252060443 0.509679556
1403638153395097088.000000 -4.033136845 0.562606335 -1.218036652 -0.329716653 -0.762436390 -0.223889515 0.509756088
1403638153595097088.000000 -4.238859177 0.608589172 -1.187692881 -0.297606140 -0.778094709 -0.217030078 0.508819461
1403638155145096960.000000 -5.987079144 0.660337567 -1.091322064 -0.194536716 -0.792344689 -0.163600892 0.554598987
1403638155795097088.000000 -6.624001503 0.361234248 -1.058944464 -0.126407519 -0.790839732 -0.103796199 0.589762747
1403638155945096960.000000 -6.744904518 0.262503833 -1.078618646 -0.100851119 -0.800723672 -0.076556355 0.585499704
1403638156245096960.000000 -6.957575798 0.056173772 -1.076551914 -0.044234667 -0.821903110 -0.023402123 0.567424953
1403638156695097088.000000 -7.284542561 -0.216204733 -1.063936591 -0.009763714 -0.831952095 0.009025768 0.554688215
1403638156995097088.000000 -7.535172939 -0.366422892 -1.103616953 -0.011616400 -0.832831323 0.005665942 0.553376019
1403638157395097088.000000 -7.929068565 -0.532387376 -1.088059545 -0.012663350 -0.835563123 0.000164331 0.549248576
1403638158095097088.000000 -8.718113899 -0.835023761 -1.025411487 0.079317160 -0.818377256 0.056604754 0.566359758
1403638158245096960.000000 -8.883720398 -0.904787242 -1.010234833 0.087212704 -0.817811012 0.072542191 0.564195693
1403638158695097088.000000 -9.365310669 -1.093565226 -1.024960160 0.101816840 -0.813268244 0.065095015 0.569201946
1403638159245096960.000000 -9.932996750 -1.327347875 -0.996310890 0.087386899 -0.840164304 0.070480213 0.530584693
1403638159545096960.000000 -10.288885117 -1.439343810 -0.970046282 0.072776712 -0.804848790 0.087008186 0.582538903
1403638160345096960.000000 -11.011796951 -1.436851978 -0.608678043 0.090706579 -0.817781210 0.071315631 0.563844264
1403638160545096960.000000 -11.149533272 -1.404294372 -0.463308752 0.091961190 -0.824210465 0.069949791 0.554371178
1403638160695097088.000000 -11.259963989 -1.382866979 -0.366059512 0.091418602 -0.824560344 0.070029512 0.553930283
1403638160995097088.000000 -11.489448547 -1.331495404 -0.195120528 0.059880808 -0.806284845 0.074386574 0.583768666
1403638161945096960.000000 -12.057969093 -0.962838352 0.138619453 -0.066344932 -0.818419874 -0.018714221 0.570470989
1403638162195097088.000000 -12.202962875 -0.832444370 0.192705482 -0.082890198 -0.818783343 -0.024968343 0.567538202
1403638162495097088.000000 -12.375985146 -0.646430612 0.268496335 -0.092397094 -0.817832828 -0.022254497 0.567553461
1403638165395097088.000000 -12.964811325 2.266490221 0.953267395 -0.208648756 -0.790358543 -0.104460970 0.566468775
1403638166695097088.000000 -12.237295151 3.609552622 1.028042555 -0.187329561 -0.799005389 -0.130802184 0.556227267
1403638167095097088.000000 -12.032032967 3.958594799 1.100650549 -0.205919325 -0.817751288 -0.099048130 0.528270364
1403638167245096960.000000 -11.976326942 4.111539841 1.135342479 -0.198637560 -0.819461823 -0.108838074 0.526478767
1403638167595097088.000000 -11.917795181 4.500489712 1.246432066 -0.199217886 -0.808609843 -0.112331882 0.542073786
1403638168695097088.000000 -11.767495155 6.033385754 1.450767875 -0.300678462 -0.778889954 -0.202990100 0.511583686
1403638168995097088.000000 -11.752880096 6.486356735 1.467112780 -0.300764203 -0.782723010 -0.209523588 0.502976537
1403638169645096960.000000 -11.828288078 7.460765839 1.367882133 -0.351311326 -0.725926340 -0.205836058 0.554295003
1403638169795097088.000000 -11.804952621 7.687996387 1.359497070 -0.367521942 -0.720755041 -0.237386093 0.537668765
1403638169945096960.000000 -11.767601967 7.907305717 1.371254921 -0.381176293 -0.711979628 -0.277898520 0.520155847
1403638170595097088.000000 -11.555980682 8.657345772 1.389996886 -0.508028924 -0.621479332 -0.337790579 0.491495430
1403638170995097088.000000 -11.309966087 8.992121696 1.428434253 -0.561492324 -0.569728196 -0.380678415 0.463918149
1403638171245096960.000000 -11.103584290 9.146547318 1.429731846 -0.583641589 -0.543189645 -0.398784935 0.453076392
1403638171995097088.000000 -10.238219261 9.285372734 1.387691855 -0.613760591 -0.488717347 -0.427676797 0.448938578
1403638172395097088.000000 -9.605954170 9.096885681 1.385486722 -0.615765572 -0.487751275 -0.438458443 0.436675638
1403638172595097088.000000 -9.264504433 8.944967270 1.327643514 -0.612570941 -0.485000402 -0.439256936 0.443378985
1403638174345096960.000000 -5.593378067 6.360302448 -0.018826250 -0.613650680 -0.535372198 -0.422601432 0.397765636
1403638174645096960.000000 -4.982357502 5.857105255 -0.284369081 -0.619086266 -0.545332968 -0.412466705 0.386284173
1403638174795097088.000000 -4.684154987 5.621258736 -0.396468759 -0.621453822 -0.551421881 -0.408343822 0.378132701
1403638174995097088.000000 -4.301031113 5.331682682 -0.521243691 -0.622818112 -0.554606915 -0.407026500 0.372610152
1403638176145096960.000000 -2.447492123 4.506745815 -0.842563689 -0.617062628 -0.579942524 -0.413652003 0.334353715
1403638176395097088.000000 -2.153349161 4.550053120 -0.887484074 -0.601842225 -0.558268428 -0.437229604 0.367358804
1403638177045096960.000000 -1.631596327 4.707528114 -0.857159078 -0.606755197 -0.558767736 -0.432932913 0.363587648
1403638177445096960.000000 -1.455172658 4.837170124 -0.882003784 -0.605489671 -0.561450601 -0.436284810 0.357506901
1403638180045096960.000000 -0.137409464 5.102764130 -1.308670998 -0.786636472 -0.259575039 -0.524821937 0.195922956
1403638180295097088.000000 0.065106302 5.093522549 -1.325811863 -0.795061827 -0.242959827 -0.524503231 0.183694616
1403638180595097088.000000 0.334157050 5.087256908 -1.377210617 -0.795003414 -0.246670678 -0.525934994 0.174687102
1403638181245096960.000000 1.019370914 5.153258801 -1.438135028 -0.792382479 -0.253382862 -0.520566702 0.192190841
1403638182045096960.000000 1.974827528 5.096593857 -1.553439975 -0.812448502 -0.131149814 -0.556913137 0.112138152
1403638182295097088.000000 2.258074284 5.024003506 -1.524551392 -0.825677514 -0.110060610 -0.543788314 0.102164343
1403638182745096960.000000 2.824640274 4.880710602 -1.443034649 -0.830959201 -0.124180488 -0.535511076 0.085522354
1403638183145096960.000000 3.392523289 4.781161785 -1.362157702 -0.815008998 -0.130572259 -0.556906998 0.092552580
1403638183345096960.000000 3.680964947 4.741450787 -1.353738189 -0.819072485 -0.136808261 -0.550216615 0.087552674
1403638183645096960.000000 4.118892670 4.706217289 -1.367972255 -0.827035725 -0.140801579 -0.537942410 0.082491845
1403638184495097088.000000 5.343161106 4.805209160 -1.262645602 -0.816373706 -0.138016358 -0.554985881 0.080475181
1403638184695097088.000000 5.619473457 4.865316868 -1.249388576 -0.813957691 -0.136513785 -0.558794498 0.081152268
1403638184895097088.000000 5.888728619 4.936953545 -1.234624028 -0.813805223 -0.135602608 -0.559275568 0.080894530
1403638185095097088.000000 6.150608063 5.018004894 -1.213067651 -0.813075185 -0.135286346 -0.560416162 0.080871470
1403638185895097088.000000 7.086007118 5.494966507 -1.104802251 -0.801135302 -0.170429125 -0.559486926 0.126927227
1403638186095097088.000000 7.285235405 5.636394978 -1.090756297 -0.806545138 -0.172455862 -0.548504412 0.137429968
1403638186295097088.000000 7.485809326 5.767014027 -1.083252430 -0.805453479 -0.181780204 -0.549605250 0.127022505
1403638186495097088.000000 7.683886528 5.895840168 -1.053481460 -0.804434121 -0.183536261 -0.551411748 0.123066425
1403638189395097088.000000 8.520323753 7.702568054 -0.614669144 -0.714661896 -0.373727322 -0.523023248 0.275740981
1403638190395097088.000000 7.910777569 7.753130913 -0.486146897 -0.691109240 -0.419086009 -0.518719375 0.278684586
1403638190795097088.000000 7.639988899 7.824728012 -0.534070611 -0.681459546 -0.436089844 -0.509171188 0.293570012
1403638190945096960.000000 7.512631893 7.846695900 -0.537922561 -0.685600340 -0.434026718 -0.499513686 0.303412288
1403638192945096960.000000 5.673885822 8.174047470 -0.164913684 -0.668855846 -0.407409191 -0.520911813 0.339559317
1403638193095097088.000000 5.514201641 8.173632622 -0.128102228 -0.664533257 -0.400651425 -0.519475102 0.357798189
1403638194295097088.000000 4.239860058 7.466841221 0.240977183 -0.666800201 -0.449701011 -0.490483344 0.335518509
1403638197145096960.000000 2.372272968 6.715076447 0.225133166 -0.688560843 -0.456310749 -0.465221196 0.318172485
1403638198045096960.000000 2.092534542 7.043944836 0.428583682 -0.662928939 -0.445887268 -0.499126077 0.335533977
1403638198345096960.000000 1.956923842 7.119275093 0.361163944 -0.669884801 -0.450174004 -0.489510387 0.330117285
1403638198695097088.000000 1.775773644 7.170366764 0.216737852 -0.654350996 -0.473558068 -0.509362757 0.296845436
1403638199045096960.000000 1.479939342 7.209420681 0.123449497 -0.646465719 -0.479059458 -0.518311143 0.289719969
1403638199495097088.000000 0.872822046 7.253184795 0.176934242 -0.646117091 -0.475240618 -0.520942509 0.292058349
1403638199895097088.000000 0.143183202 7.279391289 0.323504001 -0.651785076 -0.485749424 -0.487050056 0.319383830
1403638200095097088.000000 -0.253121644 7.289144516 0.378023833 -0.646770597 -0.494902700 -0.477224678 0.330175281
1403638200295097088.000000 -0.658688664 7.296689987 0.431005776 -0.619372249 -0.514573812 -0.481293410 0.346335918
1403638200445096960.000000 -0.975376964 7.296743870 0.484844327 -0.599989057 -0.531165719 -0.479184449 0.358131766
1403638200845096960.000000 -1.888711452 7.266032696 0.688506007 -0.565065026 -0.578199029 -0.465701282 0.359874576
1403638200995097088.000000 -2.263202667 7.244067669 0.753644228 -0.569868267 -0.577251136 -0.449998528 0.373540848
1403638201195097088.000000 -2.776794910 7.209850788 0.814352691 -0.576361537 -0.570566416 -0.438563615 0.387199223
1403638201595097088.000000 -3.809155226 7.123100281 0.850447416 -0.578667283 -0.564929426 -0.443863869 0.385984182
1403638201795097088.000000 -4.325259209 7.072914124 0.822087109 -0.579665542 -0.561919034 -0.446208775 0.386176884
1403638201995097088.000000 -4.843755722 7.010758877 0.772318065 -0.578151047 -0.564422548 -0.441913396 0.389719456
1403638202395097088.000000 -5.871002674 6.834773540 0.722927511 -0.581999481 -0.576737821 -0.408368945 0.402349204
1403638202595097088.000000 -6.360862255 6.754829407 0.697861731 -0.583372355 -0.577350676 -0.402342290 0.405541271
1403638202745096960.000000 -6.714099407 6.701507092 0.661896706 -0.584433854 -0.577935636 -0.400878429 0.404628396
1403638202945096960.000000 -7.165436745 6.637009144 0.602389991 -0.583226442 -0.576494634 -0.404205620 0.405115724
1403638203145096960.000000 -7.596918583 6.574636459 0.556327164 -0.581958115 -0.574401975 -0.406944394 0.407165170
1403638203895097088.000000 -9.042496681 6.299953461 0.488672316 -0.578195691 -0.570333838 -0.410695434 0.414413124
1403638204095097088.000000 -9.379114151 6.211114407 0.508359730 -0.579651594 -0.572724283 -0.405731022 0.413972735
1403638204295097088.000000 -9.696327209 6.119949818 0.555026233 -0.590341747 -0.571562946 -0.388744175 0.416761845
1403638204495097088.000000 -9.982554436 6.038177490 0.610532284 -0.603846073 -0.567423582 -0.370984226 0.419250578
1403638204795097088.000000 -10.341918945 5.944194317 0.657343566 -0.585077405 -0.582666993 -0.374245048 0.422047853
1403638204995097088.000000 -10.550744057 5.893148899 0.655774117 -0.541138828 -0.618412077 -0.375569761 0.428582221
1403638205195097088.000000 -10.761168480 5.845788479 0.639348507 -0.484325230 -0.661930561 -0.346747190 0.455020338
1403638205395097088.000000 -10.977461815 5.796953201 0.647367835 -0.413394719 -0.703588426 -0.304834455 0.491064429
1403638205595097088.000000 -11.190176010 5.740657806 0.686851740 -0.345856100 -0.732318997 -0.288147807 0.510943532
1403638205795097088.000000 -11.404514313 5.656958103 0.751457751 -0.302980304 -0.742995799 -0.286967754 0.523268342
1403638206195097088.000000 -11.873034477 5.358113289 0.933924854 -0.238860533 -0.769537926 -0.225665405 0.547569454
1403638206995097088.000000 -12.701807976 4.456765652 1.136730313 -0.188113481 -0.773322940 -0.149307862 0.586764216
1403638207195097088.000000 -12.846715927 4.207301140 1.120306730 -0.183717594 -0.770762205 -0.144976199 0.592583776
1403638207395097088.000000 -12.960712433 3.946127176 1.074651599 -0.166141346 -0.770760596 -0.133632451 0.600389540
1403638207595097088.000000 -13.036720276 3.671620369 1.033330441 -0.134609401 -0.779087484 -0.110131875 0.602307141
1403638207795097088.000000 -13.071003914 3.392705441 1.016771436 -0.120919175 -0.794451356 -0.082809202 0.589379728
1403638208195097088.000000 -13.080186844 2.878191471 1.048821330 -0.117033064 -0.799607933 -0.070455797 0.584778965
1403638208495097088.000000 -13.050930977 2.527501345 1.023597479 -0.117259637 -0.803744853 -0.072678402 0.578759313
1403638208745096960.000000 -13.008314133 2.250384569 1.016647935 -0.096686795 -0.808110893 -0.054667458 0.578463554
1403638209145096960.000000 -12.909499168 1.855105281 1.020245433 -0.074783221 -0.808136821 -0.041795108 0.582731187
1403638209345096960.000000 -12.844354630 1.674585342 0.983723640 -0.074317634 -0.809031546 -0.037891682 0.581815481
1403638209645096960.000000 -12.736047745 1.428964853 0.870028079 -0.076575935 -0.805408597 -0.035426274 0.586684048
1403638209895097088.000000 -12.633895874 1.246359825 0.664340794 -0.073779553 -0.805053473 -0.042886265 0.587031722
1403638210345096960.000000 -12.385376930 0.943746865 0.243137613 -0.071697868 -0.791602075 -0.046989013 0.604993820
1403638210595097088.000000 -12.184641838 0.784458220 0.022095155 -0.073676482 -0.791102052 -0.045883030 0.605494976
1403638210995097088.000000 -11.772580147 0.544275403 -0.333837301 -0.078391410 -0.796225488 -0.040331766 0.598542511
1403638211245096960.000000 -11.469799995 0.411810786 -0.496596456 -0.080347046 -0.802817941 -0.036234640 0.589673519
1403638211445096960.000000 -11.222782135 0.323285401 -0.602643847 -0.090998329 -0.803271413 -0.043053631 0.587044060
1403638211645096960.000000 -10.964131355 0.248595342 -0.725735068 -0.121804975 -0.798794270 -0.058584653 0.586224556
1403638211845096960.000000 -10.694411278 0.190047413 -0.866954029 -0.171414003 -0.791068733 -0.079836614 0.581767797
1403638212045096960.000000 -10.415371895 0.153733760 -0.990072489 -0.219838977 -0.780398846 -0.108297691 0.575256646
1403638212245096960.000000 -10.126173973 0.140653491 -1.080623507 -0.258859903 -0.768725991 -0.145165071 0.566550195
1403638212645096960.000000 -9.508804321 0.146497965 -1.161862254 -0.338983208 -0.738048017 -0.205614045 0.545983851
1403638212845096960.000000 -9.182103157 0.157745719 -1.158143878 -0.379360914 -0.719830692 -0.236584231 0.530996203
1403638213045096960.000000 -8.844926834 0.173629120 -1.133854508 -0.424840450 -0.696217597 -0.266102850 0.513790667
1403638213245096960.000000 -8.499919891 0.195808455 -1.104030609 -0.477601856 -0.670339704 -0.284731358 0.491395116
1403638213445096960.000000 -8.145771980 0.232133776 -1.098930478 -0.535875022 -0.640694082 -0.289846003 0.467266887
1403638213645096960.000000 -7.770996571 0.297611356 -1.109469891 -0.562746644 -0.610572219 -0.323820710 0.453495204
1403638213845096960.000000 -7.381508350 0.381816059 -1.106652975 -0.556484520 -0.598451257 -0.366319716 0.444961816
1403638214045096960.000000 -6.992967129 0.467200249 -1.082784057 -0.557323933 -0.600298584 -0.372083604 0.436560869
1403638214245096960.000000 -6.612223148 0.551041424 -1.041841507 -0.561943591 -0.613758385 -0.359317631 0.422387093
1403638214495097088.000000 -6.152855873 0.676741958 -1.007943153 -0.557519674 -0.623048842 -0.352454454 0.420425713
1403638217445096960.000000 -2.254002094 1.535483003 -1.495322585 -0.584584773 -0.570060074 -0.412280381 0.404125094
1403638220195097088.000000 -1.848486304 0.780135691 -1.452026963 -0.612363636 -0.540886879 -0.408696294 0.406717956
1403638220995097088.000000 -1.772395730 0.343765885 -1.425422668 -0.605592787 -0.551069856 -0.426383734 0.384416908
1403638221495097088.000000 -1.779297829 0.092566267 -1.457399487 -0.614360869 -0.549437821 -0.417606890 0.382469922
1403638221995097088.000000 -1.781029463 -0.120071165 -1.480258465 -0.609088063 -0.545524180 -0.424848229 0.388483256
1403638222395097088.000000 -1.779493451 -0.273952574 -1.460378408 -0.616539896 -0.554848552 -0.414992779 0.373902082
1403638222845096960.000000 -1.784844637 -0.385073692 -1.509527206 -0.609042346 -0.547251165 -0.425442636 0.385463566
1403638223145096960.000000 -1.795404792 -0.453288138 -1.548800707 -0.607126534 -0.546166182 -0.427530527 0.387708187
1403638223395097088.000000 -1.806811690 -0.518937588 -1.560546875 -0.620952427 -0.548804760 -0.408450693 0.382621855
1403638223645096960.000000 -1.802836299 -0.569405735 -1.580704927 -0.619149327 -0.539919913 -0.411329210 0.394903630
1403638223895097088.000000 -1.780785322 -0.614357650 -1.610453129 -0.609207988 -0.550982535 -0.425995380 0.379225433
1403638224145096960.000000 -1.768620491 -0.654302239 -1.650073886 -0.612915039 -0.557957470 -0.420011908 0.369606167
1403638224395097088.000000 -1.771257877 -0.674434423 -1.685634136 -0.613178134 -0.552728534 -0.420338660 0.376588821
1403638224645096960.000000 -1.781686664 -0.680973887 -1.717169881 -0.608696222 -0.545772254 -0.426452994 0.386987746
1403638224895097088.000000 -1.795762658 -0.687723577 -1.740117550 -0.617634892 -0.550936460 -0.413477689 0.379515827
1403638225145096960.000000 -1.806961179 -0.678883493 -1.736015439 -0.611700356 -0.541392028 -0.419813305 0.395568252
1403638225395097088.000000 -1.807031274 -0.672302544 -1.725402117 -0.612068892 -0.553380251 -0.417642385 0.380416572
1403638225645096960.000000 -1.810008645 -0.658999205 -1.739205837 -0.593590558 -0.538041770 -0.443547457 0.401779771
1403638225895097088.000000 -1.821311235 -0.670309424 -1.811293483 -0.606946230 -0.552477539 -0.425026745 0.381755263
1403638226345096960.000000 -1.860840559 -0.661629498 -1.853680372 -0.615732431 -0.562994421 -0.408609062 0.370067030
1403638226845096960.000000 -1.859063864 -0.656941295 -1.829093695 -0.615762889 -0.562440217 -0.408439904 0.371044457
1403638227345096960.000000 -1.859143019 -0.657132268 -1.813514471 -0.616236091 -0.562713683 -0.407853544 0.370488793
1403638227845096960.000000 -1.860547543 -0.657583416 -1.806372046 -0.616424561 -0.562929988 -0.407546163 0.370184779
1403638228345096960.000000 -1.860783100 -0.655341148 -1.807109118 -0.616759181 -0.562841892 -0.407175303 0.370169520
1403638228845096960.000000 -1.860966206 -0.654375613 -1.807387590 0.616922438 0.562851965 0.406967789 -0.370110184
