1403638142445096960.000000 -3.272147894 0.230161890 1.190553188 -0.618788779 -0.569922686 -0.395491272 0.368612707
1403638142945096960.000000 -3.271703959 0.230560809 1.190708399 -0.618575394 -0.570203841 -0.395200312 0.368847877
1403638144695097088.000000 -3.271619558 0.228415608 1.191094398 -0.618818283 -0.569972873 -0.394999713 0.369012296
1403638147195097088.000000 -3.274465084 0.235503197 1.189210534 -0.619256854 -0.570091307 -0.394377172 0.368759573
1403638147595097088.000000 -3.272094727 0.231725976 1.190850019 -0.618482113 -0.569417655 -0.394989610 0.370441288
1403638150545096960.000000 -3.499657393 0.738659382 1.561650276 -0.574179828 -0.603128970 -0.388967127 0.394027531
1403638151645096960.000000 -4.048063755 1.142471910 1.590118885 -0.456013352 -0.685863733 -0.319367766 0.468665063
1403638151845096960.000000 -4.172018528 1.212177396 1.625568271 -0.441610307 -0.696093261 -0.309090853 0.474233598
1403638152195097088.000000 -4.403701782 1.333740592 1.715758801 -0.436468095 -0.701151848 -0.306945652 0.472933471
1403638152545096960.000000 -4.664429188 1.451378942 1.734245181 -0.434489429 -0.702833354 -0.315612942 0.466511160
1403638153595097088.000000 -5.640549660 1.819035292 1.860002756 -0.355965257 -0.753191829 -0.255423129 0.490662724
1403638153745096960.000000 -5.800861835 1.877323389 1.894107461 -0.332917035 -0.762218356 -0.241607293 0.499815375
1403638154095097088.000000 -6.200580120 2.008332729 1.928405643 -0.304273874 -0.764550984 -0.221386701 0.523323119
1403638154845096960.000000 -7.041479111 2.156689644 1.891026735 -0.283236742 -0.765731692 -0.216842070 0.535174310
1403638155595097088.000000 -7.839757442 2.029412746 1.998188615 -0.212453261 -0.776823580 -0.179888144 0.564844131
1403638155745096960.000000 -7.989786148 1.964636564 1.988713264 -0.193967268 -0.776996195 -0.156126708 0.578167915
1403638155995097088.000000 -8.213722229 1.832926393 1.957746029 -0.151667938 -0.796781063 -0.111224838 0.574252546
1403638156295097088.000000 -8.452581406 1.662123799 1.970201850 -0.098467901 -0.819608390 -0.059395555 0.561264873
1403638156445096960.000000 -8.570702553 1.583354831 1.983668804 -0.082609929 -0.826039016 -0.043050803 0.555861413
1403638156595097088.000000 -8.692054749 1.512231827 1.983428955 -0.074865736 -0.828033388 -0.035117451 0.554547131
1403638157745096960.000000 -9.876602173 1.175833106 1.961694002 -0.035502717 -0.821981609 -0.035065264 0.567323864
1403638158045096960.000000 -10.234466553 1.089864135 2.005211830 0.012919169 -0.821644247 0.005479909 0.569827914
1403638158495097088.000000 -10.749378204 0.969420791 2.026607752 0.038696945 -0.820600510 0.025235839 0.569631994
1403638158695097088.000000 -10.969988823 0.919727862 2.012435913 0.039883047 -0.818591297 0.021590838 0.572583199
1403638159795097088.000000 -12.219964027 0.710199058 2.134423494 -0.001168887 -0.793759048 0.062389567 0.605023086
1403638160245096960.000000 -12.581049919 0.804046988 2.360261679 0.026618646 -0.812991917 0.029381949 0.580923617
1403638160545096960.000000 -12.775975227 0.883957207 2.577799559 0.029320851 -0.828861237 0.027745683 0.557996094
1403638160695097088.000000 -12.881546974 0.921949148 2.675472498 0.028666236 -0.829134285 0.027878184 0.557617605
1403638160995097088.000000 -13.100412369 1.007859945 2.846656322 -0.001425638 -0.808539033 0.029998962 0.587675750
1403638161145096960.000000 -13.197402954 1.064543605 2.920686483 -0.024694121 -0.805785060 0.012124694 0.591568828
1403638161295097088.000000 -13.282536507 1.129665017 2.985933542 -0.054426558 -0.808515966 -0.013475502 0.585796952
1403638161595097088.000000 -13.432970047 1.270249248 3.101313353 -0.100098081 -0.819823205 -0.049366534 0.561634541
1403638161895097088.000000 -13.585757256 1.425739288 3.172931671 -0.124454618 -0.812609851 -0.058178917 0.566384614
1403638162195097088.000000 -13.734701157 1.606610060 3.234259367 -0.144855142 -0.809987843 -0.068023950 0.564189196
1403638162395097088.000000 -13.830555916 1.742691398 3.288272142 -0.153934866 -0.810202658 -0.064103305 0.561931014
1403638163945096960.000000 -14.311629295 3.218253136 3.663490534 -0.225415409 -0.783340335 -0.138015032 0.562599063
1403638166195097088.000000 -13.467248917 5.605389595 3.869136572 -0.257069141 -0.777405024 -0.176374927 0.546304762
1403638166345096960.000000 -13.352495193 5.734995365 3.911790609 -0.251999885 -0.780463874 -0.177645281 0.543888092
1403638167095097088.000000 -12.843263626 6.322521210 4.137261391 -0.268799692 -0.799047112 -0.139255434 0.519498289
1403638167245096960.000000 -12.764989853 6.464675903 4.171370983 -0.261814833 -0.801282048 -0.148988321 0.516916513
1403638167395097088.000000 -12.705287933 6.619929314 4.220853329 -0.258943051 -0.799710393 -0.154098392 0.519293368
1403638167545096960.000000 -12.660073280 6.782902241 4.267161846 -0.259699911 -0.793613136 -0.154988915 0.527932405
1403638168895097088.000000 -12.198343277 8.630943298 4.495661736 -0.360838652 -0.756435752 -0.247566417 0.486118585
1403638169045096960.000000 -12.170284271 8.855963707 4.493711472 -0.357867271 -0.755527496 -0.248523489 0.489229411
1403638169495097088.000000 -12.135406494 9.528429985 4.419136047 -0.388814390 -0.709808767 -0.229563102 0.540643811
1403638169645096960.000000 -12.099157333 9.754745483 4.397156715 -0.405900002 -0.696560144 -0.247356296 0.537460804
1403638169795097088.000000 -12.040341377 9.975339890 4.389288902 -0.421528786 -0.690310419 -0.277583122 0.518394232
1403638169945096960.000000 -11.968716621 10.186115265 4.401533127 -0.434352666 -0.680609822 -0.316677958 0.497818381
1403638170095097088.000000 -11.897500038 10.381284714 4.426151752 -0.452465117 -0.657370329 -0.346222937 0.493223369
1403638170395097088.000000 -11.751595497 10.710918427 4.433960915 -0.515576065 -0.612903535 -0.364961624 0.474693239
1403638170695097088.000000 -11.576213837 10.982656479 4.427202702 -0.566914380 -0.563309610 -0.384584635 0.461936265
1403638171145096960.000000 -11.208410263 11.267969131 4.464888096 -0.616058230 -0.507442772 -0.427637249 0.424382597
1403638171445096960.000000 -10.911137581 11.369815826 4.456013203 -0.629489720 -0.485686153 -0.439058453 0.418424875
1403638171895097088.000000 -10.373251915 11.355609894 4.423006535 -0.648486614 -0.446434617 -0.452167451 0.419173002
1403638172195097088.000000 -9.941059113 11.202253342 4.438529968 -0.650376320 -0.439192802 -0.467745960 0.406612813
1403638172795097088.000000 -8.994404793 10.595244408 4.276663303 -0.646073043 -0.438985080 -0.467066020 0.414404601
1403638172945096960.000000 -8.739062309 10.379131317 4.200003624 -0.646967888 -0.440299511 -0.460372210 0.419078112
1403638173095097088.000000 -8.473521233 10.137004852 4.112219334 -0.651979387 -0.444223702 -0.447442204 0.421169341
1403638174345096960.000000 -6.085229874 7.725971699 3.027702093 -0.652426958 -0.487634063 -0.451460838 0.364328474
1403638174495097088.000000 -5.820666313 7.423595905 2.890084028 -0.656233788 -0.490876526 -0.444761038 0.361365736
1403638174645096960.000000 -5.559011936 7.133158684 2.763388872 -0.658787906 -0.496957928 -0.440473139 0.353574157
1403638175095097088.000000 -4.803325176 6.352905273 2.477669239 -0.662705600 -0.504737496 -0.435933769 0.340621591
1403638175245096960.000000 -4.564359665 6.133275986 2.411071777 -0.662502170 -0.505105674 -0.438952565 0.336570621
1403638175395097088.000000 -4.331787586 5.933883190 2.359434366 -0.667918622 -0.509751558 -0.433025062 0.326385379
1403638176895097088.000000 -2.524566412 5.456654549 2.177780151 -0.647756875 -0.509100080 -0.459453136 0.331859976
1403638177295097088.000000 -2.292273283 5.541051388 2.190884590 -0.645884395 -0.513844609 -0.462763429 0.323492110
1403638177745096960.000000 -2.144832850 5.689699650 2.100023985 -0.662341237 -0.492027968 -0.445198506 0.347866237
1403638178795097088.000000 -1.734128237 5.829881191 2.012571573 -0.733254611 -0.359281033 -0.497861445 0.292213768
1403638178945096960.000000 -1.658162951 5.802616596 1.991662264 -0.748507619 -0.341676712 -0.499356985 0.271359533
1403638179295097088.000000 -1.451805115 5.735273838 1.910435677 -0.769731402 -0.328691602 -0.497303814 0.228395104
1403638179445096960.000000 -1.347347856 5.716146469 1.867538214 -0.774045229 -0.309567302 -0.507949352 0.216817185
1403638179745096960.000000 -1.121361732 5.684560776 1.778978586 -0.782856226 -0.247206688 -0.537454069 0.192790657
1403638180045096960.000000 -0.892396748 5.637858868 1.736804008 -0.803893447 -0.197833747 -0.538951278 0.155398861
1403638180495097088.000000 -0.511655629 5.567738533 1.692481756 -0.812086046 -0.181258485 -0.537523568 0.136858404
1403638180895097088.000000 -0.122004613 5.521303177 1.641958833 -0.816135943 -0.194077224 -0.527656972 0.133545637
1403638181195097088.000000 0.212490246 5.513668537 1.620469332 -0.811531484 -0.193658620 -0.531016588 0.148103148
1403638181645096960.000000 0.763141453 5.467498302 1.520394564 -0.798133016 -0.121048890 -0.572105706 0.145003572
1403638182095097088.000000 1.271170974 5.283673286 1.501417637 -0.822558343 -0.062876426 -0.561519206 0.064348102
1403638182295097088.000000 1.488338709 5.189812183 1.524870276 -0.831401706 -0.045857158 -0.550537288 0.059808653
1403638182645096960.000000 1.900444150 5.010653973 1.575847387 -0.837867200 -0.056161504 -0.541228592 0.043543156
1403638182795097088.000000 2.093369722 4.935008526 1.619132757 -0.837150753 -0.060309276 -0.541772842 0.044984523
1403638183545096960.000000 3.132970572 4.614208221 1.688923597 -0.835796177 -0.077005178 -0.542118073 0.040285271
1403638183695097088.000000 3.355077267 4.572298527 1.681708097 -0.831822634 -0.077632017 -0.548166573 0.039469391
1403638184145096960.000000 4.015145779 4.499756813 1.742989302 -0.823807240 -0.076472245 -0.560360909 0.038591467
1403638184295097088.000000 4.226253510 4.492948532 1.768059731 -0.830163360 -0.074220464 -0.551165998 0.039194565
1403638185095097088.000000 5.349678040 4.584277630 1.840636492 -0.820742786 -0.071741343 -0.565523446 0.037653107
1403638185245096960.000000 5.549286366 4.621267319 1.860557795 -0.821175396 -0.075577632 -0.564681351 0.033076696
1403638185395097088.000000 5.744734287 4.666419029 1.881241798 -0.818543315 -0.080657862 -0.568002999 0.029221309
1403638186295097088.000000 6.773377895 5.114207268 1.975785017 -0.816734195 -0.118942864 -0.558261156 0.084512927
1403638186645096960.000000 7.146333218 5.282967091 2.029875994 -0.816275716 -0.123345152 -0.559445262 0.074169584
1403638186795097088.000000 7.303774834 5.362034798 2.042160988 -0.813709140 -0.132751286 -0.562117875 0.065406762
1403638187195097088.000000 7.707680225 5.638205528 2.065196991 -0.796184301 -0.189202800 -0.562192857 0.119298093
1403638189295097088.000000 8.159910202 6.853654861 2.419421911 -0.738878489 -0.299754262 -0.558177292 0.229443058
1403638190095097088.000000 7.630130768 6.938726902 2.576355934 -0.754336894 -0.354465038 -0.496840686 0.241825938
1403638190495097088.000000 7.440458775 7.044573784 2.570809841 -0.713328302 -0.374506623 -0.543494344 0.235629827
1403638190645096960.000000 7.345742226 7.088107586 2.550112963 -0.711945951 -0.381687969 -0.537378192 0.242223039
1403638190795097088.000000 7.234346390 7.131560326 2.532626152 -0.712847352 -0.382029742 -0.530924976 0.253023088
1403638191395097088.000000 6.712227821 7.255147934 2.591285229 -0.729029834 -0.383801490 -0.503549576 0.260095865
1403638191745096960.000000 6.408361912 7.323940277 2.629405499 -0.729403555 -0.386925489 -0.505513728 0.250429720
1403638191845096960.000000 6.323668957 7.350577354 2.626517773 -0.728275299 -0.389743090 -0.507289290 0.245709360
1403638192145096960.000000 6.065640450 7.454591274 2.622809410 -0.727529645 -0.388596684 -0.508603752 0.247013152
1403638192495097088.000000 5.760752678 7.621806622 2.715880871 -0.720105410 -0.378640443 -0.518596888 0.262938917
1403638192595097088.000000 5.670364380 7.669174194 2.756752491 -0.716817975 -0.376896977 -0.523119628 0.265455484
1403638192695097088.000000 5.578177929 7.715372086 2.797779083 -0.711454988 -0.371914506 -0.530842066 0.271511108
1403638193095097088.000000 5.178604603 7.831703663 2.915902138 -0.693628132 -0.347116947 -0.546821535 0.315239757
1403638193295097088.000000 4.962636948 7.815256119 2.985288382 -0.696371734 -0.370983809 -0.531039774 0.308924258
1403638194495097088.000000 3.581665754 7.189844608 3.308578730 -0.709140301 -0.397938848 -0.503783524 0.291490972
1403638194595097088.000000 3.467435360 7.121202469 3.323339701 -0.712498724 -0.399918735 -0.499482065 0.287972659
1403638197095097088.000000 1.854462147 6.834324360 3.293367147 -0.723017752 -0.402507514 -0.486723036 0.279881865
1403638197445096960.000000 1.794344902 6.979403973 3.337769747 -0.706911325 -0.408310443 -0.509843469 0.271327615
1403638198195097088.000000 1.561120272 7.278652668 3.477911472 -0.699529231 -0.394627988 -0.517897248 0.294465929
1403638198645096960.000000 1.355778575 7.387723923 3.302632570 -0.693500102 -0.418409497 -0.525100052 0.261268348
1403638199245096960.000000 0.806978583 7.544542789 3.185004473 -0.683344960 -0.423366427 -0.537615776 0.254499137
1403638199395097088.000000 0.598939538 7.590800762 3.213013887 -0.680316746 -0.422123134 -0.542012990 0.255349159
1403638199695097088.000000 0.104519650 7.685757160 3.310250044 -0.679636836 -0.435142636 -0.533306420 0.253631443
1403638199845096960.000000 -0.177761912 7.738523006 3.368192196 -0.685492873 -0.434936702 -0.515387058 0.274419099
1403638199995097088.000000 -0.469372571 7.791625977 3.413671255 -0.687141716 -0.436801225 -0.504594266 0.287098706
1403638200145096960.000000 -0.765120864 7.844845772 3.449218988 -0.677573800 -0.450384468 -0.502209008 0.292974025
1403638200295097088.000000 -1.068202615 7.897211075 3.489399910 -0.656980693 -0.466036826 -0.506716728 0.307285249
1403638200445096960.000000 -1.383066416 7.946203709 3.542455673 -0.638890564 -0.484121501 -0.505424976 0.319359899
1403638200595097088.000000 -1.710277200 7.990244865 3.610166550 -0.625214875 -0.504006505 -0.502554119 0.320192277
1403638200895097088.000000 -2.417858362 8.067538261 3.765872478 -0.607976496 -0.535977125 -0.487609804 0.324545741
1403638201045096960.000000 -2.797188520 8.103473663 3.825096846 -0.614456475 -0.530076921 -0.472766817 0.343443155
1403638201195097088.000000 -3.183727741 8.137061119 3.866804361 -0.617995799 -0.525510490 -0.467062533 0.351813108
1403638201345096960.000000 -3.571547985 8.168067932 3.892196894 -0.620560646 -0.522990823 -0.465769351 0.352766246
1403638201495097088.000000 -3.959328890 8.196634293 3.902158499 -0.620847464 -0.520926237 -0.468482286 0.351722449
1403638201645096960.000000 -4.347566128 8.222547531 3.896136284 -0.619683325 -0.518453002 -0.472937375 0.351467431
1403638201795097088.000000 -4.736551285 8.243413925 3.870911837 -0.620547950 -0.516797662 -0.474412531 0.350390226
1403638201945096960.000000 -5.127699375 8.258105278 3.832527637 -0.621037245 -0.516891897 -0.472052425 0.352565020
1403638202095097088.000000 -5.523051739 8.261132240 3.799007177 -0.618734777 -0.522082984 -0.462691694 0.361265898
1403638202395097088.000000 -6.303512096 8.244199753 3.768974066 -0.624266267 -0.531015217 -0.438083410 0.369320273
1403638202745096960.000000 -7.160212040 8.237699509 3.708430052 -0.626837611 -0.531918705 -0.430774212 0.372250885
1403638202895097088.000000 -7.505304337 8.241868973 3.663559437 -0.624934077 -0.531298757 -0.434454024 0.372060299
1403638203195097088.000000 -8.162341118 8.246865273 3.594583035 -0.621994495 -0.528002620 -0.440237403 0.374869645
1403638203345096960.000000 -8.475096703 8.245771408 3.583202124 -0.619617045 -0.525790989 -0.443583131 0.377958536
1403638203495097088.000000 -8.778092384 8.239201546 3.566524029 -0.619866073 -0.523903191 -0.442884296 0.380979151
1403638203695097088.000000 -9.166223526 8.223532677 3.536133766 -0.622337997 -0.523374736 -0.439083904 0.382072926
1403638203995097088.000000 -9.708713531 8.180382729 3.538051128 -0.620471835 -0.525008857 -0.439704418 0.382152319
1403638204145096960.000000 -9.964430809 8.149531364 3.559873104 -0.623584986 -0.527092636 -0.433083832 0.381776780
1403638204445096960.000000 -10.433876991 8.088454247 3.639870405 -0.644287944 -0.520325065 -0.403594166 0.388930261
1403638204595097088.000000 -10.636182785 8.064058304 3.675191164 -0.644843221 -0.517779529 -0.402723253 0.392295420
1403638204745096960.000000 -10.817020416 8.044377327 3.695174217 -0.634621620 -0.528986394 -0.404210240 0.392483085
1403638204895097088.000000 -10.981223106 8.028306961 3.700850964 -0.608425260 -0.554279208 -0.410796285 0.392224133
1403638205245096960.000000 -11.358337402 7.999544621 3.675040722 -0.517997265 -0.635687768 -0.370911986 0.435894817
1403638205395097088.000000 -11.524329185 7.986811638 3.683922768 -0.466503292 -0.669639707 -0.341499358 0.466192693
1403638205545096960.000000 -11.688640594 7.970393658 3.710505486 -0.416074336 -0.696883440 -0.326664656 0.484278709
1403638205745096960.000000 -11.909211159 7.927349567 3.769712925 -0.367251098 -0.714058816 -0.329378843 0.496745706
1403638205945096960.000000 -12.149205208 7.845077038 3.846565485 -0.337349802 -0.730080485 -0.307706028 0.508423686
1403638206145096960.000000 -12.408479691 7.722733498 3.944649935 -0.306256115 -0.745464861 -0.274028748 0.524783373
1403638206295097088.000000 -12.607138634 7.608342171 4.019836426 -0.282325923 -0.753247261 -0.252208084 0.537867844
1403638207095097088.000000 -13.521897316 6.811648369 4.171615124 -0.243991658 -0.754791558 -0.193145975 0.577453494
1403638207245096960.000000 -13.650032997 6.639105797 4.150279522 -0.239961550 -0.754644454 -0.188726947 0.580786109
1403638207395097088.000000 -13.761855125 6.456702709 4.113760471 -0.225145265 -0.755404651 -0.179244116 0.588680804
1403638207545096960.000000 -13.854222298 6.263090611 4.080830574 -0.202051073 -0.761490405 -0.160967305 0.594472170
1403638207895097088.000000 -13.984967232 5.793751717 4.062660217 -0.180101112 -0.789745450 -0.118553534 0.574291468
1403638208295097088.000000 -14.055858612 5.298439980 4.089256763 -0.178516448 -0.786183298 -0.117714018 0.579819977
1403638208495097088.000000 -14.068050385 5.066021919 4.066384315 -0.178652003 -0.792269945 -0.116758771 0.571628630
1403638208895097088.000000 -14.058341026 4.627154827 4.071951389 -0.146626487 -0.798980832 -0.092233986 0.575867474
1403638209295097088.000000 -14.000994682 4.235006809 4.039295197 -0.135992959 -0.800289512 -0.082898386 0.578074932
1403638209495097088.000000 -13.957548141 4.054343224 3.984729528 -0.136959672 -0.799169719 -0.080152191 0.579780638
1403638209895097088.000000 -13.845630646 3.730650425 3.708084345 -0.135313854 -0.796876788 -0.087566420 0.582245469
1403638210295097088.000000 -13.675584793 3.429732323 3.328485012 -0.132943377 -0.783521831 -0.091779381 0.599996746
1403638210695097088.000000 -13.390552521 3.126920700 2.966595888 -0.135786399 -0.781727672 -0.090325363 0.601917863
1403638211145096960.000000 -12.935350418 2.792387247 2.603880405 -0.140475541 -0.792433560 -0.083220936 0.587698936
1403638211345096960.000000 -12.708546638 2.658865452 2.492092609 -0.143909961 -0.794882894 -0.082841352 0.583599567
1403638211545096960.000000 -12.470371246 2.539079905 2.379612207 -0.164507702 -0.791820526 -0.095611133 0.580358624
1403638211745096960.000000 -12.219136238 2.431584120 2.245188713 -0.204641059 -0.781968236 -0.114283256 0.577569962
1403638211945096960.000000 -11.955365181 2.341635704 2.109071732 -0.255870461 -0.768547952 -0.137912422 0.569951355
1403638212145096960.000000 -11.677818298 2.274135351 2.001961946 -0.297930002 -0.754512668 -0.169901624 0.559537232
1403638212345096960.000000 -11.385452271 2.222075701 1.929762959 -0.335748315 -0.739091277 -0.204017162 0.547169268
1403638212545096960.000000 -11.080419540 2.179052353 1.890732884 -0.374090374 -0.719941735 -0.234024659 0.535698473
1403638212745096960.000000 -10.761554718 2.139203072 1.880241871 -0.413122058 -0.701382279 -0.262039155 0.518390417
1403638212945096960.000000 -10.430443764 2.101325989 1.895506978 -0.454757720 -0.675702214 -0.290238023 0.502378106
1403638213095097088.000000 -10.175465584 2.076266527 1.920205951 -0.488164961 -0.654279411 -0.311164051 0.486611158
1403638213295097088.000000 -9.828151703 2.047473907 1.945358276 -0.541548312 -0.624025583 -0.322885484 0.461586893
1403638213495097088.000000 -9.467236519 2.034724951 1.945685267 -0.594884038 -0.587858975 -0.327808887 0.439404279
1403638213695097088.000000 -9.080050468 2.047955275 1.936199903 -0.606251061 -0.560990930 -0.370768696 0.424593329
1403638213895097088.000000 -8.680742264 2.073203325 1.945865035 -0.600208223 -0.553064346 -0.403150618 0.413931787
1403638214095097088.000000 -8.284528732 2.097071171 1.974276066 -0.603180170 -0.559356868 -0.401813716 0.402292550
1403638214295097088.000000 -7.897850990 2.125979424 2.015093803 -0.608098090 -0.571791589 -0.387277126 0.391519517
1403638214495097088.000000 -7.519305706 2.174890041 2.037202835 -0.603328407 -0.578746736 -0.383970320 0.391936004
1403638215295097088.000000 -6.093562603 2.418386221 1.919590831 -0.575027704 -0.579096377 -0.403047055 0.414178312
1403638216345096960.000000 -4.600455284 2.565896988 1.745395899 -0.582717419 -0.564891696 -0.418537885 0.407631963
1403638216645096960.000000 -4.256785870 2.563606501 1.733655334 -0.582619309 -0.565741837 -0.422026485 0.402969748
1403638219495097088.000000 -3.174948931 1.968419194 1.629323125 -0.628582299 -0.492823780 -0.472816765 0.372093290
1403638221645096960.000000 -3.294915438 0.861264169 1.586020470 -0.655017912 -0.498760492 -0.446141601 0.350923389
1403638221995097088.000000 -3.315170288 0.717202544 1.574828863 -0.649003029 -0.497478455 -0.453615695 0.354320526
1403638222445096960.000000 -3.340540409 0.547497571 1.592167854 -0.658262968 -0.507226944 -0.440897465 0.339146227
1403638222695097088.000000 -3.353333950 0.483815908 1.568202853 -0.652654409 -0.501232505 -0.448847622 0.348344773
1403638222995097088.000000 -3.369936705 0.422680736 1.522025824 -0.642601550 -0.493610531 -0.462402076 0.359994680
1403638223245096960.000000 -3.391831160 0.357951581 1.500525951 -0.657625198 -0.501824081 -0.441555530 0.347462952
1403638223495097088.000000 -3.409804344 0.300145090 1.487825394 -0.662594140 -0.491212159 -0.434471279 0.361820877
1403638223945096960.000000 -3.392015219 0.211872011 1.437826395 -0.648054659 -0.504264116 -0.456166834 0.343008369
1403638224395097088.000000 -3.394264460 0.158970907 1.369114757 -0.653679132 -0.504370332 -0.448207617 0.342672199
1403638224845096960.000000 -3.417194605 0.148551539 1.315985203 -0.658744872 -0.506126821 -0.440518588 0.340344429
1403638225045096960.000000 -3.428719521 0.156846657 1.315437198 -0.654498816 -0.490996331 -0.445216656 0.363780349
1403638225445096960.000000 -3.429445505 0.171370089 1.328634024 -0.650198579 -0.503243566 -0.449461818 0.349244535
1403638225845096960.000000 -3.438474417 0.177361220 1.259293318 -0.642896354 -0.500694454 -0.459562749 0.353258282
1403638226045096960.000000 -3.454885006 0.170994520 1.193946242 -0.658119678 -0.514409006 -0.434622169 0.336697787
1403638226245096960.000000 -3.469266415 0.191910267 1.194406509 -0.658987224 -0.517718256 -0.433563054 0.331250370
1403638226345096960.000000 -3.474378347 0.191016525 1.196648836 -0.656792462 -0.514500976 -0.436079234 0.337264627
1403638226745096960.000000 -3.466201067 0.196190998 1.214468956 -0.656996071 -0.513997555 -0.435646921 0.338192970
1403638227245096960.000000 -3.458004951 0.196103498 1.228889585 -0.656684458 -0.514655411 -0.435774624 0.337632895
1403638227745096960.000000 -3.454334736 0.193955898 1.235721707 -0.656941354 -0.514707327 -0.435273737 0.337699950
1403638228245096960.000000 -3.454021454 0.192801431 1.237110734 -0.657203674 -0.514720082 -0.434835821 0.337734222
1403638228745096960.000000 -3.454131126 0.194448203 1.235874534 -0.657423973 -0.514700949 -0.434470385 0.337805033
