1403715893384058112.000000 -2.074035406 -1.523933768 2.939720631 -0.561881721 -0.606608212 -0.392937839 0.402387142
1403715894134057984.000000 -2.119559526 -1.569197059 3.036097765 -0.566092610 -0.606307447 -0.383309186 0.406207591
1403715896534057984.000000 -3.149762392 -1.591121793 3.601219177 -0.589974165 -0.557315469 -0.357331246 0.462216794
1403715896684058112.000000 -3.154608011 -1.596125126 3.633160353 -0.590031505 -0.549617112 -0.355993450 0.472284347
1403715896984058112.000000 -3.055265188 -1.623005152 3.693223953 -0.603426278 -0.545637488 -0.330698818 0.478324920
1403715899034057984.000000 0.031239692 -1.739977360 3.841183662 -0.654216588 -0.496884495 -0.451523095 0.348185867
1403715899534057984.000000 0.739915192 -1.740773797 3.649817944 -0.670311630 -0.518339455 -0.436124772 0.302988112
1403715899984058112.000000 1.259548187 -1.524725914 3.600888014 -0.642155170 -0.531304717 -0.463292390 0.301184773
1403715900134057984.000000 1.390213490 -1.414563060 3.589292765 -0.633151054 -0.536345959 -0.472850055 0.296421200
1403715900984058112.000000 1.591910601 -0.615304887 3.585952759 -0.614896774 -0.478541374 -0.500577629 0.377256036
1403715901684058112.000000 1.389300585 -0.514810324 3.683165789 -0.628931940 -0.473597854 -0.491297811 0.372526824
1403715902084058112.000000 1.192919016 -0.719585478 3.733611822 -0.640325844 -0.484369159 -0.476176828 0.358643442
1403715902284058112.000000 1.080680013 -0.848198771 3.748228550 -0.635941625 -0.494118989 -0.480363458 0.347384036
1403715902934057984.000000 0.626125038 -1.263297677 3.748927355 -0.643978000 -0.537166715 -0.413144261 0.355043828
1403715905584058112.000000 -0.896612942 -0.986478984 3.848654270 0.023302522 -0.809672534 -0.017608387 0.586154759
1403715905784058112.000000 -0.893755376 -1.055353403 3.768412590 0.062862493 -0.815956235 0.052849185 0.572250605
1403715905984058112.000000 -0.888148308 -1.127122998 3.690855742 0.134533629 -0.822596431 0.110250019 0.541369259
1403715906084058112.000000 -0.891474247 -1.162105799 3.655106068 0.179812044 -0.819611073 0.131775051 0.527769685
1403715906284058112.000000 -0.912791014 -1.239703298 3.598810196 0.276854038 -0.782772303 0.166297376 0.531944096
1403715906584058112.000000 -0.936053813 -1.396628141 3.524760246 0.392178565 -0.724031389 0.239892021 0.514223993
1403715906884058112.000000 -0.915789008 -1.581335545 3.521899462 0.472415149 -0.666308343 0.340162098 0.465990305
1403715907234057984.000000 -0.870422602 -1.760660648 3.493294239 0.592710614 -0.556626499 0.409214109 0.414010704
1403715907634057984.000000 -0.751741171 -1.896709681 3.574208736 0.700623572 -0.415021867 0.477326900 0.330215961
1403715908084058112.000000 -0.540176451 -1.930510521 3.671669722 0.746507525 -0.289364636 0.558033526 0.218158647
1403715908784058112.000000 -0.341129512 -1.791467786 3.755249977 0.796595931 -0.009455408 0.604293466 0.013222655
1403715911584058112.000000 -1.731314898 -1.208223343 3.367535353 -0.264516115 -0.755912423 -0.188581854 0.568387628
1403715914334057984.000000 -1.383644462 -3.207293987 3.582850456 0.233194247 -0.788650870 0.138390094 0.551813900
1403715916184058112.000000 -1.546370029 -4.378301144 3.458119392 0.109798558 -0.823731005 0.080988139 0.550320446
1403715919134057984.000000 -2.222527742 -4.126473904 2.959619999 -0.216596603 -0.821468830 -0.152410448 0.505020857
1403715919634057984.000000 -2.172034979 -3.992129803 2.977012873 -0.197752073 -0.799654067 -0.163872570 0.542764664
1403715920034057984.000000 -2.244272470 -3.967612267 2.826636314 -0.196741968 -0.805467963 -0.164152056 0.534385800
1403715921584058112.000000 -2.778511047 -4.047232628 3.324774981 -0.115619197 -0.817414463 -0.082763635 0.558225870
1403715923084058112.000000 -3.051495314 -3.986012697 4.283346176 -0.118789978 -0.799733937 -0.093972333 0.580933630
1403715923484058112.000000 -3.017006874 -4.026543140 4.445817471 -0.134399354 -0.810572267 -0.069070503 0.565808058
1403715923934057984.000000 -2.966542482 -4.031969070 4.423587799 -0.147106111 -0.792149603 -0.048084617 0.590378404
1403715924034057984.000000 -2.947011232 -4.016774654 4.375682831 -0.141548067 -0.786878526 -0.055025678 0.598129213
1403715924284058112.000000 -2.866415977 -3.965769768 4.226843834 -0.129237205 -0.789352238 -0.072667740 0.595768631
1403715924634057984.000000 -2.700580597 -3.891363859 4.025976181 -0.135668293 -0.810292959 -0.071641430 0.565585554
1403715924934057984.000000 -2.553306580 -3.794134855 3.865419388 -0.189232871 -0.795875132 -0.083029173 0.569104493
1403715925034057984.000000 -2.499307632 -3.748156309 3.817534924 -0.208608374 -0.783581138 -0.105825856 0.575572789
1403715925234057984.000000 -2.374078274 -3.649763107 3.755284786 -0.248015478 -0.757185519 -0.157845542 0.583303750
1403715925384058112.000000 -2.260322094 -3.581081867 3.740285397 -0.292374402 -0.747471511 -0.176811337 0.569685400
1403715925484058112.000000 -2.176294565 -3.537095547 3.736110687 -0.324458450 -0.743527710 -0.184711143 0.554774880
1403715928134057984.000000 0.297134221 -3.347593784 3.269627094 -0.750209212 -0.219851926 -0.603724897 0.156100661
1403715931084058112.000000 -0.022040021 -3.957714319 3.372350216 -0.851795971 -0.063817687 -0.518148124 0.043514490
1403715932634057984.000000 1.525154591 -3.919593811 3.700822592 -0.697143734 -0.075477906 -0.709593475 0.069072075
1403715934484058112.000000 1.161929250 -3.849554300 4.377974033 -0.696447015 -0.044379875 -0.715058804 0.041024994
1403715934684058112.000000 1.224123120 -3.825336933 4.387517452 -0.655136287 -0.044274282 -0.752467334 0.051275555
1403715934934057984.000000 1.011059761 -3.832619190 4.411887169 -0.697535694 -0.047679726 -0.712220132 0.062555410
1403715935684058112.000000 -0.205727518 -3.980703592 4.247196674 -0.895996928 -0.060032666 -0.438923150 0.030529905
1403715936084058112.000000 -0.258319944 -3.965866804 4.133814335 -0.884250879 -0.058453400 -0.462675244 0.024806777
1403715936284058112.000000 -0.099035054 -3.923426628 4.126842499 -0.812873244 -0.054728664 -0.579310298 0.025328994
1403715936584058112.000000 0.103616133 -3.846173525 4.092947483 -0.752849698 -0.034447093 -0.656074643 0.039961286
1403715938334057984.000000 -0.300716996 -3.534385681 3.542288303 -0.806941628 -0.287347853 -0.488046885 0.167590499
1403715940934057984.000000 0.191855624 -2.210503578 4.043910980 -0.837955356 -0.388087511 -0.345813423 0.166228816
1403715941584058112.000000 0.635353625 -1.427471161 4.370985508 -0.639508009 -0.284902930 -0.640757799 0.315102011
1403715941734057984.000000 0.659382224 -1.355391145 4.363534927 -0.616030991 -0.267674446 -0.659682631 0.337157428
1403715941984058112.000000 0.575381041 -1.433097959 4.319889545 -0.607112229 -0.266013503 -0.667351604 0.339548886
1403715944484058112.000000 0.005861137 -2.325493813 3.449882746 -0.767840028 -0.440013528 -0.390787780 0.253169149
1403715946284058112.000000 -0.055923939 -2.228980541 3.933372736 -0.656890213 -0.619863987 -0.307802320 0.299201727
1403715946984058112.000000 -0.272169471 -1.694077849 4.181533813 -0.499868631 -0.564230800 -0.444711149 0.483742774
1403715947084058112.000000 -0.302081376 -1.652810931 4.205808640 -0.489842236 -0.551762104 -0.455540955 0.498091906
1403715947584058112.000000 -0.411339521 -1.901878953 4.210558414 -0.542993665 -0.568036079 -0.410423696 0.462650210
1403715948084058112.000000 -0.444904506 -2.360087395 3.949656963 -0.613123477 -0.659366786 -0.287485152 0.326599747
1403715948384058112.000000 -0.470845044 -2.288909912 3.822415113 -0.596966743 -0.653455436 -0.306629390 0.350150198
1403715949834057984.000000 -0.594320178 -1.828064442 3.500176191 -0.493093669 -0.740320325 -0.252961338 0.380519450
1403715951584058112.000000 -1.059730411 -1.804850101 3.676990747 -0.367235988 -0.815793276 -0.175567716 0.410846919
1403715951784058112.000000 -1.114556313 -1.866689324 3.714478254 -0.344204217 -0.840443254 -0.145648077 0.392384201
1403715952734057984.000000 -1.730086565 -1.483238578 4.004564285 -0.157387167 -0.686343849 -0.144257605 0.695234656
1403715952834057984.000000 -1.686980009 -1.483204007 4.037075996 -0.147383153 -0.670165837 -0.145408973 0.712749779
1403715953934057984.000000 -0.978003681 -1.564855814 3.935629129 -0.065620482 -0.903141260 -0.051501561 0.421162099
1403715954084058112.000000 -1.145806789 -1.506859660 3.935554028 -0.010960365 -0.866026342 -0.094177820 0.490926564
1403715954734057984.000000 -1.800483227 -1.598581076 3.859498739 -0.034065168 -0.690442920 -0.046778008 0.721068740
1403715954884058112.000000 -1.770921946 -1.671546102 3.841652870 -0.034795243 -0.714657724 -0.045308020 0.697137654
1403715955434057984.000000 -1.305576921 -1.987008214 3.802098274 -0.071173012 -0.875020981 -0.022014983 0.478317976
1403715955684058112.000000 -1.224507809 -2.090570688 3.812797308 -0.075542472 -0.904744685 0.009355247 0.419097692
1403715956134057984.000000 -1.532926679 -2.144534826 3.932616711 0.058661833 -0.786603332 0.029459236 0.613959551
1403715956284058112.000000 -1.635948181 -2.166239977 3.971190214 0.109160908 -0.757738113 0.048006609 0.641570151
1403715956584058112.000000 -1.678045034 -2.214659691 4.054051399 0.179184541 -0.686049044 0.126974702 0.693618834
1403715957484058112.000000 -0.692715824 -2.057781696 4.046021461 0.214339852 -0.880935371 0.119736798 0.404567033
1403715957634057984.000000 -0.622932851 -2.075571537 3.985822678 0.217558369 -0.896063089 0.108695269 0.371382087
1403715958434057984.000000 -1.131100893 -2.647036552 3.805950403 0.260037839 -0.665345669 0.235144094 0.659092426
1403715958784058112.000000 -1.040155411 -2.686617851 3.714187860 0.303950608 -0.658346415 0.305611342 0.617086589
1403715959484058112.000000 -0.555699050 -2.252216578 3.532225609 0.496644676 -0.749043822 0.253347158 0.357900530
1403715959884058112.000000 -0.559247255 -2.417046547 3.576989651 0.513924003 -0.678482533 0.321805567 0.414710611
1403715961284058112.000000 -0.237919480 -2.147284985 3.828616142 0.553972602 -0.731953740 0.235522389 0.319197953
1403715961434057984.000000 -0.192932457 -2.216822386 3.882420778 0.532568872 -0.722978473 0.280236930 0.339322686
1403715964234057984.000000 -0.576867104 -1.750424862 2.867581129 0.787693620 -0.299748093 0.494653791 0.212149918
1403715965434057984.000000 -0.399643719 -1.802684665 3.235104084 0.804922938 -0.305198789 0.478706986 0.172605082
1403715966284058112.000000 -0.123194933 -2.037382603 3.495012045 0.682004452 -0.251228482 0.643134773 0.241105527
1403715966734057984.000000 -0.234489173 -1.855610251 3.609797239 0.820544422 -0.329899281 0.432486773 0.175580785
1403715969384058112.000000 -0.773904741 -1.137768865 3.527687788 0.856563389 -0.248552009 0.435555011 0.121708259
1403715969884058112.000000 -0.708859682 -1.155124307 3.416606426 0.838152111 -0.180062145 0.473013431 0.203315198
1403715972684058112.000000 0.054577228 -0.925474167 4.058636189 -0.779821515 -0.040945821 -0.623440146 0.039041385
1403715973784058112.000000 -1.008532405 -1.063048244 4.003961086 0.856952965 -0.014010360 0.511837602 -0.058801737
1403715974084058112.000000 -1.111996531 -1.244025469 4.002680779 -0.854450285 -0.001095854 -0.517441928 0.046556082
1403715976534057984.000000 -0.342393011 -2.595590591 3.961098909 -0.816552043 -0.067514032 -0.573151290 0.013502048
1403715978134057984.000000 0.050381500 -1.861338258 3.933982134 -0.684908032 -0.432869077 -0.525213838 0.260145724
1403715978334057984.000000 0.000134140 -1.705768347 3.921770573 -0.633664668 -0.500415385 -0.510271788 0.296101987
1403715980534057984.000000 -1.512462378 -1.883327961 3.988229990 0.096164107 -0.774974167 0.044719029 0.623031139
1403715980734057984.000000 -1.492589235 -2.132364273 3.996293783 0.169181928 -0.762211740 0.122746825 0.612653315
1403715980934057984.000000 -1.421970606 -2.364896059 3.997357368 0.245108992 -0.746063769 0.196274772 0.587185442
1403715981134057984.000000 -1.311917901 -2.565120935 3.999911547 0.321773708 -0.711071968 0.271360636 0.563206792
1403715981534057984.000000 -1.016256452 -2.809293509 4.019768238 0.476122379 -0.603192747 0.413697809 0.488180518
1403715981734057984.000000 -0.856024504 -2.823374748 4.038988590 0.546529114 -0.529062688 0.472158015 0.445494622
1403715981934057984.000000 -0.702973723 -2.756139994 4.045829296 0.629385233 -0.473732650 0.489503056 0.373949796
1403715982184058112.000000 -0.526246846 -2.604388952 4.058485031 0.694107056 -0.392196476 0.519498169 0.307439595
1403715982584058112.000000 -0.277875870 -2.261811018 4.083505630 0.757457137 -0.255136520 0.564845443 0.205216274
1403715982784058112.000000 -0.179590032 -2.045327663 4.090777874 0.779592454 -0.175655067 0.583341479 0.145236775
1403715982984058112.000000 -0.109275058 -1.806718588 4.097732544 0.795003951 -0.093386985 0.593552887 0.083321370
1403715983184058112.000000 -0.069641128 -1.554936171 4.101766109 0.799892247 -0.013478027 0.599685371 0.019189542
1403715983384058112.000000 -0.061061237 -1.298887849 4.103355408 -0.795190036 -0.072661959 -0.600052416 0.048270408
1403715983584058112.000000 -0.088243492 -1.049301505 4.107428551 -0.768582523 -0.155620903 -0.606931388 0.129218444
1403715983984058112.000000 -0.281873882 -0.662281930 4.119164944 -0.703713775 -0.294174463 -0.585762918 0.274098992
1403715984084058112.000000 -0.358057052 -0.605950832 4.123375893 -0.692948401 -0.326122463 -0.568328738 0.300781071
1403715984184058112.000000 -0.441560209 -0.567347705 4.128188610 -0.683883548 -0.356883198 -0.547539353 0.324250460
1403715984334057984.000000 -0.574058175 -0.541229367 4.138668060 -0.664649010 -0.399061173 -0.520716369 0.357556194
1403715984434057984.000000 -0.664431155 -0.544396996 4.148095608 -0.646826088 -0.426813662 -0.507498205 0.376685262
1403715984534057984.000000 -0.755003512 -0.563670695 4.157386780 -0.630063295 -0.457409382 -0.490826815 0.391006202
1403715984684058112.000000 -0.890701473 -0.616698146 4.167971134 -0.607276320 -0.513113260 -0.455542684 0.400513619
1403715985284058112.000000 -1.359568834 -0.972625971 4.201732635 -0.475460798 -0.641422689 -0.367202282 0.477154672
1403715985384058112.000000 -1.419869304 -1.052160621 4.209025383 -0.466518402 -0.648319542 -0.375281453 0.470325619
1403715985984058112.000000 -1.785182118 -1.575640798 4.173943043 -0.579633415 -0.615408540 -0.331298232 0.418973595
1403715986184058112.000000 -1.890403986 -1.691655636 4.090663910 -0.584019005 -0.595447540 -0.341796398 0.433057964
1403715986484058112.000000 -1.993874907 -1.812676072 3.951022863 -0.562557340 -0.595080435 -0.376003474 0.433624119
1403715986684058112.000000 -2.044348717 -1.883651614 3.842079639 -0.572815359 -0.619506299 -0.355388373 0.402235895
1403715987184058112.000000 -2.161854267 -1.902393699 3.619606972 -0.577827930 -0.571794629 -0.379889309 0.441418022
1403715987534057984.000000 -2.174581528 -1.905292392 3.490610838 -0.590539396 -0.552889884 -0.409615874 0.421652675
1403715988034057984.000000 -2.145346403 -1.958615541 3.341406107 -0.597721875 -0.584767163 -0.391333461 0.384232014
1403715988484058112.000000 -2.141894341 -1.941292644 3.263096333 -0.575114250 -0.569991350 -0.412415415 0.417452991
1403715988884058112.000000 -2.131421566 -1.956909537 3.221601963 -0.595233560 -0.566171885 -0.387401491 0.418409616
1403715989234057984.000000 -2.074066639 -1.970956564 3.214802980 -0.593272448 -0.574306488 -0.396123737 0.401604056
1403715989434057984.000000 -2.036434174 -1.967514396 3.214951277 -0.593050122 -0.573359370 -0.398787200 0.400648683
1403715989834057984.000000 -1.962244749 -1.939579844 3.211292505 -0.581884384 -0.567643046 -0.414932251 0.408684641
1403715990284058112.000000 -1.905642509 -1.927615881 3.166338921 -0.575959086 -0.576799989 -0.415982425 0.403152078
1403715990734057984.000000 -1.914753318 -1.936214209 3.047114134 -0.578076422 -0.586843729 -0.409451485 0.392162681
1403715991134057984.000000 -1.995168924 -1.910205007 2.952558041 -0.576246560 -0.582860470 -0.410591811 0.399534732
1403715991534057984.000000 -2.002057076 -1.909946561 2.952152252 -0.575024843 -0.581682980 -0.411556840 0.402010500
1403715991984058112.000000 -2.002749205 -1.911780596 2.949944735 -0.575246155 -0.581073463 -0.411264181 0.402873814
1403715992484058112.000000 -2.003433228 -1.913079262 2.950347900 -0.575562656 -0.580931842 -0.410926640 0.402970254
1403715992934057984.000000 -2.003369093 -1.914214730 2.950885534 -0.575742066 -0.580770016 -0.410783470 0.403093398
1403715993384058112.000000 -2.003238678 -1.914026499 2.951000452 -0.575855017 -0.580846786 -0.410495579 0.403114617
1403715993534057984.000000 -2.003276587 -1.913361669 2.950846910 -0.575910807 -0.580820680 -0.410463333 0.403105438
1403715993734057984.000000 -2.003281593 -1.912459135 2.950965405 -0.575582027 -0.580499232 -0.411030084 0.403460413
1403715993984058112.000000 -2.002334595 -1.910250187 2.950965166 0.575792193 0.580454051 0.410667121 -0.403595179
