#Stereo rect[ms], MP culling[ms], MP creation[ms], LBA[ms], KF culling[ms], Total[ms]
6.587850,0.101774,0.892365,0.008570,0.008570,7.597712
3.484273,0.085730,1.145704,0.001283,0.001283,4.718102
6.637422,0.290567,8.032803,0.737727,0.737727,38.063234
3.737722,0.184076,6.379488,1.192680,1.192680,27.624800
7.795030,0.250191,11.513805,1.325984,1.325984,54.762929
4.423268,0.137934,5.362568,0.849328,0.849328,40.087819
8.503336,0.217102,13.220836,1.097644,1.097644,64.139889
6.441213,0.266095,12.722469,1.234743,1.234743,62.488055
8.053926,0.264534,16.872542,1.770222,1.770222,67.059779
5.619401,0.191359,15.120024,56.537190,56.537190,123.108390
5.434275,0.176836,11.513272,1.620479,1.620479,57.129714
5.206645,0.124077,13.417987,1.917323,1.917323,59.549536
6.252788,0.195575,13.363012,2.302915,2.302915,65.790466
8.037209,0.173981,21.428791,2.909197,2.909197,78.992405
11.467019,0.279004,24.145851,3.348770,3.348770,95.018336
7.821852,0.275206,18.426213,3.590629,3.590629,87.977637
6.719700,0.343581,16.649322,3.608903,3.608903,95.309917
6.008848,0.366231,16.126367,5.467057,5.467057,91.617558
6.468012,0.263451,17.348126,4.218720,4.218720,94.736853
8.507221,0.306737,23.425043,3.956169,3.956169,105.576834
6.783574,0.225087,21.612113,4.482455,4.482455,117.887195
6.962975,0.217707,23.388252,7.158357,7.158357,124.772301
7.536706,0.224325,26.307647,5.497155,5.497155,115.321513
10.262502,0.219937,22.611877,5.647204,5.647204,124.412671
8.570691,0.265526,25.986660,5.275125,5.275125,120.631740
6.817396,0.190835,27.266229,5.222443,5.222443,116.064984
8.755363,0.275524,26.845416,5.203349,5.203349,316.970591
7.474832,0.282514,22.423110,4.772821,4.772821,117.170362
11.980759,0.408594,34.951347,4.387974,4.387974,130.949111
11.758510,0.574288,34.146515,7.186166,7.186166,136.828814
6.005560,0.285066,17.781403,5.570372,5.570372,119.097055
5.874651,0.326040,18.430479,5.895463,5.895463,115.954680
6.860035,0.255019,19.805106,5.270428,5.270428,124.907471
4.590486,0.180113,16.188467,5.598718,5.598718,116.013186
6.329982,0.192156,13.739567,4.341340,4.341340,99.497250
8.760421,0.290650,31.998845,5.316719,5.316719,133.923723
4.626894,0.238768,11.875407,5.347612,5.347612,101.238212
8.911223,0.476920,23.817494,5.665275,5.665275,126.511143
9.684423,0.396710,23.149500,4.257285,4.257285,122.987251
9.305889,0.546952,32.921258,4.773027,4.773027,184.216714
5.195682,0.341448,13.011283,3.062202,3.062202,114.333858
4.280367,0.261939,11.982054,2.101233,2.101233,102.600698
4.436614,0.379269,10.308402,2.237614,2.237614,106.345920
3.621839,0.202368,10.286657,1.680119,1.680119,100.118801
4.385712,0.231087,14.443515,2.861028,2.861028,117.199309
5.914953,0.239858,14.686257,5.281441,5.281441,118.788427
6.139619,0.335233,14.420359,4.760316,4.760316,117.566721
5.650696,0.236162,15.265515,4.754538,4.754538,123.097414
5.927737,0.283624,14.566976,2.175942,2.175942,71.467978
3.545185,0.266394,12.178982,2.588015,2.588015,115.176166
1.982025,0.272051,5.890702,2.465353,2.465353,41.808393
3.284566,0.264105,13.257412,1.295180,1.295180,65.124533
5.141684,0.250409,17.126347,1.565522,1.565522,73.505166
4.013581,0.233710,13.963240,5.052801,5.052801,104.254866
6.449195,0.279213,18.973595,4.443873,4.443873,106.558554
5.163971,0.242434,22.351012,5.205126,5.205126,125.007114
5.589023,0.261330,21.178720,4.972893,4.972893,124.813933
6.864076,0.340932,25.650290,4.971428,4.971428,118.828866
4.368500,0.202841,16.077305,2.776935,2.776935,136.818976
5.391618,0.275657,17.532513,3.545321,3.545321,117.650615
5.435068,0.282016,19.819270,3.426723,3.426723,113.695210
5.788848,0.260025,20.687431,4.211984,4.211984,109.183314
5.103009,0.236736,26.181278,5.448163,5.448163,124.660803
6.322760,0.325482,23.609226,5.657158,5.657158,120.148137
4.930781,0.273125,15.926359,4.878831,4.878831,106.542314
4.981791,0.192009,15.178312,6.181836,6.181836,106.962201
4.003048,0.219153,13.831068,3.221847,3.221847,103.853333
5.406430,0.122884,20.479036,3.870358,3.870358,106.167176
7.115820,0.180039,29.042782,5.176665,5.176665,120.150366
8.173724,0.180839,27.645003,5.461710,5.461710,125.799852
7.336843,0.284251,26.283996,4.232622,4.232622,122.443760
7.896450,0.220120,26.178342,4.691434,4.691434,123.939552
7.707680,0.231501,24.069211,4.712294,4.712294,122.806417
6.957940,0.254527,25.917728,3.774940,3.774940,122.217855
8.656135,0.295252,26.367804,4.885128,4.885128,122.531273
6.918325,0.225799,26.616190,4.491558,4.491558,156.004098
7.564710,0.254059,29.154110,3.829255,3.829255,124.203711
7.609728,0.270319,27.570554,6.290796,6.290796,125.983407
7.276092,0.279088,24.897868,4.899194,4.899194,120.579753
6.371492,0.275496,27.949962,3.882176,3.882176,127.054581
5.827969,0.317095,20.611298,6.724132,6.724132,121.159857
5.761779,0.253132,20.211370,4.671883,4.671883,129.686644
5.768486,0.251052,32.588926,4.395807,4.395807,130.292799
5.359048,0.150288,14.424569,6.646831,6.646831,113.079031
5.869445,0.223327,26.688500,3.989000,3.989000,125.432786
5.282383,0.266001,20.660672,6.305812,6.305812,352.959177
4.772841,0.336810,19.423511,4.141344,4.141344,117.516184
5.160928,0.309607,11.897016,4.337215,4.337215,125.367260
5.145846,0.939023,19.758637,2.965542,2.965542,133.515934
7.275388,0.613231,21.009854,3.169877,3.169877,121.476727
9.033935,0.685238,14.433379,2.371418,2.371418,121.742133
7.497704,0.416404,13.831320,2.559654,2.559654,120.426522
11.191925,0.518151,22.671769,2.875458,2.875458,124.979113
10.512890,0.588297,22.617746,4.213680,4.213680,149.365029
6.261987,0.281597,28.638224,2.654706,2.654706,141.895464
11.503395,0.461060,33.107930,4.111075,4.111075,166.240129
12.198890,0.414675,25.959625,3.457292,3.457292,155.255937
13.609698,0.455957,23.516935,3.908099,3.908099,150.775010
6.490899,0.167497,15.481477,6.247270,6.247270,144.053227
7.230044,0.219345,18.220224,5.914104,5.914104,153.708757
8.682666,0.296152,16.280219,5.773317,5.773317,159.571943
6.608830,0.272591,14.145907,7.433083,7.433083,162.393009
12.619065,0.483473,28.957183,5.353787,5.353787,180.974804
7.516903,0.336143,18.456175,5.399286,5.399286,166.139040
8.663388,0.349185,22.425296,5.490643,5.490643,185.023518
7.905676,0.291394,21.776804,6.235240,6.235240,168.998810
6.784502,0.254306,24.600228,5.595228,5.595228,167.592816
8.253752,0.535228,24.916629,6.547495,6.547495,173.434750
7.085472,0.258538,19.417601,6.994810,6.994810,164.819180
7.680421,0.408745,26.549436,6.981916,6.981916,188.403283
7.906421,0.283438,18.975321,5.522681,5.522681,166.791134
7.471967,0.394647,24.622752,6.614317,6.614317,169.484958
7.659003,0.489280,20.857090,6.009760,6.009760,169.487473
6.743992,0.415423,28.909984,8.889898,8.889898,193.076899
6.622161,0.343474,18.478597,6.591718,6.591718,173.653949
9.063630,0.794937,30.757307,10.919031,10.919031,190.521576
5.490212,0.605323,20.143288,9.060660,9.060660,163.974000
6.035649,0.536751,14.296766,9.891736,9.891736,164.781618
6.256446,0.668594,15.429846,7.724355,7.724355,159.038928
5.460046,0.849522,15.194472,2.485879,2.485879,153.650816
7.501767,0.696328,22.548370,2.557869,2.557869,181.650122
8.922471,0.632600,19.664524,2.753965,2.753965,157.148159
8.585788,0.685098,23.534790,1.830642,1.830642,153.968035
9.583490,0.613820,24.973350,2.156363,2.156363,167.482368
10.335864,0.560765,28.493112,2.884392,2.884392,173.510554
10.424899,0.572008,28.140766,2.346113,2.346113,175.520218
6.458147,0.347935,14.377347,2.886651,2.886651,163.337781
11.470004,0.537868,30.362724,3.139477,3.139477,178.365827
9.597868,0.430661,23.365929,3.725080,3.725080,165.356395
8.011132,0.374830,20.822301,4.692358,4.692358,178.399766
5.756368,0.310527,13.220477,5.611564,5.611564,162.056142
6.415148,0.424789,15.774714,3.641087,3.641087,157.618333
6.821030,0.456526,16.868836,4.053081,4.053081,153.534837
4.377023,0.291886,9.074190,4.812303,4.812303,137.212973
3.777849,0.270146,6.978642,6.549492,6.549492,145.789381
7.755145,0.344718,17.480305,3.467699,3.467699,166.761178
7.437450,0.309800,18.617630,18.278105,18.278105,182.385172
4.550505,0.513139,13.188759,6.054948,6.054948,157.948405
4.908509,0.346400,17.752335,6.329202,6.329202,157.618849
6.257863,0.789519,22.013623,10.433389,10.433389,165.917048
4.482533,0.371780,15.900853,12.358994,12.358994,155.381498
5.182308,0.550059,18.932616,6.902008,6.902008,156.353963
3.338496,0.345529,7.941577,5.648338,5.648338,140.723991
2.951005,0.248348,13.628392,5.806141,5.806141,135.223406
8.151730,0.596097,29.669718,7.098661,7.098661,165.998138
7.664077,0.633189,31.132232,6.444882,6.444882,162.922733
6.478443,0.585447,25.221201,7.118061,7.118061,155.486937
5.423422,0.383211,24.482094,6.255225,6.255225,157.216080
8.312509,0.559392,25.158040,6.597333,6.597333,180.319308
7.732104,0.405496,17.465460,6.066382,6.066382,159.741822
11.514229,0.855728,24.935795,7.747712,7.747712,179.099196
6.450975,0.295417,26.979530,8.158033,8.158033,188.976729
6.417168,0.312209,16.188469,5.051221,5.051221,160.043490
8.227948,0.420243,21.293017,8.031860,8.031860,179.118043
7.441598,0.293093,18.817768,10.085562,10.085562,160.648669
10.902141,0.374472,32.359760,7.717935,7.717935,184.359233
6.263728,0.236474,20.513442,7.789861,7.789861,164.034414
7.069114,0.271272,19.580805,7.257443,7.257443,152.511537
7.812889,0.242446,21.415043,8.805570,8.805570,158.067646
6.013160,0.469659,18.805476,5.635265,5.635265,160.029728
8.361174,0.563074,24.243704,9.662196,9.662196,168.473800
7.374809,0.623172,23.295370,11.294524,11.294524,160.024934
6.643247,0.418159,18.314084,8.541045,8.541045,153.572653
5.603318,0.388586,22.790580,9.733034,9.733034,154.629274
5.404212,0.392382,20.863074,9.253624,9.253624,159.028877
6.450363,0.349479,21.148870,11.359291,11.359291,156.470920
5.089129,0.295496,19.646678,10.402575,10.402575,150.721766
4.024131,0.352395,18.409659,7.684798,7.684798,143.039345
6.384629,0.456866,19.994340,5.584538,5.584538,102.756159
4.843406,0.402929,18.877296,8.236274,8.236274,144.128899
4.813608,0.415097,18.389630,11.686113,11.686113,149.786927
5.655912,0.433026,23.285484,7.527025,7.527025,144.430552
5.112345,0.339614,23.712050,6.212441,6.212441,154.653872
5.647935,0.460402,24.609988,8.042830,8.042830,166.287822
5.476565,0.463867,19.730809,6.822177,6.822177,146.793879
4.878469,0.300951,19.100720,5.908518,5.908518,149.125821
7.380799,0.375640,27.029154,5.748739,5.748739,158.088998
6.209103,0.343212,25.186422,5.894176,5.894176,155.936333
5.124161,0.250586,22.295793,6.551712,6.551712,154.621858
5.591793,0.279450,24.754885,6.494878,6.494878,157.812922
5.822862,0.302074,22.176422,6.637296,6.637296,156.476211
7.220964,0.379240,29.723369,7.655132,7.655132,181.848041
5.646231,0.305473,21.211519,5.918788,5.918788,158.836851
4.926897,0.321813,16.330842,8.431713,8.431713,154.493615
4.048917,0.233507,11.915788,10.537998,10.537998,144.060303
3.068101,0.133623,10.430769,7.109959,7.109959,143.763320
2.575146,0.113896,9.278855,6.905041,6.905041,133.829537
2.048932,0.116799,6.981922,7.119395,7.119395,128.629470
1.427493,0.075082,5.919315,6.530884,6.530884,68.902195
1.308835,0.057947,6.064800,3.426774,3.426774,54.162851
1.259766,0.047956,4.496823,5.438803,5.438803,44.277762
1.057175,0.034046,4.099717,4.016967,4.016967,50.409994
0.787892,0.033592,5.099741,4.632941,4.632941,44.904022
1.396383,0.043380,7.853904,4.200622,4.200622,68.187725
1.010338,0.028194,5.037927,5.822462,5.822462,46.649865
0.894149,0.020909,3.383183,4.412246,4.412246,37.808365
0.947477,0.029314,4.029388,3.636987,3.636987,35.220715
1.307499,0.030562,4.718617,6.065034,6.065034,46.380079
2.553949,0.072401,11.957156,5.161196,5.161196,57.806741
2.704282,0.091036,11.077132,4.506894,4.506894,63.433238
4.343178,0.120934,17.183537,4.959015,4.959015,132.200528
3.971908,0.124117,20.918151,6.857184,6.857184,136.134167
9.549034,0.396665,53.264450,7.541866,7.541866,186.136134
9.506233,0.466092,38.653894,7.039658,7.039658,170.291799
10.876284,0.334414,31.440295,11.221664,11.221664,148.060009
11.739284,0.441660,43.561784,12.321792,12.321792,181.836090
11.228581,0.372142,31.381215,11.144218,11.144218,147.494963
7.409785,0.275671,23.065589,12.749960,12.749960,137.456763
6.039219,0.189991,16.137453,11.058756,11.058756,126.067759
5.282243,0.195938,15.080469,13.427271,13.427271,135.910518
4.747762,0.195660,14.698030,13.362352,13.362352,129.467160
5.383980,0.137312,15.262988,11.853405,11.853405,128.313836
5.442980,0.155291,15.383395,12.939484,12.939484,128.462365
6.697567,0.231397,23.252190,12.760296,12.760296,138.096087
5.896785,0.205336,29.939674,17.206769,17.206769,147.428602
7.968436,0.147381,28.510152,11.904599,11.904599,140.905036
10.394566,0.349316,33.506776,13.338306,13.338306,151.929044
8.608490,0.310548,31.752906,13.873398,13.873398,150.334276
6.718889,0.229150,29.111689,15.547443,15.547443,152.314401
6.895825,0.200997,24.968621,16.303643,16.303643,138.782994
11.257356,0.440823,34.631071,13.204953,13.204953,154.346985
9.017849,0.363938,31.460190,13.601078,13.601078,149.633753
7.228456,0.213816,24.052388,18.804724,18.804724,143.079787
6.821129,0.334164,23.008995,14.349777,14.349777,142.215074
6.646460,0.294328,21.084437,13.358247,13.358247,139.166873
6.333085,0.313194,20.902028,11.295680,11.295680,135.114874
6.634846,0.292877,24.127827,12.842753,12.842753,141.654068
11.745674,0.623758,30.254283,11.636234,11.636234,162.615648
8.623881,0.391884,27.028320,10.167055,10.167055,153.786688
10.038078,0.382064,30.606053,10.983104,10.983104,161.755537
10.625920,0.495886,30.003899,9.821561,9.821561,162.391259
7.229225,0.376744,27.150347,10.551544,10.551544,167.417731
5.396118,0.332988,23.135030,9.818384,9.818384,162.733596
4.778173,0.262095,18.534959,6.375246,6.375246,157.350846
4.443879,0.208368,16.518165,6.250393,6.250393,156.358934
8.687929,0.465373,35.979606,6.925935,6.925935,185.879522
9.374051,0.469597,41.681297,8.295461,8.295461,191.742279
7.131420,0.281955,19.919737,7.744041,7.744041,189.084858
6.153680,0.414617,18.984872,5.932347,5.932347,168.233046
6.306925,0.259880,24.221124,5.904583,5.904583,186.718867
7.535768,0.232351,26.413882,8.649509,8.649509,184.318816
6.739942,0.233652,24.828793,7.137132,7.137132,186.676433
5.956609,0.298500,21.284240,6.637807,6.637807,176.286762
6.284123,0.415893,20.213234,4.767489,4.767489,165.864323
5.832789,0.406868,21.738652,5.803221,5.803221,167.904812
5.286723,0.277676,19.688203,3.681717,3.681717,180.478007
5.034668,0.435138,17.491359,4.004272,4.004272,165.070917
8.341089,0.508683,28.851228,4.917144,4.917144,184.228970
5.983467,0.320706,22.252776,4.792781,4.792781,173.944305
5.410355,0.290294,16.726529,3.852214,3.852214,163.348270
9.091113,0.433414,28.437847,5.496036,5.496036,185.121731
5.212595,0.268649,18.826519,7.198002,7.198002,155.684314
7.423250,0.208760,20.607506,7.012892,7.012892,167.766078
5.718914,0.302641,18.920743,7.602661,7.602661,181.682238
6.988044,0.304075,21.056565,5.929869,5.929869,168.949365
7.260254,0.298112,28.657447,9.326056,9.326056,189.500854
6.000719,0.457072,20.174594,5.823101,5.823101,164.709048
5.849853,0.368582,22.564265,8.433644,8.433644,163.876936
12.751646,0.681282,31.823729,9.710773,9.710773,188.072288
6.275021,0.320383,23.453169,7.488125,7.488125,171.140398
8.578803,0.302622,25.668901,8.726057,8.726057,169.425352
6.077375,0.369912,26.391074,7.663433,7.663433,159.198931
8.735939,0.405891,27.238454,9.519554,9.519554,165.972802
5.873314,0.238996,32.939977,7.612628,7.612628,176.745502
6.681352,0.259203,25.141634,11.054761,11.054761,160.572043
13.925821,0.426218,27.681647,7.077544,7.077544,187.247516
5.140056,0.256381,16.124932,11.536852,11.536852,157.228726
3.659009,0.182311,12.913520,7.750255,7.750255,135.265891
4.030199,0.147918,12.786538,9.442497,9.442497,140.883596
11.018783,0.323079,41.395883,9.296047,9.296047,181.261091
4.446212,0.235015,16.884375,10.703242,10.703242,134.712615
4.481393,0.259592,13.590877,11.426191,11.426191,138.477733
4.163748,0.267474,13.532148,12.672350,12.672350,143.038211
4.569040,0.467029,31.552281,12.167503,12.167503,159.185060
4.281390,0.200086,18.576589,11.492756,11.492756,136.854916
5.281171,0.268602,25.401400,12.611087,12.611087,148.930529
8.969343,0.398652,42.306301,11.403336,11.403336,180.601836
5.559455,0.204975,18.936665,12.022957,12.022957,144.219365
5.695913,0.169553,21.693439,14.218923,14.218923,144.043937
4.397294,0.202516,16.195599,9.695323,9.695323,134.534706
4.706523,0.278120,18.840048,11.852942,11.852942,147.699438
4.287936,0.217534,22.526640,11.242697,11.242697,140.324489
5.351493,0.144226,18.191049,12.428539,12.428539,140.249170
4.996609,0.147078,19.655907,13.323857,13.323857,141.713308
11.560611,0.382316,33.249907,12.629543,12.629543,172.661085
6.337935,0.217310,31.673253,12.652117,12.652117,164.076657
7.654843,0.258822,36.323187,12.133325,12.133325,189.495681
11.413737,0.521526,47.178636,16.596334,16.596334,195.266835
12.750003,0.446747,41.015244,17.500839,17.500839,195.864494
8.532982,0.281128,31.415914,15.063799,15.063799,190.912252
6.778681,0.327331,31.942202,16.562371,16.562371,198.061189
7.157965,0.355611,28.417887,14.843349,14.843349,176.623478
9.417506,0.353599,30.595884,20.338148,20.338148,205.124563
11.250373,0.479496,37.641055,14.884037,14.884037,210.910098
10.633028,0.369900,32.535641,12.905817,12.905817,196.040770
12.843021,0.525132,48.932183,11.256695,11.256695,222.121281
15.098790,0.497769,40.433278,16.263917,16.263917,225.291252
9.073242,0.230105,36.687858,11.792120,11.792120,198.505038
14.727081,0.461427,36.979579,16.247545,16.247545,204.430880
7.236312,0.290848,31.599889,17.377981,17.377981,203.423883
7.547934,0.319810,36.792218,16.753470,16.753470,204.071871
8.296403,0.263095,31.880038,14.374784,14.374784,199.466245
7.638816,0.359781,31.161005,15.252688,15.252688,196.455798
7.055853,0.271023,31.439832,16.446391,16.446391,194.511809
6.924880,0.296952,34.244636,16.323801,16.323801,198.423500
6.631301,0.271699,33.117082,14.689683,14.689683,205.816982
7.444508,0.259317,31.419709,14.711222,14.711222,200.529681
8.230853,0.244640,33.747145,13.920118,13.920118,208.220614
8.360109,0.210797,31.895016,13.922612,13.922612,216.393605
11.399530,0.390771,36.789707,18.822841,18.822841,252.420866
7.863716,0.261836,33.775487,17.319684,17.319684,211.995854
7.590988,0.289954,32.419091,15.530077,15.530077,203.140517
7.100487,0.424288,34.051390,19.456079,19.456079,212.956788
8.805991,0.327087,35.443885,18.154044,18.154044,215.047733
11.854465,0.555321,53.148865,14.966449,14.966449,236.067044
7.759070,0.307458,33.854944,12.975572,12.975572,223.252013
7.773635,0.359874,31.408478,16.928540,16.928540,207.654821
7.686779,0.347814,29.134171,14.844427,14.844427,200.927701
11.009123,0.438100,32.624916,20.317454,20.317454,211.489388
5.933977,0.310771,25.387778,17.653814,17.653814,196.093405
6.049268,0.294923,23.551099,11.813090,11.813090,195.059278
5.672424,0.316961,19.396805,12.402086,12.402086,188.597452
5.210682,0.335548,25.650635,15.166030,15.166030,201.103541
5.383025,0.307848,30.076876,12.238071,12.238071,191.984568
10.619851,0.469610,32.948043,9.577889,9.577889,205.708137
9.197608,0.411871,32.939116,9.384034,9.384034,205.353556
7.527865,0.306137,32.858805,10.157191,10.157191,198.863927
5.565155,0.232777,23.371172,9.919876,9.919876,194.376274
6.913960,0.246474,23.180458,9.961505,9.961505,194.254750
4.817989,0.211348,18.972271,11.243307,11.243307,198.205044
6.243381,0.189481,22.128725,11.942105,11.942105,199.332169
11.287070,0.325266,40.567950,10.958229,10.958229,222.245426
6.919770,0.249225,24.674367,7.725241,7.725241,187.005637
6.886103,0.263279,20.848681,12.292079,12.292079,195.129675
7.451432,0.402290,22.545336,13.436352,13.436352,190.933975
7.353894,0.394037,20.890315,12.245725,12.245725,191.574492
9.530000,0.503673,27.964860,15.280676,15.280676,203.197101
7.137588,0.295166,25.356889,11.297250,11.297250,193.889309
7.238433,0.258991,24.485540,12.914274,12.914274,192.771665
6.096730,0.283584,21.008298,15.129651,15.129651,190.522980
5.979288,0.227998,21.086892,10.401257,10.401257,180.916364
6.694742,0.292575,21.970438,11.058573,11.058573,168.740246
8.668504,0.478700,31.535262,11.685320,11.685320,182.295516
6.548104,0.596554,28.504698,12.426424,12.426424,193.927259
8.380471,0.430644,25.666370,12.457464,12.457464,175.471046
5.947279,0.506963,26.988295,13.951790,13.951790,168.551995
6.585314,0.378962,31.138300,15.033834,15.033834,178.211961
6.730405,0.367588,28.200213,13.383404,13.383404,176.986729
6.839854,0.429997,29.242719,17.862799,17.862799,192.152451
7.238013,0.271271,31.086995,15.571201,15.571201,174.032402
7.351554,0.236930,37.684768,18.903532,18.903532,197.138029
6.985157,0.265226,33.112383,26.208318,26.208318,203.447587
7.456478,0.301108,31.673874,26.282040,26.282040,198.986802
6.668056,0.310522,29.316303,22.812822,22.812822,186.179496
7.321536,0.300659,33.031503,19.963615,19.963615,199.427057
7.791379,0.343611,35.960455,19.679108,19.679108,207.117026
15.302629,0.442290,50.643953,17.612818,17.612818,217.394451
8.507426,0.231705,39.092181,18.879299,18.879299,200.725191
8.401440,0.264895,42.281998,15.930906,15.930906,211.223331
7.573857,0.245717,36.899324,22.706002,22.706002,205.083688
7.860103,0.207030,34.461459,21.561869,21.561869,202.440179
7.126565,0.217288,36.076428,21.147275,21.147275,196.973740
7.063780,0.203561,34.745172,21.961875,21.961875,202.623469
15.228450,0.677245,41.262665,16.738300,16.738300,212.334783
9.983794,0.312306,36.978476,13.457609,13.457609,204.608715
9.379141,0.220496,36.814447,17.199599,17.199599,203.727452
8.474648,0.186488,43.593644,15.980296,15.980296,207.884375
8.277954,0.217670,35.816305,20.610288,20.610288,209.074879
8.723581,0.216440,39.166265,18.773526,18.773526,208.715635
10.122279,0.188167,37.632023,23.409458,23.409458,208.588190
8.578028,0.216042,33.108573,21.416203,21.416203,200.090992
9.264681,0.195119,33.909093,21.465156,21.465156,199.322861
15.972358,0.388938,38.802236,17.424108,17.424108,215.280772
16.538186,0.591164,54.788387,17.893795,17.893795,231.182812
8.992322,0.249056,39.664343,18.533758,18.533758,208.577366
10.669883,0.407161,38.712608,18.121392,18.121392,217.148492
9.169206,0.330718,37.243026,20.953123,20.953123,208.472933
7.476354,0.341377,32.400652,21.401355,21.401355,203.781737
8.197795,0.268293,34.867618,26.382583,26.382583,216.208989
9.310710,0.288822,37.090562,20.420789,20.420789,209.803680
13.890505,0.613990,45.089537,24.136148,24.136148,228.975916
15.372339,0.702785,32.698973,19.855554,19.855554,211.377172
10.584284,0.351044,30.744458,22.819791,22.819791,197.952835
8.336203,0.288169,29.399786,24.569030,24.569030,202.330084
7.730761,0.278115,30.599797,26.878447,26.878447,206.284682
5.970851,0.239546,24.183563,23.371850,23.371850,202.979887
4.405317,0.298816,19.487514,20.591156,20.591156,182.290151
6.445877,0.461572,19.582131,18.583791,18.583791,186.715407
7.298789,0.359808,19.535052,24.239505,24.239505,204.706145
7.854274,0.383681,30.469511,25.227582,25.227582,206.477067
8.894804,0.536566,34.636005,26.039358,26.039358,209.731577
9.117838,0.357575,31.982594,22.361050,22.361050,201.952328
8.448508,0.344216,30.728098,24.120889,24.120889,205.709147
9.488267,0.314575,30.224580,24.859617,24.859617,197.719955
7.283591,0.345506,29.870011,23.512681,23.512681,194.897017
6.958396,0.294138,29.069977,21.014432,21.014432,197.277894
7.286382,0.266792,31.098475,19.940343,19.940343,182.600875
6.989034,0.475543,31.555819,24.791710,24.791710,199.029493
5.798781,0.217515,32.759688,19.187658,19.187658,185.216174
8.315041,0.207015,33.464038,18.804089,18.804089,180.335668
12.034958,0.385358,38.590487,26.237451,26.237451,208.211502
9.123335,0.197724,37.167109,24.202351,24.202351,204.710963
6.412113,0.255299,32.982439,21.345106,21.345106,181.319538
8.252862,0.190059,32.893118,18.271830,18.271830,178.926449
8.771204,0.189804,32.472900,20.671338,20.671338,175.239875
8.678158,0.191274,27.746839,19.973640,19.973640,167.890707
7.129473,0.192382,28.191667,20.084279,20.084279,176.199200
6.698342,0.156965,30.582359,17.914855,17.914855,167.916538
15.354584,0.343539,49.246639,21.693723,21.693723,245.148360
7.739049,0.209560,38.228377,18.305216,18.305216,197.255923
15.149952,0.370003,41.080319,20.543975,20.543975,211.612208
8.948745,0.200536,36.545634,21.828406,21.828406,198.919610
8.187202,0.252449,35.346027,20.160490,20.160490,198.945011
7.602937,0.276064,35.174481,20.830334,20.830334,199.714897
6.347843,0.300533,29.335681,19.737117,19.737117,194.812182
6.809198,0.310252,30.912656,15.371766,15.371766,199.052800
6.385649,0.592441,29.370767,20.316451,20.316451,212.206639
12.769269,0.550409,47.435543,14.247766,14.247766,226.992254
13.274258,0.481247,29.969504,11.482603,11.482603,202.959611
12.782402,0.606787,39.212766,13.162373,13.162373,219.815909
7.758054,0.346745,29.932148,16.841182,16.841182,206.891118
9.097457,0.361661,30.131192,17.767599,17.767599,202.685029
8.802772,0.308056,35.054606,17.131134,17.131134,213.731745
7.738045,0.300793,37.556045,19.993122,19.993122,211.902490
7.433201,0.305063,43.767487,22.269555,22.269555,233.020696
8.276874,0.272452,34.566578,24.793259,24.793259,229.219667
9.051902,0.304622,36.148860,23.121506,23.121506,218.419553
7.222291,0.237260,38.040591,19.984717,19.984717,225.765932
11.608053,0.466776,38.951720,24.271463,24.271463,240.119157
6.716523,0.243051,38.187380,23.950770,23.950770,237.984201
5.877422,0.316365,33.502655,20.828864,20.828864,227.265258
4.935949,0.360852,26.157858,15.588543,15.588543,224.725800
10.543750,0.673234,36.015389,17.560446,17.560446,234.057022
7.753356,0.234757,33.213040,16.837770,16.837770,236.297443
6.202960,0.194140,34.317200,17.029651,17.029651,223.788029
7.046799,0.314945,30.060645,19.378222,19.378222,228.892073
6.557377,0.206654,37.826781,24.614982,24.614982,249.437357
7.440479,0.211734,35.812128,20.712902,20.712902,234.747847
8.231210,0.216469,36.072022,19.754409,19.754409,230.110678
8.492803,0.228340,41.649185,23.566684,23.566684,271.533694
8.749608,0.192057,41.220922,27.082927,27.082927,261.135250
8.208095,0.204847,37.308678,28.184731,28.184731,268.200808
12.840268,0.458147,42.723171,21.417489,21.417489,264.854860
9.366845,0.268013,44.200046,26.629438,26.629438,264.825876
7.244257,0.236043,36.293202,24.035025,24.035025,241.354609
7.350264,0.250868,33.429885,22.527727,22.527727,231.894735
5.645659,0.220929,30.123952,24.596695,24.596695,215.504685
5.641586,0.258825,28.601203,23.588138,23.588138,212.146931
9.206956,0.438116,39.046233,20.353709,20.353709,220.199261
7.255897,0.423703,33.841930,24.672250,24.672250,214.684892
6.536218,0.307490,35.119831,23.533719,23.533719,209.361610
8.518004,0.352758,39.487517,21.256449,21.256449,217.473059
6.111943,0.342853,29.422779,25.635119,25.635119,202.990110
4.864354,0.245403,31.778947,29.061210,29.061210,216.222646
7.739892,0.305705,33.283073,23.364853,23.364853,221.875743
10.867583,0.475110,44.163099,20.477299,20.477299,217.230923
9.301008,0.446300,34.844941,15.577540,15.577540,219.127698
7.968002,0.392547,38.062254,22.024227,22.024227,206.450287
8.553712,0.472765,43.631256,22.348921,22.348921,220.022620
9.498836,0.346228,35.491291,23.501904,23.501904,210.100035
7.890671,0.277212,33.705229,21.067501,21.067501,207.618185
8.058345,0.221000,31.862094,28.379251,28.379251,211.685311
11.207082,0.261614,36.012574,18.345522,18.345522,211.161706
9.201091,0.197837,29.662194,27.209711,27.209711,213.578857
9.885932,0.254092,31.318444,22.724074,22.724074,218.472806
10.313768,0.539803,31.677686,25.814762,25.814762,210.795590
8.727767,0.288661,30.485168,22.571790,22.571790,209.803393
8.698340,0.260630,30.887524,24.405573,24.405573,207.351058
8.252336,0.200689,27.623834,23.698046,23.698046,205.476868
9.302626,0.219914,36.044680,32.692186,32.692186,218.544758
7.777898,0.321203,29.070496,23.602456,23.602456,203.072202
6.326039,0.267654,22.831826,27.026472,27.026472,215.335282
10.863749,0.342660,46.876310,22.530530,22.530530,224.192380
8.410337,0.263413,31.981282,28.512680,28.512680,216.712592
8.513156,0.312310,31.124104,25.556567,25.556567,200.566581
7.082516,0.227164,32.155096,26.768021,26.768021,205.512781
6.648330,0.216001,33.086938,27.594361,27.594361,202.799654
7.310333,0.302025,35.689159,22.777765,22.777765,200.440065
8.694331,0.282923,36.447451,27.196006,27.196006,212.071888
7.437724,0.374893,33.986008,25.670709,25.670709,201.396263
7.422274,0.228033,35.672533,26.736493,26.736493,204.480756
6.397386,0.227500,30.505154,27.120631,27.120631,207.772950
6.587779,0.215081,33.434206,25.039520,25.039520,200.820662
7.964011,0.212405,29.371340,25.558888,25.558888,193.732389
7.227401,0.175263,36.257961,22.982443,22.982443,207.074005
8.206981,0.373803,33.191908,28.228539,28.228539,208.433732
11.033698,0.347436,35.377999,23.139152,23.139152,212.563713
7.773448,0.197493,27.185849,25.927152,25.927152,206.642549
9.038508,0.234059,24.270466,28.151402,28.151402,204.159393
7.987820,0.187821,22.636000,20.973268,20.973268,185.003559
7.959257,0.168518,22.611474,22.833055,22.833055,185.258627
7.582054,0.184080,24.066539,21.396316,21.396316,182.308689
7.845287,0.194195,20.416565,21.387315,21.387315,182.359758
6.540441,0.157861,15.813880,21.054872,21.054872,162.595703
6.502458,0.087018,13.950256,23.433027,23.433027,163.656008
6.296556,0.109412,14.388443,17.571747,17.571747,77.545844
5.670104,0.075547,14.001121,17.954718,17.954718,81.296056
5.812372,0.073487,14.056266,17.560064,17.560064,91.710116
6.537920,0.087518,15.416437,22.081671,22.081671,84.413347
5.860682,0.113970,14.117301,15.415873,15.415873,73.829312
6.105397,0.089563,13.352629,16.276891,16.276891,73.476097
6.999082,0.093453,13.901091,17.087009,17.087009,77.953007
6.059697,0.061208,14.012263,15.208331,15.208331,77.710661
5.734624,0.047585,20.324773,18.344525,18.344525,83.460893
7.075010,0.036874,11.695308,18.987555,18.987555,81.873548
8.391410,0.036065,17.559868,16.364626,16.364626,85.563109
10.140815,0.067395,25.352995,16.196757,16.196757,95.067387
9.935826,0.045872,22.778733,17.609025,17.609025,94.486669
