1403638147795097088.000000 -5.232755661 1.395280361 7.372709274 -0.593751192 -0.592445910 -0.382012188 0.387987137
1403638148095097088.000000 -5.232457161 1.423748016 7.408482552 -0.584949672 -0.575276315 -0.402841538 0.405721337
1403638150995097088.000000 -5.704788208 2.018248081 7.767679214 -0.522087097 -0.640429139 -0.362253964 0.431332499
1403638151745096960.000000 -6.148355961 2.269131184 7.776012897 -0.419487715 -0.708741486 -0.294702351 0.484629899
1403638152645096960.000000 -6.808487415 2.522342443 7.902141094 -0.409347236 -0.719021261 -0.294161052 0.478448182
1403638153095097088.000000 -7.232150555 2.638063431 7.951292038 -0.380385876 -0.732750475 -0.260750502 0.500392377
1403638153245096960.000000 -7.376314163 2.679062366 7.983974457 -0.370779335 -0.741733789 -0.251051396 0.499326527
1403638153395097088.000000 -7.522892952 2.723417044 8.005655289 -0.357896715 -0.749571621 -0.242840737 0.501079619
1403638155445096960.000000 -9.786804199 2.883879662 8.177559853 -0.196605265 -0.782875061 -0.173569024 0.564204693
1403638155545096960.000000 -9.889397621 2.844087124 8.179599762 -0.186788052 -0.784064353 -0.164469808 0.568597317
1403638155845096960.000000 -10.175169945 2.688987732 8.157564163 -0.148164272 -0.787508130 -0.116935499 0.586689472
1403638156145096960.000000 -10.413107872 2.501350403 8.136485100 -0.091183051 -0.815375566 -0.060845301 0.568459570
1403638156295097088.000000 -10.525147438 2.408009291 8.151749611 -0.066775635 -0.822699904 -0.037408985 0.563299716
1403638156445096960.000000 -10.637387276 2.320650101 8.165348053 -0.050368655 -0.828457952 -0.021351825 0.557372868
1403638156895097088.000000 -11.009105682 2.101219654 8.130687714 -0.040460519 -0.831278682 -0.013040316 0.554228067
1403638157345096960.000000 -11.453814507 1.939644217 8.126963615 -0.046005584 -0.834918320 -0.018482823 0.548136234
1403638157495097088.000000 -11.622076988 1.894440293 8.142127991 -0.037655730 -0.831918895 -0.021966014 0.553182244
1403638158095097088.000000 -12.324983597 1.683254123 8.197945595 0.049416319 -0.820702374 0.035546720 0.568103969
1403638158245096960.000000 -12.496222496 1.625994205 8.213333130 0.057377357 -0.820419431 0.051591802 0.566531777
1403638158395097088.000000 -12.666210175 1.573655844 8.217626572 0.065628402 -0.819802225 0.052170772 0.566476285
1403638158845096960.000000 -13.154012680 1.418133140 8.191450119 0.064821862 -0.820424020 0.050365515 0.565832078
1403638159295097088.000000 -13.641856194 1.264378309 8.236710548 0.055376817 -0.840331078 0.051429324 0.536779463
1403638159595097088.000000 -14.007499695 1.182147384 8.266811371 0.038087849 -0.802083135 0.073057979 0.591501951
1403638159895097088.000000 -14.330753326 1.164990664 8.353053093 0.038222063 -0.792387962 0.075122081 0.604166567
1403638160345096960.000000 -14.672091484 1.247212529 8.618405342 0.060780238 -0.820567131 0.050536856 0.566057861
1403638160495097088.000000 -14.773328781 1.279553533 8.730429649 0.061776172 -0.826185226 0.049857035 0.557777822
1403638160795097088.000000 -14.992755890 1.339924574 8.924268723 0.056078978 -0.822923124 0.055081915 0.562688768
1403638160945096960.000000 -15.106840134 1.374664426 9.010737419 0.037328765 -0.810529292 0.056563191 0.581764042
1403638161095097088.000000 -15.212852478 1.420381069 9.087921143 0.014618558 -0.805652440 0.042937092 0.590649486
1403638161695097088.000000 -15.551140785 1.673251033 9.321948051 -0.077477843 -0.823979914 -0.029655999 0.560513020
1403638161995097088.000000 -15.716904640 1.825363755 9.381762505 -0.100176640 -0.814534366 -0.042746440 0.569799364
1403638162145096960.000000 -15.798568726 1.910699368 9.413954735 -0.109430350 -0.814315915 -0.046952147 0.568075716
1403638162445096960.000000 -15.958669662 2.104400873 9.493616104 -0.122678980 -0.814608753 -0.041975651 0.565332115
1403638162595097088.000000 -16.037109375 2.216965675 9.526471138 -0.118978575 -0.814207613 -0.047543559 0.566259384
1403638163395097088.000000 -16.394300461 2.944619656 9.763700485 -0.159184366 -0.798848391 -0.089930378 0.573074281
1403638166095097088.000000 -15.952146530 5.856996059 10.071135521 -0.229784980 -0.782424212 -0.154282257 0.557860434
1403638166695097088.000000 -15.540259361 6.383890629 10.272717476 -0.218345135 -0.791053474 -0.152035177 0.550858617
1403638166845096960.000000 -15.447819710 6.502449989 10.311339378 -0.229022875 -0.793830931 -0.133793965 0.547247827
1403638167295097088.000000 -15.224935532 6.915152550 10.395431519 -0.228989586 -0.810370028 -0.131800845 0.522965491
1403638167445096960.000000 -15.183429718 7.078083992 10.446503639 -0.227879703 -0.807901263 -0.134619251 0.526539624
1403638167745096960.000000 -15.131467819 7.422240734 10.515520096 -0.244457468 -0.790169299 -0.129198030 0.546974182
1403638168945096960.000000 -14.837273598 9.140945435 10.707103729 -0.332310915 -0.770253718 -0.228385240 0.494083732
1403638169245096960.000000 -14.841194153 9.590347290 10.682755470 -0.330876887 -0.756301343 -0.218737260 0.520271897
1403638169545096960.000000 -14.848389626 10.041920662 10.619852066 -0.367598325 -0.718882442 -0.213090420 0.550156415
1403638169695097088.000000 -14.821241379 10.269873619 10.601443291 -0.384715587 -0.710073411 -0.236330539 0.540312529
1403638169845096960.000000 -14.773812294 10.492592812 10.599563599 -0.399957031 -0.704035997 -0.270721465 0.520651281
1403638170595097088.000000 -14.463629723 11.369912148 10.626574516 -0.531872153 -0.601131022 -0.356322259 0.478317827
1403638170895097088.000000 -14.268272400 11.619763374 10.657833099 -0.571125746 -0.559356630 -0.387432218 0.459164411
1403638171345096960.000000 -13.870872498 11.866854668 10.663519859 -0.608050644 -0.514372110 -0.419315904 0.435740709
1403638171495097088.000000 -13.715413094 11.912200928 10.655844688 -0.613087952 -0.504972577 -0.424387217 0.434765875
1403638172095097088.000000 -12.937204361 11.855867386 10.632617950 -0.632666290 -0.463205934 -0.450172782 0.427221328
1403638172245096960.000000 -12.703974724 11.770239830 10.637820244 -0.634228706 -0.463106751 -0.453132153 0.421849877
1403638172545096960.000000 -12.216226578 11.529288292 10.579479218 -0.631684124 -0.461519957 -0.455557138 0.424785018
1403638172995097088.000000 -11.416983604 10.997499466 10.367521286 -0.631435215 -0.464399427 -0.440726280 0.437473476
1403638173445096960.000000 -10.501113892 10.268595695 10.044708252 -0.628675818 -0.493133456 -0.439674407 0.410210460
1403638173945096960.000000 -9.444720268 9.386416435 9.557620049 -0.626328170 -0.502630949 -0.447701991 0.393240601
1403638174195097088.000000 -8.943831444 8.912902832 9.344950676 -0.629558861 -0.505164266 -0.444107890 0.388886869
1403638174445096960.000000 -8.458578110 8.435148239 9.120112419 -0.635956228 -0.514571548 -0.433461487 0.378003806
1403638174595097088.000000 -8.173521042 8.161645889 8.988106728 -0.638209760 -0.519200504 -0.428853542 0.373100340
1403638174745096960.000000 -7.891821861 7.899010658 8.870162964 -0.641311467 -0.525689244 -0.424000025 0.364135116
1403638177195097088.000000 -4.736157894 6.709569454 8.371084213 -0.625923395 -0.537516177 -0.449219525 0.342780054
1403638177345096960.000000 -4.668833733 6.754036903 8.356955528 -0.625100374 -0.538052857 -0.450656176 0.341551721
1403638177795097088.000000 -4.541911125 6.918667316 8.256041527 -0.644109845 -0.511712551 -0.431560606 0.370173275
1403638178745096960.000000 -4.179877758 7.076936722 8.185643196 -0.713095009 -0.395185649 -0.483560890 0.318579227
1403638179195097088.000000 -3.933173656 7.008595467 8.107057571 -0.750877500 -0.361761957 -0.487203807 0.260660172
1403638179495097088.000000 -3.726495266 6.981854916 8.022199631 -0.761588216 -0.328767985 -0.506227851 0.235856757
1403638179945096960.000000 -3.386491060 6.949895382 7.917463779 -0.785972834 -0.240952954 -0.537582457 0.187599570
1403638180245096960.000000 -3.149883986 6.920868874 7.896320820 -0.801916420 -0.213679895 -0.532755852 0.165657192
1403638180695097088.000000 -2.745131254 6.884392738 7.825213432 -0.804607272 -0.219944105 -0.530168891 0.152159855
1403638181145096960.000000 -2.270457983 6.895360470 7.798830032 -0.804937124 -0.225430638 -0.523050845 0.166358784
1403638181595097088.000000 -1.726803184 6.905264378 7.706256390 -0.792724133 -0.161193207 -0.561349094 0.174621031
1403638181895097088.000000 -1.371810675 6.828889370 7.665331364 -0.805710793 -0.118310153 -0.569447637 0.112081043
1403638182195097088.000000 -1.040795565 6.718401432 7.689251423 -0.824181914 -0.086701423 -0.553836286 0.080452368
1403638182345096960.000000 -0.872166693 6.661021233 7.702315807 -0.830042481 -0.074884348 -0.546350062 0.083207652
1403638182645096960.000000 -0.505976915 6.535267353 7.748470306 -0.834881127 -0.088783592 -0.539321542 0.064986601
1403638182795097088.000000 -0.307314157 6.476002216 7.791449070 -0.834008574 -0.092886470 -0.539802611 0.066445775
1403638184295097088.000000 1.853901148 6.209545135 7.938554764 -0.826464176 -0.106686845 -0.549459577 0.060572445
1403638184745096960.000000 2.484974623 6.282982349 7.976878643 -0.818001807 -0.103598647 -0.562432051 0.061728999
1403638184895097088.000000 2.689037085 6.321838379 7.989062786 -0.817909241 -0.104045875 -0.562674940 0.059965711
1403638185045096960.000000 2.889172792 6.366547585 8.005570412 -0.816728830 -0.102686986 -0.564477444 0.061437987
1403638185195097088.000000 3.085214853 6.416861057 8.024976730 -0.817421436 -0.105176419 -0.563356817 0.058216669
1403638185345096960.000000 3.277511358 6.473538876 8.045161247 -0.816415548 -0.110188283 -0.564463198 0.052013915
1403638185945096960.000000 3.969341278 6.817510128 8.133522987 -0.809447050 -0.136549115 -0.559389412 0.115036435
1403638186245096960.000000 4.283319950 6.994846344 8.143425941 -0.811588526 -0.148892879 -0.554430366 0.108452201
1403638186395097088.000000 4.440300465 7.078524113 8.157813072 -0.811397731 -0.152761072 -0.554678857 0.103098191
1403638186845096960.000000 4.895548344 7.339824677 8.213851929 -0.806061566 -0.169937745 -0.560339928 0.086053573
1403638187645096960.000000 5.583464622 7.978428364 8.372036934 -0.758232474 -0.286731780 -0.549704611 0.201725662
1403638187895097088.000000 5.738748550 8.158843994 8.427338600 -0.757003784 -0.301095873 -0.546574831 0.193758845
1403638188745096960.000000 5.891145706 8.726383209 8.461046219 -0.724426568 -0.281122059 -0.588507056 0.223239958
1403638189445096960.000000 5.469858646 8.846429825 8.607079506 -0.729234993 -0.355598450 -0.525191545 0.256787896
1403638190145096960.000000 5.016259193 8.888057709 8.749088287 -0.735634744 -0.383107662 -0.493195564 0.262351245
1403638190595097088.000000 4.776082993 8.987931252 8.727093697 -0.696264505 -0.408757508 -0.529389620 0.260537297
1403638190795097088.000000 4.625860214 9.033065796 8.703580856 -0.696839929 -0.410558134 -0.520577192 0.273597240
1403638191195097088.000000 4.274887562 9.097905159 8.726087570 -0.702067375 -0.407023638 -0.507606924 0.289427698
1403638191795097088.000000 3.738602638 9.168674469 8.808662415 -0.712430894 -0.417790890 -0.496535599 0.267105818
1403638191845096960.000000 3.694831610 9.178704262 8.806365013 -0.712257743 -0.418938279 -0.496935248 0.265018880
1403638191995097088.000000 3.562479496 9.214646339 8.797481537 -0.712250173 -0.418214798 -0.497262448 0.265567690
1403638192445096960.000000 3.155154705 9.379035950 8.878285408 -0.705363572 -0.408741891 -0.506263256 0.281229168
1403638192495097088.000000 3.108633518 9.399833679 8.897073746 -0.704463363 -0.407734424 -0.507372916 0.282943130
1403638193795097088.000000 1.762394190 9.286249161 9.393401146 -0.685813844 -0.427679837 -0.497771382 0.314599812
1403638193895097088.000000 1.649415970 9.222912788 9.419255257 -0.689625621 -0.429776549 -0.492661864 0.311436832
1403638194195097088.000000 1.317490935 9.031456947 9.468286514 -0.685928464 -0.426102847 -0.499590158 0.313605100
1403638194295097088.000000 1.207933545 8.964998245 9.474057198 -0.683667183 -0.423898757 -0.503224730 0.315711766
1403638194545096960.000000 0.935913682 8.785254478 9.492567062 -0.694292724 -0.427146584 -0.489962339 0.308934242
1403638196695097088.000000 -0.579689980 8.223905563 9.499754906 -0.714826047 -0.435308039 -0.462384373 0.292799383
1403638197145096960.000000 -0.701557338 8.361267090 9.467995644 -0.705782831 -0.430105716 -0.476808369 0.299221486
1403638197695097088.000000 -0.826047122 8.581601143 9.589028358 -0.688706875 -0.434240133 -0.500613093 0.294117182
1403638197895097088.000000 -0.893141031 8.662601471 9.651988983 -0.687995255 -0.430159688 -0.500682592 0.301566124
1403638198345096960.000000 -1.077017903 8.800092697 9.602724075 -0.686877906 -0.424946070 -0.501356661 0.310259849
1403638198795097088.000000 -1.314877391 8.879835129 9.417774200 -0.663735688 -0.453998089 -0.530106604 0.268938065
1403638199095097088.000000 -1.593474627 8.932005882 9.357642174 -0.666014194 -0.453838319 -0.526788056 0.270093203
1403638199245096960.000000 -1.776593089 8.961433411 9.364654541 -0.666838229 -0.449483871 -0.526482403 0.275875598
1403638199545096960.000000 -2.218221426 9.018301964 9.433329582 -0.664309800 -0.454042047 -0.530027986 0.267598182
1403638199695097088.000000 -2.479542255 9.048165321 9.489021301 -0.662625194 -0.460869402 -0.522480607 0.274847627
1403638199845096960.000000 -2.762890816 9.079248428 9.547205925 -0.668528676 -0.460765153 -0.503792763 0.294885933
1403638199995097088.000000 -3.055997849 9.110048294 9.593019485 -0.670233488 -0.462584049 -0.492493123 0.307007462
1403638200145096960.000000 -3.353436232 9.140653610 9.629070282 -0.660209179 -0.475747317 -0.489934325 0.312654525
1403638200295097088.000000 -3.658029079 9.169849396 9.669937134 -0.638969183 -0.490672290 -0.493942857 0.327077329
1403638200595097088.000000 -4.302355289 9.215065002 9.793899536 -0.605828285 -0.527321935 -0.489407241 0.339682519
1403638200745096960.000000 -4.647640705 9.229083061 9.874570847 -0.590465665 -0.547848046 -0.485460639 0.339912891
1403638200895097088.000000 -5.011394501 9.237862587 9.949814796 -0.587282598 -0.558535635 -0.474501669 0.343489856
1403638201045096960.000000 -5.391312122 9.245241165 10.009712219 -0.593977988 -0.552844763 -0.458967626 0.361803204
1403638201495097088.000000 -6.556909084 9.246792793 10.091569901 -0.600820661 -0.543817520 -0.454617590 0.369594097
1403638201645096960.000000 -6.945854664 9.243782997 10.086041451 -0.599879026 -0.541229010 -0.459039509 0.369457752
1403638201795097088.000000 -7.335574150 9.235477448 10.061392784 -0.600826442 -0.539601743 -0.460552871 0.368413627
1403638201945096960.000000 -7.727169037 9.220685005 10.023669243 -0.601308882 -0.539737999 -0.458105117 0.370473087
1403638202095097088.000000 -8.122169495 9.193887711 9.990754128 -0.598812580 -0.544881344 -0.448356181 0.378820151
1403638202545096960.000000 -9.275012970 9.082459450 9.948886871 -0.604720116 -0.555082500 -0.418799460 0.388335109
1403638202745096960.000000 -9.756107330 9.045994759 9.904472351 -0.606614113 -0.555125713 -0.415886015 0.388450414
1403638202945096960.000000 -10.214498520 9.015857697 9.845276833 -0.605408192 -0.553608119 -0.419239849 0.388892084
1403638203145096960.000000 -10.653163910 8.986128807 9.799530983 -0.604146004 -0.551490188 -0.422059804 0.390809238
1403638203295097088.000000 -10.969465256 8.962052345 9.785339355 -0.599447429 -0.549296498 -0.428748012 0.393841863
1403638203595097088.000000 -11.572475433 8.899941444 9.749764442 -0.601650178 -0.545602262 -0.425282419 0.399337143
1403638203895097088.000000 -12.130005836 8.821158409 9.732334137 -0.600391507 -0.547302544 -0.426128387 0.398000777
1403638204345096960.000000 -12.880483627 8.673182487 9.813314438 -0.617616057 -0.546128571 -0.397346407 0.403001070
1403638204495097088.000000 -13.096993446 8.628911018 9.854981422 -0.625913382 -0.543380857 -0.386653423 0.404312730
1403638204645096960.000000 -13.290979385 8.592288971 9.886292458 -0.623286784 -0.543318748 -0.387097538 0.408012152
1403638204795097088.000000 -13.464553833 8.561546326 9.902156830 -0.607762575 -0.559279859 -0.390012175 0.407088637
1403638204945096960.000000 -13.625282288 8.535048485 9.903434753 -0.576644599 -0.586559713 -0.394300371 0.409824342
1403638205145096960.000000 -13.838857651 8.503967285 9.886878014 -0.525481045 -0.631167591 -0.373030245 0.431677669
1403638205295097088.000000 -14.003268242 8.480133057 9.883548737 -0.476841778 -0.665930927 -0.343506724 0.459522694
1403638205445096960.000000 -14.169278145 8.455583572 9.899168015 -0.423440576 -0.695781708 -0.315154165 0.487097293
1403638205595097088.000000 -14.331788063 8.424513817 9.931426048 -0.374489456 -0.718190193 -0.307605773 0.499338865
1403638205795097088.000000 -14.553218842 8.358420372 9.996035576 -0.331860095 -0.730578959 -0.306939930 0.511772573
1403638206195097088.000000 -15.045936584 8.098863602 10.178691864 -0.268735051 -0.759579062 -0.246793240 0.538436830
1403638206595097088.000000 -15.534175873 7.714205265 10.333829880 -0.238343954 -0.763239384 -0.194011182 0.568346143
1403638206995097088.000000 -15.940279007 7.265391350 10.381208420 -0.217924654 -0.765358090 -0.171943247 0.580664575
1403638207145096960.000000 -16.065023422 7.087876797 10.372103691 -0.214143872 -0.763719678 -0.169768721 0.584853292
1403638207345096960.000000 -16.204866409 6.839378357 10.332683563 -0.202273846 -0.763659596 -0.160217941 0.591810465
1403638207495097088.000000 -16.288455963 6.642393589 10.296079636 -0.179586470 -0.766077399 -0.146204084 0.599581957
1403638207645096960.000000 -16.348104477 6.436818600 10.271105766 -0.160677195 -0.777483404 -0.124046832 0.595243573
1403638208045096960.000000 -16.422870636 5.903983593 10.283437729 -0.147265404 -0.800846159 -0.092581913 0.573050678
1403638208445096960.000000 -16.431907654 5.424102783 10.274252892 -0.148581207 -0.797250271 -0.096297286 0.577098370
1403638208845096960.000000 -16.392480850 4.980480194 10.267406464 -0.119651705 -0.803745866 -0.070710562 0.578511894
1403638209045096960.000000 -16.358274460 4.777672291 10.270380020 -0.107859090 -0.804093957 -0.066205867 0.580875218
1403638209445096960.000000 -16.257432938 4.406290054 10.196763992 -0.105445445 -0.805384398 -0.058148466 0.580393016
1403638209645096960.000000 -16.196285248 4.239427567 10.109332085 -0.107041985 -0.801794469 -0.057542849 0.585112393
1403638210045096960.000000 -16.045993805 3.939661026 9.750658989 -0.101956069 -0.795184791 -0.068882771 0.593751788
1403638210445096960.000000 -15.810208321 3.655706167 9.391766548 -0.102434628 -0.789083481 -0.069064751 0.601734459
1403638210645096960.000000 -15.648621559 3.516565800 9.206592560 -0.103994034 -0.786678553 -0.068382964 0.604686677
1403638211045096960.000000 -15.236891747 3.246256113 8.858607292 -0.109026499 -0.794098318 -0.061858606 0.594722390
1403638211445096960.000000 -14.758345604 3.015321970 8.625836372 -0.121306337 -0.799252689 -0.065247849 0.584998071
1403638211645096960.000000 -14.503602028 2.920156717 8.502117157 -0.151846290 -0.793651581 -0.080736093 0.583559513
1403638211845096960.000000 -14.236281395 2.840461969 8.360314369 -0.201017812 -0.784065783 -0.101795785 0.578334153
1403638212045096960.000000 -13.957887650 2.782587290 8.236820221 -0.248893529 -0.771591723 -0.130032912 0.570779979
1403638212245096960.000000 -13.667168617 2.747473717 8.145873070 -0.287444979 -0.758486032 -0.166636795 0.560630560
1403638212645096960.000000 -13.043668747 2.705962896 8.065034866 -0.366359711 -0.724783897 -0.226251036 0.537847042
1403638212845096960.000000 -12.712905884 2.692128181 8.069131851 -0.405939341 -0.705073535 -0.256673336 0.521731138
1403638213045096960.000000 -12.371301651 2.682382584 8.093807220 -0.450449765 -0.679821908 -0.285546541 0.503389001
1403638213245096960.000000 -12.021487236 2.678332090 8.124010086 -0.502254665 -0.651984692 -0.303304046 0.480273694
1403638213345096960.000000 -11.843274117 2.680291653 8.129364014 -0.531540394 -0.637274027 -0.305519015 0.466909766
1403638213545096960.000000 -11.473963737 2.702142477 8.124387741 -0.581102312 -0.602116346 -0.315766186 0.447289258
1403638213695097088.000000 -11.180818558 2.736958742 8.117243767 -0.583951592 -0.584065080 -0.354203910 0.438643664
1403638213795097088.000000 -10.981642723 2.763875008 8.118700981 -0.579854608 -0.578477085 -0.376023412 0.433289111
1403638213995097088.000000 -10.583930969 2.820745230 8.138310432 -0.578394353 -0.576642096 -0.389612019 0.425612956
1403638214195097088.000000 -10.193254471 2.875069857 8.175359726 -0.583799958 -0.589157522 -0.378482163 0.410879791
1403638214395097088.000000 -9.814093590 2.941699982 8.208601952 -0.584913313 -0.600151181 -0.367251128 0.403511494
1403638214595097088.000000 -9.444701195 3.028957605 8.221088409 -0.573388875 -0.599693418 -0.374208987 0.414198995
1403638215195097088.000000 -8.397338867 3.291679382 8.130038261 -0.552483022 -0.597817361 -0.386100531 0.433939338
1403638217795097088.000000 -5.432401180 3.502505302 7.736628532 -0.601436496 -0.555683196 -0.441670060 0.366630614
1403638220445096960.000000 -5.302860260 2.636312723 7.776165485 -0.621766210 -0.531621337 -0.440053314 0.370322496
1403638221995097088.000000 -5.328883171 1.877063513 7.738016129 -0.628746092 -0.522196054 -0.439949363 0.372067481
1403638222445096960.000000 -5.340959072 1.707721114 7.754148483 -0.637617707 -0.532306731 -0.427867264 0.356402755
1403638222895097088.000000 -5.355022907 1.603744030 7.699907780 -0.625530422 -0.521555841 -0.444791079 0.372628778
1403638223345096960.000000 -5.382674217 1.492535353 7.658577919 -0.640384912 -0.526982188 -0.423703760 0.364241779
1403638223745096960.000000 -5.378032684 1.410877228 7.625303745 -0.633109987 -0.522153854 -0.434879363 0.370684773
1403638223945096960.000000 -5.363720417 1.374176264 7.599799156 -0.627391815 -0.529059887 -0.442994624 0.360875249
1403638224145096960.000000 -5.357481003 1.341712952 7.566740036 -0.632951498 -0.534613848 -0.434470266 0.353265017
1403638224545096960.000000 -5.367552280 1.318840265 7.513110161 -0.627579153 -0.520079970 -0.442646503 0.373798639
1403638224745096960.000000 -5.377197742 1.310912013 7.486135960 -0.635678232 -0.529664874 -0.430937380 0.360085249
1403638225145096960.000000 -5.397186756 1.320024610 7.481003761 -0.631060064 -0.518137515 -0.435351074 0.379165024
1403638225345096960.000000 -5.397035599 1.324707270 7.489719391 -0.633359134 -0.530090451 -0.430828273 0.363658339
1403638225545096960.000000 -5.397622108 1.336915731 7.487812519 -0.621113718 -0.521871388 -0.448112279 0.375584155
1403638225945096960.000000 -5.414784908 1.327420831 7.388251781 -0.630270541 -0.532163739 -0.434844971 0.361207306
1403638226095097088.000000 -5.431699753 1.330471754 7.364748478 -0.644269288 -0.529251933 -0.410962373 0.368672580
1403638226245096960.000000 -5.444268227 1.346414924 7.357003212 -0.638047874 -0.542863488 -0.420832098 0.347986281
1403638226345096960.000000 -5.450595379 1.345503092 7.358066082 -0.635983109 -0.539529085 -0.423139274 0.354100376
1403638226495097088.000000 -5.449699879 1.349324346 7.363459110 -0.635863662 -0.539262652 -0.423141420 0.354717523
1403638226695097088.000000 -5.448283195 1.352502704 7.369672775 -0.635405183 -0.539541423 -0.423762172 0.354374170
1403638227095097088.000000 -5.446671963 1.355084181 7.377002716 -0.636261404 -0.538853705 -0.422776878 0.355060458
1403638227595097088.000000 -5.446320057 1.355155110 7.378303528 -0.636159003 -0.539231658 -0.422726333 0.354729980
1403638228095097088.000000 -5.446790695 1.354773998 7.378046989 -0.636356771 -0.539269090 -0.422474682 0.354618341
1403638228445096960.000000 -5.446555138 1.355782151 7.377626419 -0.636533320 -0.539209425 -0.422237098 0.354674965
