#LBA time[ms],KF opt[#],KF fixed[#],MP[#],Edges[#]
0.004566,3,1,0,316
0.002544,4,1,0,405
0.053579,5,1,0,553
0.177855,6,1,0,832
0.108898,7,1,0,1180
0.364395,8,1,0,1489
0.272096,9,1,0,1812
0.355762,10,1,0,2055
0.570779,0,0,0,0
29.059183,0,0,0,0
0.564009,0,0,0,0
0.954171,0,0,0,0
0.720659,0,0,0,0
0.867502,0,0,0,0
0.660901,0,0,0,0
0.770190,0,0,0,0
2.166224,0,0,0,0
0.836201,0,0,0,0
0.919702,0,0,0,0
1.375409,0,0,0,0
1.211723,0,0,0,0
1.668323,0,0,0,0
2.562822,0,0,0,0
2.170592,0,0,0,0
2.282313,0,0,0,0
2.178476,0,0,0,0
2.640157,0,0,0,0
2.155534,0,0,0,0
2.026361,0,0,0,0
1.841380,0,0,0,0
1.895767,0,0,0,0
2.293080,0,0,0,0
2.081373,0,0,0,0
2.295707,0,0,0,0
2.174941,0,0,0,0
3.783631,0,0,0,0
2.204326,0,0,0,0
2.045956,0,0,0,0
2.012724,0,0,0,0
2.361726,0,0,0,0
2.062298,0,0,0,0
2.106562,0,0,0,0
2.341318,0,0,0,0
2.207318,0,0,0,0
2.728261,0,0,0,0
2.557403,0,0,0,0
2.214549,0,0,0,0
2.705165,0,0,0,0
1.664799,0,0,0,0
2.589262,0,0,0,0
2.682539,0,0,0,0
2.160404,0,0,0,0
2.637676,0,0,0,0
2.782399,0,0,0,0
2.799065,0,0,0,0
2.928952,0,0,0,0
2.540594,0,0,0,0
1.854357,0,0,0,0
2.827105,0,0,0,0
3.684166,0,0,0,0
2.047950,0,0,0,0
4.976270,0,0,0,0
2.722034,0,0,0,0
7.365925,0,0,0,0
2.524028,0,0,0,0
2.068814,3,1,0,332
2.823020,4,1,0,415
0.001694,5,1,0,528
0.002017,6,1,0,664
0.001327,7,1,0,770
0.240873,8,1,0,902
0.318819,9,1,0,1045
0.232233,10,1,0,1162
0.241596,0,0,0,0
0.585682,0,0,0,0
0.699064,0,0,0,0
1.056658,0,0,0,0
41.386748,0,0,0,0
0.290229,0,0,0,0
0.905730,0,0,0,0
1.285171,0,0,0,0
0.628694,0,0,0,0
0.792017,0,0,0,0
1.730613,0,0,0,0
1.123582,0,0,0,0
0.825719,3,1,0,362
0.680349,4,1,0,449
0.834985,5,1,0,595
1.051630,6,1,0,699
1.670184,7,1,0,831
0.001609,8,1,0,961
0.003004,9,1,0,1094
0.264107,10,1,0,1179
0.348282,0,0,0,0
0.283990,0,0,0,0
0.277502,3,1,0,417
0.309091,4,1,0,667
0.771045,5,1,0,956
0.619724,6,1,0,1120
40.049754,7,1,0,1688
0.491780,8,1,0,2142
0.785090,9,1,0,2698
0.002627,10,1,0,3247
0.002780,0,0,0,0
0.337002,0,0,0,0
0.256769,0,0,0,0
0.779332,0,0,0,0
0.729104,0,0,0,0
0.884797,0,0,0,0
0.607648,0,0,0,0
0.796302,0,0,0,0
54.848269,0,0,0,0
0.675182,0,0,0,0
0.698460,0,0,0,0
0.914506,0,0,0,0
0.917081,0,0,0,0
1.353654,0,0,0,0
1.007346,0,0,0,0
2.640896,0,0,0,0
1.590433,0,0,0,0
1.900335,0,0,0,0
1.969062,0,0,0,0
1.888351,0,0,0,0
2.613299,0,0,0,0
3.390704,0,0,0,0
3.186510,0,0,0,0
2.985519,0,0,0,0
3.051719,0,0,0,0
2.601712,0,0,0,0
2.802238,0,0,0,0
2.692157,0,0,0,0
3.217489,0,0,0,0
4.047038,0,0,0,0
3.023192,0,0,0,0
2.702735,0,0,0,0
2.560687,0,0,0,0
2.977356,0,0,0,0
2.609233,0,0,0,0
2.542337,0,0,0,0
3.796885,0,0,0,0
2.508764,0,0,0,0
2.952682,0,0,0,0
2.373583,0,0,0,0
4.067786,0,0,0,0
2.742757,0,0,0,0
2.594771,0,0,0,0
2.025558,0,0,0,0
2.101396,0,0,0,0
3.280884,0,0,0,0
3.972178,0,0,0,0
3.522080,0,0,0,0
2.789043,0,0,0,0
1.944946,0,0,0,0
2.632291,0,0,0,0
2.113723,0,0,0,0
2.030553,0,0,0,0
4.480232,0,0,0,0
1.992774,0,0,0,0
1.714438,0,0,0,0
2.750382,0,0,0,0
2.253052,0,0,0,0
3.189682,0,0,0,0
2.456106,0,0,0,0
2.831652,0,0,0,0
2.492609,0,0,0,0
2.681050,0,0,0,0
2.608149,0,0,0,0
3.377832,0,0,0,0
2.404592,0,0,0,0
2.236172,0,0,0,0
3.168552,0,0,0,0
2.531684,0,0,0,0
2.049967,0,0,0,0
2.740078,0,0,0,0
3.081027,0,0,0,0
2.428597,0,0,0,0
3.442486,0,0,0,0
2.421206,0,0,0,0
4.228912,0,0,0,0
5.087023,0,0,0,0
3.554414,0,0,0,0
2.405229,0,0,0,0
4.027100,0,0,0,0
3.652174,0,0,0,0
2.802066,0,0,0,0
4.838106,0,0,0,0
6.545203,0,0,0,0
4.262601,0,0,0,0
4.199095,0,0,0,0
5.460811,0,0,0,0
2.546156,0,0,0,0
3.813045,0,0,0,0
5.706354,0,0,0,0
4.776645,0,0,0,0
5.641780,0,0,0,0
3.557570,0,0,0,0
4.902772,0,0,0,0
6.135140,0,0,0,0
4.429283,0,0,0,0
4.876065,0,0,0,0
5.350249,0,0,0,0
5.547293,0,0,0,0
4.164479,0,0,0,0
4.743737,0,0,0,0
5.491339,0,0,0,0
5.481782,0,0,0,0
5.189132,0,0,0,0
6.443455,0,0,0,0
5.912799,0,0,0,0
7.333347,0,0,0,0
7.796288,0,0,0,0
8.037017,0,0,0,0
6.242473,0,0,0,0
9.979383,0,0,0,0
6.513324,0,0,0,0
6.479585,0,0,0,0
6.920878,0,0,0,0
7.620085,0,0,0,0
5.355772,0,0,0,0
7.346908,0,0,0,0
5.547110,0,0,0,0
7.250735,0,0,0,0
8.557481,0,0,0,0
9.591524,0,0,0,0
5.741682,0,0,0,0
6.128460,0,0,0,0
7.360081,0,0,0,0
5.043961,0,0,0,0
9.865175,0,0,0,0
9.030701,0,0,0,0
7.169361,0,0,0,0
4.879325,0,0,0,0
10.559058,0,0,0,0
8.542602,0,0,0,0
9.438044,0,0,0,0
4.467109,0,0,0,0
6.297581,0,0,0,0
10.645037,0,0,0,0
10.016749,0,0,0,0
6.980955,0,0,0,0
7.635128,0,0,0,0
4.423697,0,0,0,0
6.252577,0,0,0,0
6.357720,0,0,0,0
5.490999,0,0,0,0
8.057165,0,0,0,0
5.833222,0,0,0,0
6.937133,0,0,0,0
6.234965,0,0,0,0
5.168096,0,0,0,0
6.668543,0,0,0,0
4.617076,0,0,0,0
5.058147,0,0,0,0
3.979590,0,0,0,0
5.511212,0,0,0,0
5.099244,0,0,0,0
6.291976,0,0,0,0
5.660493,0,0,0,0
5.868499,0,0,0,0
6.504422,0,0,0,0
6.457358,0,0,0,0
5.564710,0,0,0,0
9.628303,0,0,0,0
5.362960,0,0,0,0
6.269365,0,0,0,0
5.468296,0,0,0,0
8.536153,0,0,0,0
5.203093,0,0,0,0
4.376070,0,0,0,0
3.966589,0,0,0,0
3.987163,0,0,0,0
3.680346,0,0,0,0
5.072631,0,0,0,0
4.992163,0,0,0,0
3.990563,0,0,0,0
4.835220,0,0,0,0
5.914956,0,0,0,0
4.455814,0,0,0,0
6.975031,0,0,0,0
3.575618,0,0,0,0
5.014878,0,0,0,0
4.705628,0,0,0,0
4.464775,0,0,0,0
4.413595,0,0,0,0
4.544267,0,0,0,0
5.711102,0,0,0,0
3.737173,0,0,0,0
5.544713,0,0,0,0
5.781876,0,0,0,0
4.937188,0,0,0,0
5.024852,0,0,0,0
5.121000,0,0,0,0
5.216588,0,0,0,0
4.981764,0,0,0,0
4.879276,0,0,0,0
5.360656,0,0,0,0
7.348158,0,0,0,0
7.245892,0,0,0,0
5.738660,0,0,0,0
8.094391,0,0,0,0
4.817736,0,0,0,0
5.887464,0,0,0,0
6.425756,0,0,0,0
4.601564,0,0,0,0
3.091938,0,0,0,0
6.005930,0,0,0,0
3.448155,0,0,0,0
4.958012,0,0,0,0
3.523340,0,0,0,0
5.910032,0,0,0,0
6.414063,0,0,0,0
4.018764,0,0,0,0
5.671421,0,0,0,0
3.977038,0,0,0,0
5.940931,0,0,0,0
5.168861,0,0,0,0
5.391387,0,0,0,0
3.495957,0,0,0,0
5.380056,0,0,0,0
4.188252,0,0,0,0
4.793612,0,0,0,0
3.991272,0,0,0,0
3.122338,0,0,0,0
6.531667,0,0,0,0
2.405100,0,0,0,0
1.940665,0,0,0,0
2.696902,0,0,0,0
6.032823,0,0,0,0
2.715597,0,0,0,0
2.602182,0,0,0,0
4.126761,0,0,0,0
3.686665,0,0,0,0
5.600446,0,0,0,0
3.755028,0,0,0,0
3.503803,0,0,0,0
5.172637,0,0,0,0
3.009395,0,0,0,0
2.126558,0,0,0,0
3.696514,0,0,0,0
4.475225,0,0,0,0
4.151549,0,0,0,0
3.901972,0,0,0,0
4.572439,0,0,0,0
2.706614,0,0,0,0
4.267260,0,0,0,0
5.608193,0,0,0,0
4.346097,0,0,0,0
3.596736,0,0,0,0
3.674339,0,0,0,0
4.437787,0,0,0,0
4.430707,0,0,0,0
3.304170,0,0,0,0
3.608144,0,0,0,0
4.647537,0,0,0,0
3.645131,0,0,0,0
3.478512,0,0,0,0
4.834462,0,0,0,0
4.407532,0,0,0,0
3.739539,0,0,0,0
6.199414,0,0,0,0
3.253426,0,0,0,0
4.422102,0,0,0,0
4.391682,0,0,0,0
4.363649,0,0,0,0
4.610651,0,0,0,0
4.886718,0,0,0,0
4.883059,0,0,0,0
5.742021,0,0,0,0
5.736599,0,0,0,0
3.156748,0,0,0,0
4.476300,0,0,0,0
5.789204,0,0,0,0
3.291491,0,0,0,0
3.671935,0,0,0,0
5.835133,0,0,0,0
4.790531,0,0,0,0
4.378157,0,0,0,0
6.385328,0,0,0,0
5.526262,0,0,0,0
6.324613,0,0,0,0
4.946246,0,0,0,0
5.339327,0,0,0,0
5.554476,0,0,0,0
4.946806,0,0,0,0
4.957413,0,0,0,0
4.368423,0,0,0,0
6.003372,0,0,0,0
5.835611,0,0,0,0
4.608647,0,0,0,0
6.685401,0,0,0,0
3.887588,0,0,0,0
4.667646,0,0,0,0
4.967251,0,0,0,0
6.372032,0,0,0,0
5.131274,0,0,0,0
4.229577,0,0,0,0
4.942080,0,0,0,0
6.200777,0,0,0,0
4.601918,0,0,0,0
5.298989,0,0,0,0
5.490141,0,0,0,0
4.166428,0,0,0,0
4.206519,0,0,0,0
6.640587,0,0,0,0
4.894206,0,0,0,0
4.567686,0,0,0,0
7.710331,0,0,0,0
7.987927,0,0,0,0
5.352099,0,0,0,0
6.613696,0,0,0,0
5.825390,0,0,0,0
6.341663,0,0,0,0
3.998775,0,0,0,0
3.585116,0,0,0,0
5.942429,0,0,0,0
4.245572,0,0,0,0
5.026608,0,0,0,0
6.262558,0,0,0,0
5.542887,0,0,0,0
6.295219,0,0,0,0
4.979689,0,0,0,0
5.463297,0,0,0,0
4.565906,0,0,0,0
6.205802,0,0,0,0
7.043557,0,0,0,0
6.677121,0,0,0,0
4.503512,0,0,0,0
4.489610,0,0,0,0
4.493741,0,0,0,0
6.644825,0,0,0,0
5.117054,0,0,0,0
4.228187,0,0,0,0
4.374607,0,0,0,0
5.742613,0,0,0,0
3.956144,0,0,0,0
4.983352,0,0,0,0
5.419920,0,0,0,0
4.528915,0,0,0,0
6.367541,0,0,0,0
6.984039,0,0,0,0
6.589559,0,0,0,0
5.159226,0,0,0,0
4.470423,0,0,0,0
7.235059,0,0,0,0
4.582452,0,0,0,0
6.958829,0,0,0,0
5.669774,0,0,0,0
8.015601,0,0,0,0
6.692549,0,0,0,0
7.515522,0,0,0,0
6.503095,0,0,0,0
5.484515,0,0,0,0
5.571431,0,0,0,0
6.279941,0,0,0,0
6.952205,0,0,0,0
5.974841,0,0,0,0
6.175286,0,0,0,0
6.271156,0,0,0,0
6.041921,0,0,0,0
5.067557,0,0,0,0
6.129865,0,0,0,0
6.378963,0,0,0,0
6.911424,0,0,0,0
5.862101,0,0,0,0
6.587700,0,0,0,0
5.782999,0,0,0,0
8.126085,0,0,0,0
6.423252,0,0,0,0
6.463147,0,0,0,0
4.932085,0,0,0,0
5.725736,0,0,0,0
9.473835,0,0,0,0
6.632220,0,0,0,0
7.805018,0,0,0,0
6.525069,0,0,0,0
8.062086,0,0,0,0
8.729414,0,0,0,0
6.446464,0,0,0,0
7.412712,0,0,0,0
8.006197,0,0,0,0
6.029519,0,0,0,0
6.816505,0,0,0,0
7.119356,0,0,0,0
13.263476,0,0,0,0
7.887208,0,0,0,0
12.299275,0,0,0,0
9.373878,0,0,0,0
11.318125,0,0,0,0
11.005513,0,0,0,0
10.380584,0,0,0,0
14.035931,0,0,0,0
8.213262,0,0,0,0
9.766219,0,0,0,0
8.642397,0,0,0,0
7.680866,0,0,0,0
11.364099,0,0,0,0
8.948323,0,0,0,0
11.441528,0,0,0,0
14.531750,0,0,0,0
11.687331,0,0,0,0
12.445524,0,0,0,0
11.284202,0,0,0,0
10.975092,0,0,0,0
9.992120,0,0,0,0
11.074190,0,0,0,0
12.146847,0,0,0,0
9.534017,0,0,0,0
10.676467,0,0,0,0
11.491833,0,0,0,0
8.442732,0,0,0,0
9.868487,0,0,0,0
8.391746,0,0,0,0
8.645340,0,0,0,0
9.910039,0,0,0,0
8.247945,0,0,0,0
9.670479,0,0,0,0
9.818580,0,0,0,0
8.289964,0,0,0,0
9.163612,0,0,0,0
9.363964,0,0,0,0
7.416148,0,0,0,0
10.121959,0,0,0,0
7.273878,0,0,0,0
6.305320,0,0,0,0
6.157677,0,0,0,0
8.023141,0,0,0,0
8.225024,0,0,0,0
7.608430,0,0,0,0
9.963781,0,0,0,0
13.047330,0,0,0,0
10.592136,0,0,0,0
11.705189,0,0,0,0
11.065876,0,0,0,0
9.080413,0,0,0,0
9.556082,0,0,0,0
9.600233,0,0,0,0
9.542983,0,0,0,0
8.459131,0,0,0,0
8.731823,0,0,0,0
9.905561,0,0,0,0
8.881583,0,0,0,0
10.618010,0,0,0,0
9.056144,0,0,0,0
8.764066,0,0,0,0
7.114493,0,0,0,0
12.974757,0,0,0,0
9.511432,0,0,0,0
9.963240,0,0,0,0
9.296236,0,0,0,0
11.542365,0,0,0,0
10.553120,0,0,0,0
12.764240,0,0,0,0
14.637521,0,0,0,0
12.311451,0,0,0,0
11.378008,0,0,0,0
10.772157,0,0,0,0
8.437326,0,0,0,0
9.862564,0,0,0,0
9.469880,0,0,0,0
11.049147,0,0,0,0
9.810345,0,0,0,0
11.984807,0,0,0,0
12.932471,0,0,0,0
15.931148,0,0,0,0
16.734835,0,0,0,0
19.148013,0,0,0,0
14.817465,0,0,0,0
13.236377,0,0,0,0
11.804770,0,0,0,0
11.290448,0,0,0,0
12.320270,0,0,0,0
11.406535,0,0,0,0
12.809684,0,0,0,0
13.661018,0,0,0,0
12.198269,0,0,0,0
12.934879,0,0,0,0
11.935301,0,0,0,0
13.664371,0,0,0,0
10.308749,0,0,0,0
12.736804,0,0,0,0
10.253931,0,0,0,0
13.427859,0,0,0,0
13.956057,0,0,0,0
12.423021,0,0,0,0
17.845741,0,0,0,0
10.166866,0,0,0,0
17.953701,0,0,0,0
17.058344,0,0,0,0
17.075142,0,0,0,0
11.456116,0,0,0,0
12.850566,0,0,0,0
11.364930,0,0,0,0
12.873470,0,0,0,0
11.867169,0,0,0,0
12.559134,0,0,0,0
12.316000,0,0,0,0
14.874720,0,0,0,0
8.924754,0,0,0,0
18.047631,0,0,0,0
16.254917,0,0,0,0
16.886918,0,0,0,0
14.753548,0,0,0,0
13.334863,0,0,0,0
17.187493,0,0,0,0
18.800937,0,0,0,0
17.254747,0,0,0,0
16.311797,0,0,0,0
16.274655,0,0,0,0
18.843535,0,0,0,0
15.292292,0,0,0,0
19.321835,0,0,0,0
15.387955,0,0,0,0
13.257167,0,0,0,0
15.676143,0,0,0,0
12.811013,0,0,0,0
11.606134,0,0,0,0
14.549426,1530666641,1200,0,-1198742552
10.956683,-1059480775,0,0,1079746816
10.326399,-2079585678,116,0,-1565704558
10.933665,1086754001,0,0,1079680063
11.727031,-1396019670,832859026,0,-261408890
10.595413,1084024193,30036,0,1079759806
10.446206,-579731155,1946157200,4096,1099236750
12.970757,1083445304,30035,0,1079724697
10.400469,-960442222,0,112,120396523
