#Stereo rect[ms], MP culling[ms], MP creation[ms], LBA[ms], KF culling[ms], Total[ms]
5.007143,0.010270,0.112499,0.004566,0.004566,5.138070
5.949379,0.075759,0.620047,0.002544,0.002544,6.650379
3.907170,0.049102,0.439136,0.053579,0.053579,6.660011
7.301555,0.120055,1.677566,0.177855,0.177855,15.892479
5.810342,0.059371,2.206403,0.108898,0.108898,12.088864
6.758707,0.116968,13.367706,0.364395,0.364395,35.480210
6.120830,0.143418,11.023251,0.272096,0.272096,34.046027
4.328294,0.148738,8.373371,0.355762,0.355762,24.615858
8.889030,0.283879,22.129790,0.570779,0.570779,54.224729
8.367150,0.266210,17.661350,29.059183,29.059183,79.265045
5.128908,0.099927,11.183100,0.564009,0.564009,37.512402
6.604987,0.146184,14.752232,0.954171,0.954171,51.399905
6.444412,0.100493,10.112288,0.720659,0.720659,44.305172
5.723167,0.083327,10.065231,0.867502,0.867502,52.604927
7.578081,0.083041,11.675245,0.660901,0.660901,58.629830
8.146749,0.134228,15.508975,0.770190,0.770190,64.578953
10.952673,0.181474,24.072287,2.166224,2.166224,84.940069
6.533451,0.117149,17.682497,0.836201,0.836201,77.007042
6.951109,0.147252,15.552070,0.919702,0.919702,79.163455
7.549939,0.153333,17.433073,1.375409,1.375409,97.941295
6.771158,0.107247,15.430256,1.211723,1.211723,82.023783
6.451700,0.101960,15.148381,1.668323,1.668323,85.684945
7.268632,0.090203,18.226276,2.562822,2.562822,96.891504
8.335613,0.096979,19.840047,2.170592,2.170592,101.421591
7.227651,0.094810,16.547759,2.282313,2.282313,93.273828
7.743753,0.090947,16.188853,2.178476,2.178476,93.380998
7.208076,0.088220,16.634299,2.640157,2.640157,89.058936
13.054890,0.129538,21.637287,2.155534,2.155534,101.040423
6.944561,0.061224,13.849330,2.026361,2.026361,85.173994
11.025557,0.088459,21.110892,1.841380,1.841380,100.900506
7.175209,0.049312,13.384001,1.895767,1.895767,82.894117
6.557937,0.053428,16.999233,2.293080,2.293080,92.049934
8.053438,0.093673,25.988104,2.081373,2.081373,103.403089
7.093077,0.112952,22.165501,2.295707,2.295707,104.517890
6.823227,0.155666,20.344169,2.174941,2.174941,98.604489
7.558756,0.135133,19.595865,3.783631,3.783631,105.643345
8.730702,0.109709,21.663776,2.204326,2.204326,124.008375
8.009191,0.202922,24.883681,2.045956,2.045956,112.428192
6.623065,0.120008,19.556189,2.012724,2.012724,107.274394
7.490896,0.113562,20.389162,2.361726,2.361726,124.331702
9.005793,0.111477,19.075993,2.062298,2.062298,100.840945
6.899008,0.150598,22.296312,2.106562,2.106562,104.641856
6.688793,0.123369,19.502484,2.341318,2.341318,99.830730
8.044282,0.115518,23.027919,2.207318,2.207318,124.863905
10.199114,0.133603,26.350150,2.728261,2.728261,313.661035
7.737763,0.144555,21.443322,2.557403,2.557403,131.316580
8.767767,0.137350,23.629891,2.214549,2.214549,125.490398
11.605463,0.187169,27.861544,2.705165,2.705165,120.023103
7.073406,0.157274,19.198228,1.664799,1.664799,106.150048
7.765737,0.123905,23.042365,2.589262,2.589262,124.977628
9.497136,0.137931,21.330138,2.682539,2.682539,122.447491
8.331600,0.132368,20.737923,2.160404,2.160404,123.562574
10.071014,0.268900,22.863694,2.637676,2.637676,123.127471
10.371584,0.157559,22.061796,2.782399,2.782399,128.659731
8.339043,0.134751,19.286504,2.799065,2.799065,154.591177
7.532829,0.126023,18.131475,2.928952,2.928952,125.498049
8.217712,0.114496,22.434061,2.540594,2.540594,126.309595
7.656091,0.134625,18.468844,1.854357,1.854357,127.623217
10.142183,0.127878,23.109574,2.827105,2.827105,177.553535
12.249662,0.219846,27.818702,3.684166,3.684166,139.998478
7.395896,0.097703,21.357509,2.047950,2.047950,153.926058
7.474172,0.136098,21.074096,4.976270,4.976270,132.646405
7.874731,0.124929,18.349806,2.722034,2.722034,140.138534
7.365974,0.120394,14.625911,7.365925,7.365925,93.391282
6.512118,0.083378,14.150179,2.524028,2.524028,83.909715
7.417497,0.049889,12.313490,2.068814,2.068814,77.280920
6.465432,0.058603,17.118649,2.823020,2.823020,85.282899
3.844383,0.007281,0.082112,0.001694,0.001694,3.936648
3.590875,0.007976,0.081338,0.002017,0.002017,3.683711
5.472525,0.029789,0.298598,0.001327,0.001327,5.803172
6.537366,0.103959,0.968102,0.240873,0.240873,11.613936
4.137162,0.099716,1.322301,0.318819,0.318819,13.041894
7.045265,0.070896,1.603867,0.232233,0.232233,16.045648
4.164884,0.028040,0.926957,0.241596,0.241596,10.439087
6.801452,0.054825,2.114257,0.585682,0.585682,18.178191
6.788539,0.052746,2.766623,0.699064,0.699064,25.867374
7.349542,0.050218,3.408308,1.056658,1.056658,24.826716
5.065523,0.027047,1.631298,41.386748,41.386748,54.105502
4.391511,0.021403,2.017854,0.290229,0.290229,16.562416
8.492431,0.008360,4.216412,0.905730,0.905730,45.257409
7.514402,0.010966,4.628923,1.285171,1.285171,47.989559
5.038177,0.004307,2.142742,0.628694,0.628694,23.252093
7.203857,0.007693,4.107846,0.792017,0.792017,33.835422
8.130363,0.011053,6.816041,1.730613,1.730613,50.047497
9.148873,0.006909,3.993442,1.123582,1.123582,43.674925
8.300720,0.013930,8.754104,0.825719,0.825719,55.366109
8.304109,0.017980,7.077241,0.680349,0.680349,47.110049
5.521285,0.006561,4.756623,0.834985,0.834985,29.842921
5.344662,0.003713,4.623840,1.051630,1.051630,33.090962
10.155930,0.015870,10.341664,1.670184,1.670184,53.223234
5.782636,0.011932,0.105371,0.001609,0.001609,5.902421
6.908257,0.082446,0.730806,0.003004,0.003004,7.726235
7.174647,0.129745,1.022478,0.264107,0.264107,14.562067
6.444957,0.106518,1.379914,0.348282,0.348282,13.691005
4.669786,0.074192,1.137324,0.283990,0.283990,12.435132
4.996583,0.034575,0.907878,0.277502,0.277502,11.721675
4.239045,0.027921,1.012485,0.309091,0.309091,11.710669
7.691269,0.041326,2.785176,0.771045,0.771045,21.362798
4.381568,0.040637,1.301262,0.619724,0.619724,22.010087
4.142903,0.027768,1.450323,40.049754,40.049754,51.196212
6.473812,0.043819,1.993603,0.491780,0.491780,20.076703
8.006925,0.010959,4.499445,0.785090,0.785090,48.219204
5.720774,0.024343,0.256996,0.002627,0.002627,6.006593
8.066626,0.075929,0.751662,0.002780,0.002780,8.899077
6.514142,0.202067,3.505343,0.337002,0.337002,18.319584
6.909076,0.202480,4.143960,0.256769,0.256769,17.360758
7.292134,0.229547,8.091259,0.779332,0.779332,33.508884
4.433842,0.152071,3.312139,0.729104,0.729104,26.750089
7.535724,0.240617,16.697561,0.884797,0.884797,55.662314
6.719075,0.178919,10.503627,0.607648,0.607648,35.839198
9.058072,0.258409,20.801878,0.796302,0.796302,65.612926
5.920841,0.196576,12.513003,54.848269,54.848269,102.265564
6.686194,0.131076,11.464205,0.675182,0.675182,56.152545
6.537753,0.182565,12.698219,0.698460,0.698460,65.311502
9.448080,0.254881,20.239125,0.914506,0.914506,76.540929
10.369073,0.215884,21.629746,0.917081,0.917081,79.584075
6.705973,0.172379,19.412411,1.353654,1.353654,82.630591
7.534509,0.158859,16.653992,1.007346,1.007346,81.659042
8.516052,0.142992,19.722851,2.640896,2.640896,104.090525
8.375707,0.117229,19.422035,1.590433,1.590433,100.719053
7.623016,0.129570,19.495323,1.900335,1.900335,106.482670
7.539895,0.147857,20.462352,1.969062,1.969062,123.403254
8.264920,0.166181,22.384538,1.888351,1.888351,125.486191
8.783847,0.186880,22.358933,2.613299,2.613299,175.929421
8.650511,0.248917,20.552400,3.390704,3.390704,126.396622
7.685630,0.159647,18.893724,3.186510,3.186510,125.190462
7.949979,0.205103,21.587545,2.985519,2.985519,125.758848
7.856562,0.218109,22.853765,3.051719,3.051719,123.309928
7.367097,0.194304,20.271499,2.601712,2.601712,133.197402
7.798843,0.221288,22.946836,2.802238,2.802238,126.774652
7.456615,0.281280,24.721262,2.692157,2.692157,122.091614
6.436104,0.199139,21.241430,3.217489,3.217489,134.574164
7.479815,0.383654,26.174890,4.047038,4.047038,318.115227
6.571038,0.250060,24.259935,3.023192,3.023192,122.923297
6.251280,0.172904,19.346503,2.702735,2.702735,124.579321
6.502090,0.271848,19.112374,2.560687,2.560687,124.470634
5.007938,0.208151,17.235093,2.977356,2.977356,126.437881
6.677183,0.225171,15.662224,2.609233,2.609233,104.466625
5.296297,0.223557,14.667870,2.542337,2.542337,109.914198
5.125116,0.192498,15.255078,3.796885,3.796885,112.169193
5.501361,0.161743,15.293269,2.508764,2.508764,125.170622
5.530572,0.159575,15.454308,2.952682,2.952682,112.198456
5.637950,0.150228,14.412352,2.373583,2.373583,124.456454
6.900999,0.185982,21.662908,4.067786,4.067786,144.204927
5.654793,0.162488,18.877981,2.742757,2.742757,119.880773
5.980726,0.162980,15.750322,2.594771,2.594771,131.470464
8.116242,0.170656,16.207361,2.025558,2.025558,125.288821
5.713655,0.196677,15.853941,2.101396,2.101396,129.579955
7.310457,0.265476,20.358288,3.280884,3.280884,134.226216
5.507499,0.207671,17.135191,3.972178,3.972178,130.797699
5.932344,0.217683,16.142346,3.522080,3.522080,118.149800
5.516261,0.170379,15.127867,2.789043,2.789043,153.618756
5.928269,0.180182,14.830083,1.944946,1.944946,130.779528
7.970182,0.232839,18.603730,2.632291,2.632291,164.485808
5.086406,0.190620,14.816149,2.113723,2.113723,137.703764
6.828449,0.324351,15.786289,2.030553,2.030553,127.729119
5.343764,0.187996,18.560149,4.480232,4.480232,137.612140
5.312848,0.159756,14.906064,1.992774,1.992774,167.700525
5.931954,0.175996,15.879988,1.714438,1.714438,128.589697
5.625259,0.149801,15.207019,2.750382,2.750382,138.787853
6.899881,0.176088,16.381316,2.253052,2.253052,139.029655
6.354569,0.167418,21.576750,3.189682,3.189682,168.765682
6.710781,0.156107,17.184320,2.456106,2.456106,142.879358
5.964179,0.159387,16.525732,2.831652,2.831652,130.929819
6.777974,0.186811,17.269007,2.492609,2.492609,139.116917
6.383470,0.156628,18.095585,2.681050,2.681050,133.646617
5.892832,0.148880,21.709984,2.608149,2.608149,134.472566
7.266394,0.209380,20.877930,3.377832,3.377832,131.501598
7.949062,0.188366,18.627628,2.404592,2.404592,133.185440
7.204001,0.193521,22.397284,2.236172,2.236172,135.810704
5.814597,0.182690,17.157625,3.168552,3.168552,129.543005
6.613012,0.188365,18.122729,2.531684,2.531684,128.900416
7.050428,0.175897,18.946168,2.049967,2.049967,161.745607
6.986622,0.222361,17.802304,2.740078,2.740078,131.757023
7.316018,0.186262,19.063282,3.081027,3.081027,161.060357
6.105647,0.188142,17.376676,2.428597,2.428597,129.873626
7.310549,0.178076,19.427689,3.442486,3.442486,137.549454
7.815695,0.368483,20.641817,2.421206,2.421206,135.937966
7.710223,0.215039,20.940120,4.228912,4.228912,143.822317
6.980552,0.230357,19.190736,5.087023,5.087023,154.530266
7.578220,0.213519,17.320747,3.554414,3.554414,135.724234
7.019916,0.196895,16.857810,2.405229,2.405229,156.715166
6.551317,0.186641,18.588390,4.027100,4.027100,132.085963
6.751323,0.191281,18.292852,3.652174,3.652174,134.927200
7.195591,0.208979,19.411368,2.802066,2.802066,133.640568
7.563209,0.210049,22.913611,4.838106,4.838106,133.280331
6.770593,0.220014,24.524221,6.545203,6.545203,145.461746
6.288927,0.202816,19.399004,4.262601,4.262601,128.836653
6.197214,0.201879,19.161045,4.199095,4.199095,141.813478
6.804297,0.208538,20.903820,5.460811,5.460811,144.203041
6.384163,0.179485,22.876205,2.546156,2.546156,140.430531
7.389404,0.233163,22.579795,3.813045,3.813045,137.290777
8.262077,0.331298,24.851973,5.706354,5.706354,141.749518
8.318446,0.189862,22.932540,4.776645,4.776645,143.319342
7.037286,0.268498,23.357893,5.641780,5.641780,143.437576
7.245523,0.217182,21.095528,3.557570,3.557570,142.626425
7.366487,0.234912,25.732964,4.902772,4.902772,149.462948
7.975379,0.301508,22.658814,6.135140,6.135140,144.451481
6.796716,0.188054,23.590341,4.429283,4.429283,155.966109
7.074956,0.164080,20.259549,4.876065,4.876065,152.893692
7.139928,0.175779,21.966408,5.350249,5.350249,624.509845
7.262147,0.487144,22.162788,5.547293,5.547293,142.798654
11.642196,0.342238,29.359734,4.164479,4.164479,147.987760
6.812349,0.182288,19.537510,4.743737,4.743737,136.159941
6.941347,0.243467,19.686300,5.491339,5.491339,144.730417
8.942249,0.441790,22.801284,5.481782,5.481782,156.930100
7.665658,0.255547,20.354727,5.189132,5.189132,147.597538
7.238144,0.226737,20.387597,6.443455,6.443455,145.301126
8.091906,0.248793,21.442792,5.912799,5.912799,149.198536
7.545391,0.244942,20.831867,7.333347,7.333347,150.857752
7.397053,0.263632,21.543906,7.796288,7.796288,153.511594
5.971766,0.306666,18.955304,8.037017,8.037017,154.631120
6.476371,0.340461,18.157556,6.242473,6.242473,148.233618
6.696458,0.326499,18.401320,9.979383,9.979383,148.384981
5.745932,0.339268,19.291609,6.513324,6.513324,144.173613
6.114950,0.342478,18.166504,6.479585,6.479585,160.845107
5.663791,0.367030,19.284313,6.920878,6.920878,142.401985
6.120694,0.347732,18.493323,7.620085,7.620085,145.367398
6.451859,0.313472,19.831131,5.355772,5.355772,145.031507
6.062503,0.329714,18.070337,7.346908,7.346908,154.472787
6.527400,0.324355,17.716090,5.547110,5.547110,157.931325
7.435137,0.338342,19.751680,7.250735,7.250735,156.893520
6.213423,0.364367,18.228087,8.557481,8.557481,152.013821
6.237968,0.482648,19.511701,9.591524,9.591524,157.781824
6.817823,0.263276,18.390209,5.741682,5.741682,148.755094
5.942409,0.257137,20.945761,6.128460,6.128460,155.037262
5.839408,0.248147,20.327381,7.360081,7.360081,157.706869
6.260675,0.270556,17.990018,5.043961,5.043961,157.514686
6.045207,0.285889,17.744916,9.865175,9.865175,154.517102
5.610647,0.290772,19.928445,9.030701,9.030701,158.010264
6.477210,0.280567,19.068659,7.169361,7.169361,144.310962
6.992227,0.302950,21.679330,4.879325,4.879325,149.365181
6.239434,0.285382,18.517923,10.559058,10.559058,160.251110
5.247856,0.280467,17.366971,8.542602,8.542602,152.073616
5.059939,0.280917,18.429275,9.438044,9.438044,150.417046
5.792991,0.336180,18.385490,4.467109,4.467109,145.309611
5.787784,0.279606,18.865756,6.297581,6.297581,149.056410
5.196575,0.201228,17.304029,10.645037,10.645037,153.004395
5.347663,0.207180,19.254154,10.016749,10.016749,151.798846
5.181549,0.231609,17.760225,6.980955,6.980955,146.730587
5.697526,0.270290,21.689742,7.635128,7.635128,143.075995
6.052153,0.250231,16.985359,4.423697,4.423697,135.372472
5.954303,0.222060,18.275299,6.252577,6.252577,138.921886
5.493062,0.259809,20.161792,6.357720,6.357720,141.015419
5.773966,0.230973,17.984085,5.490999,5.490999,139.516306
5.236013,0.237556,18.644282,8.057165,8.057165,148.868020
5.488484,0.221374,16.698542,5.833222,5.833222,140.115647
6.027781,0.255470,16.476265,6.937133,6.937133,143.208071
7.766751,0.238619,17.341084,6.234965,6.234965,142.127632
5.498076,0.243324,16.116527,5.168096,5.168096,142.233690
6.298000,0.255292,16.780729,6.668543,6.668543,144.143730
6.260629,0.267295,20.312166,4.617076,4.617076,138.904805
7.101291,0.338452,19.478017,5.058147,5.058147,154.176778
6.254771,0.233046,16.832591,3.979590,3.979590,139.909684
6.350685,0.249151,18.053229,5.511212,5.511212,147.758716
8.748505,0.271055,20.519734,5.099244,5.099244,157.154977
6.242295,0.584528,21.318472,6.291976,6.291976,152.321539
5.927354,0.272456,17.085508,5.660493,5.660493,146.239752
5.264549,0.265527,18.414910,5.868499,5.868499,146.406669
5.955063,0.303582,17.771150,6.504422,6.504422,154.000978
6.329408,0.282546,20.594104,6.457358,6.457358,148.757735
6.064847,0.261344,18.185788,5.564710,5.564710,146.786800
6.946641,0.257456,19.421449,9.628303,9.628303,149.982456
5.245556,0.220368,16.775546,5.362960,5.362960,141.258473
5.466512,0.225493,16.383089,6.269365,6.269365,146.785105
6.939903,0.229124,16.992016,5.468296,5.468296,139.042483
6.312519,0.247720,19.967510,8.536153,8.536153,144.633723
4.720352,0.224347,17.087856,5.203093,5.203093,84.764232
6.238673,0.230281,18.773315,4.376070,4.376070,132.476730
4.968493,0.183100,19.550463,3.966589,3.966589,78.150010
4.565854,0.149271,18.379895,3.987163,3.987163,127.693683
5.548194,0.204919,18.351107,3.680346,3.680346,74.614651
5.666867,0.241805,19.840285,5.072631,5.072631,132.021815
4.870107,0.191806,20.502484,4.992163,4.992163,81.462875
6.609288,0.194630,17.751751,3.990563,3.990563,127.439766
6.343514,0.258958,21.030552,4.835220,4.835220,129.171844
6.524599,0.280384,20.647689,5.914956,5.914956,137.605169
5.555009,0.285572,19.284089,4.455814,4.455814,118.315112
4.832856,0.273534,23.693812,6.975031,6.975031,128.970486
5.700229,0.305492,20.986264,3.575618,3.575618,135.291829
5.123150,0.344175,21.751700,5.014878,5.014878,130.485879
6.041828,0.434902,28.093744,4.705628,4.705628,129.365514
9.629875,0.484775,35.278836,4.464775,4.464775,143.165905
7.376665,0.333231,24.187862,4.413595,4.413595,134.405319
6.973943,0.382406,24.172097,4.544267,4.544267,136.793397
5.904308,0.250268,27.420775,5.711102,5.711102,130.457392
6.750114,0.302457,23.379653,3.737173,3.737173,129.806918
6.957353,0.287158,27.280144,5.544713,5.544713,128.647787
7.171243,0.267670,23.168700,5.781876,5.781876,134.231285
7.885100,0.264066,28.800999,4.937188,4.937188,130.277192
7.901173,0.374998,25.331291,5.024852,5.024852,131.148523
6.283387,0.225625,23.328414,5.121000,5.121000,134.222150
6.787427,0.269470,24.646935,5.216588,5.216588,132.129167
6.931225,0.388474,22.266145,4.981764,4.981764,128.330333
9.835428,0.430387,23.754559,4.879276,4.879276,130.237629
6.747222,0.201739,21.195309,5.360656,5.360656,131.144297
9.361291,0.295970,23.083074,7.348158,7.348158,132.332916
6.844760,0.231360,20.604678,7.245892,7.245892,130.287246
6.355563,0.308771,20.069845,5.738660,5.738660,130.407570
8.294885,0.171911,22.673003,8.094391,8.094391,138.189072
7.348499,0.218462,19.939575,4.817736,4.817736,127.723858
5.839063,0.200398,18.629505,5.887464,5.887464,129.901989
6.992888,0.279015,17.935623,6.425756,6.425756,125.612571
6.231753,0.291724,19.284855,4.601564,4.601564,123.128953
5.626854,0.225476,17.808020,3.091938,3.091938,123.112506
5.625979,0.228506,19.634124,6.005930,6.005930,130.502384
5.238274,0.229088,19.156537,3.448155,3.448155,129.678611
5.941435,0.218349,16.907322,4.958012,4.958012,132.109852
6.253506,0.253422,17.821939,3.523340,3.523340,129.591288
4.804340,0.222870,16.530797,5.910032,5.910032,134.575081
5.034162,0.296967,14.613295,6.414063,6.414063,128.699214
5.101719,0.215459,16.423281,4.018764,4.018764,126.628174
5.111978,0.198203,16.943827,5.671421,5.671421,136.051502
6.189337,0.273615,22.072964,3.977038,3.977038,137.389425
5.257680,0.297307,20.135392,5.940931,5.940931,147.223339
6.441943,0.223772,16.704789,5.168861,5.168861,138.392751
4.594963,0.221538,15.800975,5.391387,5.391387,132.646813
5.465364,0.219838,18.343443,3.495957,3.495957,138.041299
5.061417,0.201001,15.448616,5.380056,5.380056,132.533455
4.341219,0.232265,13.975888,4.188252,4.188252,134.048524
4.010461,0.201045,12.491658,4.793612,4.793612,130.663968
4.107834,0.185439,13.606877,3.991272,3.991272,127.618510
4.205429,0.235316,11.264990,3.122338,3.122338,127.519676
4.747616,0.196920,13.317134,6.531667,6.531667,142.525583
4.650522,0.203216,14.068346,2.405100,2.405100,138.922316
4.944964,0.246081,16.883505,1.940665,1.940665,132.477391
4.997500,0.236403,13.740876,2.696902,2.696902,131.195561
5.097250,0.226158,14.347015,6.032823,6.032823,144.319723
4.591894,0.263679,16.049157,2.715597,2.715597,137.414031
5.264619,0.239170,15.005441,2.602182,2.602182,133.334397
3.904911,0.223843,14.751264,4.126761,4.126761,129.281629
4.719946,0.249705,14.517957,3.686665,3.686665,131.523861
4.916974,0.168358,16.688402,5.600446,5.600446,133.534197
4.912561,0.174696,17.321406,3.755028,3.755028,135.657306
3.930492,0.174514,13.653774,3.503803,3.503803,138.262244
3.772369,0.155416,12.670040,5.172637,5.172637,129.964467
4.186369,0.158987,14.224303,3.009395,3.009395,131.702439
4.770373,0.141565,12.418655,2.126558,2.126558,126.212840
4.346737,0.116635,13.848308,3.696514,3.696514,139.930698
3.911697,0.130254,15.413667,4.475225,4.475225,136.180112
4.211794,0.166045,16.168075,4.151549,4.151549,130.094673
4.147912,0.124269,14.830874,3.901972,3.901972,136.176647
5.219076,0.127582,14.372759,4.572439,4.572439,135.371619
3.479329,0.149216,12.635367,2.706614,2.706614,131.065268
5.401214,0.184980,14.661541,4.267260,4.267260,132.641400
4.486101,0.127710,15.078110,5.608193,5.608193,131.752752
4.889403,0.143603,12.994847,4.346097,4.346097,139.185795
3.772076,0.105950,14.128169,3.596736,3.596736,125.764853
5.010831,0.134710,16.702400,3.674339,3.674339,127.950893
4.123859,0.121121,13.661896,4.437787,4.437787,132.300869
4.170744,0.129100,18.273324,4.430707,4.430707,133.657826
4.720906,0.107847,15.748087,3.304170,3.304170,130.595988
4.137529,0.098098,16.114152,3.608144,3.608144,123.523115
4.752294,0.160259,17.830673,4.647537,4.647537,119.591509
4.567367,0.127451,14.815781,3.645131,3.645131,123.381745
3.967353,0.096308,16.233885,3.478512,3.478512,121.723048
4.985426,0.121550,18.073640,4.834462,4.834462,129.189114
3.761876,0.114439,13.431073,4.407532,4.407532,117.294236
4.219787,0.123023,14.253111,3.739539,3.739539,114.353884
3.428244,0.093551,13.013523,6.199414,6.199414,109.871689
3.916706,0.111476,14.391551,3.253426,3.253426,111.424150
4.132686,0.082286,10.874296,4.422102,4.422102,107.163400
4.979506,0.140791,17.189845,4.391682,4.391682,129.404854
3.572224,0.120995,10.853772,4.363649,4.363649,110.026436
3.436708,0.086684,10.684401,4.610651,4.610651,100.956418
2.990044,0.104640,9.779282,4.886718,4.886718,99.838186
3.093304,0.107427,13.428629,4.883059,4.883059,105.525835
3.258260,0.071278,13.246741,5.742021,5.742021,107.982814
3.306692,0.076481,10.774435,5.736599,5.736599,101.433178
3.634804,0.083475,12.086349,3.156748,3.156748,102.453764
4.250498,0.115582,19.918081,4.476300,4.476300,115.640737
3.891625,0.139563,11.139738,5.789204,5.789204,105.350113
2.956418,0.076788,10.513571,3.291491,3.291491,100.423315
3.735887,0.077930,12.981955,3.671935,3.671935,106.678051
3.835389,0.094040,13.374463,5.835133,5.835133,105.350361
3.322476,0.100610,10.751032,4.790531,4.790531,102.555728
3.288703,0.069733,11.614386,4.378157,4.378157,98.516397
2.893709,0.074026,10.015408,6.385328,6.385328,102.374672
3.070829,0.094755,11.835503,5.526262,5.526262,106.128636
3.266661,0.112968,10.591926,6.324613,6.324613,57.868153
2.388938,0.065923,7.278871,4.946246,4.946246,91.252919
2.054296,0.064495,8.008759,5.339327,5.339327,43.600436
1.826538,0.032322,6.713402,5.554476,5.554476,40.626421
3.555822,0.073190,11.613978,4.946806,4.946806,60.181362
2.446839,0.051643,7.091916,4.957413,4.957413,49.570548
2.642360,0.108726,6.664256,4.368423,4.368423,42.533597
2.207505,0.054286,7.372305,6.003372,6.003372,42.358554
2.185554,0.043267,10.337600,5.835611,5.835611,45.165500
5.260585,0.111742,19.157504,4.608647,4.608647,72.990641
4.294177,0.061944,9.871544,6.685401,6.685401,87.211703
2.807013,0.054130,8.876630,3.887588,3.887588,81.643300
3.175593,0.113140,11.131169,4.667646,4.667646,88.621788
2.590668,0.075929,8.358415,4.967251,4.967251,85.706535
4.508700,0.077712,9.959260,6.372032,6.372032,88.073588
3.400617,0.062548,9.507153,5.131274,5.131274,86.087840
3.087693,0.075710,8.047868,4.229577,4.229577,83.031177
3.982958,0.081188,11.702287,4.942080,4.942080,88.864876
2.851084,0.081839,7.270619,6.200777,6.200777,47.244107
2.466842,0.063237,6.202323,4.601918,4.601918,77.739680
2.581535,0.050598,6.920882,5.298989,5.298989,78.813395
3.429615,0.061712,11.372542,5.490141,5.490141,86.105031
2.164902,0.058197,6.159720,4.166428,4.166428,37.941487
2.456310,0.055211,6.286317,4.206519,4.206519,34.578614
2.724927,0.054056,9.332226,6.640587,6.640587,48.983391
2.221516,0.045972,9.035769,4.894206,4.894206,40.966480
5.686132,0.091582,18.625579,4.567686,4.567686,104.462650
2.577851,0.053673,8.202376,7.710331,7.710331,44.934018
2.135987,0.049359,7.213264,7.987927,7.987927,41.490412
2.868631,0.056943,7.226694,5.352099,5.352099,38.473540
2.930015,0.043418,10.238461,6.613696,6.613696,47.922710
3.385756,0.102935,8.859173,5.825390,5.825390,43.775017
2.851587,0.075422,6.918697,6.341663,6.341663,40.291403
2.234690,0.055341,5.550662,3.998775,3.998775,38.858456
5.147031,0.097341,13.256379,3.585116,3.585116,56.042192
5.964904,0.083202,16.957993,5.942429,5.942429,60.275939
5.190854,0.126235,15.329044,4.245572,4.245572,57.678183
5.194376,0.134625,10.854777,5.026608,5.026608,47.575995
3.741984,0.084992,7.378164,6.262558,6.262558,43.218350
3.261976,0.097280,9.197606,5.542887,5.542887,75.554256
3.290692,0.081994,10.266364,6.295219,6.295219,52.004292
3.399136,0.082392,8.817577,4.979689,4.979689,75.342719
3.363401,0.082686,9.885808,5.463297,5.463297,78.992690
4.095879,0.130981,12.107398,4.565906,4.565906,80.609408
5.692346,0.105241,11.936533,6.205802,6.205802,78.662263
4.534777,0.111360,10.054622,7.043557,7.043557,74.115445
4.563750,0.139757,11.796807,6.677121,6.677121,88.284521
4.255835,0.091486,10.560032,4.503512,4.503512,78.315510
3.765704,0.139836,14.891447,4.489610,4.489610,82.883827
3.951658,0.123905,11.130639,4.493741,4.493741,75.021491
6.416765,0.218207,13.962521,6.644825,6.644825,85.319074
4.026676,0.131180,10.857332,5.117054,5.117054,75.584368
5.300912,0.127825,13.772765,4.228187,4.228187,82.267233
4.821296,0.130126,12.111715,4.374607,4.374607,77.508449
10.233940,0.223090,25.505890,5.742613,5.742613,106.293904
4.913517,0.134053,12.905813,3.956144,3.956144,79.774782
4.749687,0.135206,13.079685,4.983352,4.983352,86.720221
4.350238,0.107839,13.640610,5.419920,5.419920,85.817277
5.486934,0.106298,13.409843,4.528915,4.528915,88.638256
5.084360,0.138441,14.488305,6.367541,6.367541,86.740266
4.796176,0.098668,12.875943,6.984039,6.984039,83.765487
4.699908,0.108256,10.293083,6.589559,6.589559,78.110218
4.558851,0.082716,12.084910,5.159226,5.159226,82.738471
4.468180,0.099488,11.804424,4.470423,4.470423,82.315808
7.278984,0.112542,16.416889,7.235059,7.235059,91.279282
5.323700,0.110772,14.283235,4.582452,4.582452,84.922751
5.505350,0.103717,13.598320,6.958829,6.958829,88.443879
6.149165,0.100636,14.499248,5.669774,5.669774,86.748244
7.251560,0.152307,17.165266,8.015601,8.015601,94.492738
7.055422,0.136198,14.936153,6.692549,6.692549,98.322960
6.784217,0.114282,14.019456,7.515522,7.515522,101.088758
6.932084,0.121903,16.095035,6.503095,6.503095,98.661145
7.241836,0.121993,16.224406,5.484515,5.484515,100.602863
6.382929,0.126409,16.428841,5.571431,5.571431,99.964943
7.337549,0.121167,21.720883,6.279941,6.279941,107.060943
6.727740,0.168286,21.098638,6.952205,6.952205,107.200800
9.309622,0.127202,19.676851,5.974841,5.974841,120.472105
7.231624,0.240389,18.837632,6.175286,6.175286,111.536031
6.340155,0.113164,15.701470,6.271156,6.271156,106.301614
7.858530,0.128642,17.352173,6.041921,6.041921,106.246403
5.979574,0.127176,16.355118,5.067557,5.067557,104.277636
6.549121,0.113182,16.505218,6.129865,6.129865,104.615771
7.484761,0.129264,18.123960,6.378963,6.378963,120.999316
7.534354,0.122296,16.605444,6.911424,6.911424,105.324848
6.389350,0.140175,17.783334,5.862101,5.862101,110.974486
6.103721,0.123628,16.836658,6.587700,6.587700,104.515642
6.745260,0.128995,18.276515,5.782999,5.782999,117.224838
7.827507,0.138273,18.883090,8.126085,8.126085,117.075049
8.257913,0.179959,20.882459,6.423252,6.423252,127.912954
8.012034,0.167395,18.506102,6.463147,6.463147,130.778674
6.704963,0.178885,27.851428,4.932085,4.932085,123.508961
8.769861,0.184915,21.334688,5.725736,5.725736,127.712619
7.671829,0.154517,21.080842,9.473835,9.473835,124.156108
8.094548,0.158356,20.527625,6.632220,6.632220,128.927865
7.956385,0.197770,21.485242,7.805018,7.805018,126.800469
6.235073,0.211227,24.668143,6.525069,6.525069,129.741699
7.263430,0.208426,20.457165,8.062086,8.062086,129.113624
8.646749,0.211777,22.975153,8.729414,8.729414,129.270239
6.468571,0.210282,18.980469,6.446464,6.446464,126.964100
6.380581,0.229970,24.255510,7.412712,7.412712,129.968007
7.829140,0.252516,23.264541,8.006197,8.006197,132.727412
7.429360,0.284018,24.081599,6.029519,6.029519,133.050310
7.243474,0.350944,22.062160,6.816505,6.816505,134.747503
7.877224,0.263151,19.417831,7.119356,7.119356,135.247631
7.567630,0.248472,20.513442,13.263476,13.263476,141.358699
6.124880,0.175256,18.337403,7.887208,7.887208,134.241907
6.222709,0.242551,20.069065,12.299275,12.299275,151.902118
5.868001,0.247310,18.962964,9.373878,9.373878,134.896439
6.149981,0.306898,28.649399,11.318125,11.318125,147.779244
5.775433,0.282321,29.969806,11.005513,11.005513,146.909171
5.751328,0.211033,30.116996,10.380584,10.380584,150.335779
6.343988,0.206368,31.737982,14.035931,14.035931,154.325082
6.643112,0.214691,31.576483,8.213262,8.213262,153.121570
6.867499,0.216971,32.014282,9.766219,9.766219,153.269661
6.079455,0.228612,31.406727,8.642397,8.642397,152.412838
7.631729,0.211961,30.411205,7.680866,7.680866,150.157493
7.075748,0.222170,31.497735,11.364099,11.364099,163.092362
6.777788,0.208274,30.976055,8.948323,8.948323,163.214439
8.063439,0.347753,33.850333,11.441528,11.441528,168.117083
8.702127,0.268344,33.476893,14.531750,14.531750,169.459043
6.773650,0.235927,25.993816,11.687331,11.687331,155.745139
5.736118,0.133653,23.261581,12.445524,12.445524,153.412697
6.748542,0.221224,26.626983,11.284202,11.284202,156.914983
5.885313,0.183898,23.845755,10.975092,10.975092,156.345105
6.232837,0.184475,25.292970,9.992120,9.992120,150.094163
6.898979,0.200151,24.532535,11.074190,11.074190,156.626356
6.490328,0.196960,26.253207,12.146847,12.146847,156.493601
6.229942,0.207037,26.563790,9.534017,9.534017,151.246163
6.245986,0.207984,25.975704,10.676467,10.676467,154.451074
6.357364,0.183541,25.285357,11.491833,11.491833,155.005424
6.695720,0.244315,26.585137,8.442732,8.442732,155.486666
7.322432,0.235234,25.976930,9.868487,9.868487,155.448508
8.940289,0.293807,30.622681,8.391746,8.391746,164.675086
7.109225,0.253759,28.427030,8.645340,8.645340,161.058042
7.393916,0.175442,25.109370,9.910039,9.910039,159.241301
7.095950,0.242039,25.731163,8.247945,8.247945,159.456240
7.838250,0.232316,26.976811,9.670479,9.670479,167.396168
8.259680,0.220845,27.644120,9.818580,9.818580,172.939035
8.332390,0.264659,29.134702,8.289964,8.289964,168.863839
8.264230,0.389351,33.986532,9.163612,9.163612,185.377803
6.833298,0.284364,27.535972,9.363964,9.363964,167.999385
8.032152,0.364592,29.876549,7.416148,7.416148,182.973879
7.425689,0.311550,27.046270,10.121959,10.121959,170.519505
9.216962,0.337571,28.837775,7.273878,7.273878,165.863558
6.633531,0.244039,26.267522,6.305320,6.305320,167.894914
6.108208,0.410672,22.656700,6.157677,6.157677,161.249529
5.845714,0.265413,21.784949,8.023141,8.023141,162.866730
6.176430,0.323102,23.088781,8.225024,8.225024,165.321397
7.582166,0.510032,23.052961,7.608430,7.608430,172.850553
8.877034,0.421236,30.846178,9.963781,9.963781,191.870751
6.714921,0.329825,28.416801,13.047330,13.047330,204.000572
7.010843,0.309334,28.776085,10.592136,10.592136,198.125841
8.480238,0.299374,28.754433,11.705189,11.705189,195.005671
7.254567,0.273790,33.075780,11.065876,11.065876,194.702537
10.068718,0.373506,34.403589,9.080413,9.080413,202.328750
8.981788,0.268591,28.729622,9.556082,9.556082,184.546144
8.610504,0.295710,30.471120,9.600233,9.600233,193.846113
7.536387,0.249758,30.675368,9.542983,9.542983,185.842848
8.339596,0.263151,29.401376,8.459131,8.459131,183.942909
7.755264,0.247677,30.115633,8.731823,8.731823,192.053191
8.628549,0.284966,28.380131,9.905561,9.905561,191.292437
8.613769,0.207968,33.559290,8.881583,8.881583,200.924800
9.144309,0.225180,26.625374,10.618010,10.618010,197.654619
8.224528,0.190959,26.952473,9.056144,9.056144,198.250292
8.171166,0.189342,27.065269,8.764066,8.764066,201.124189
8.312781,0.183453,28.750645,7.114493,7.114493,200.354675
9.168910,0.181519,28.007893,12.974757,12.974757,195.639733
10.231105,0.214469,31.309409,9.511432,9.511432,193.585275
7.817713,0.221609,25.700755,9.963240,9.963240,193.694473
7.750068,0.180662,29.042386,9.296236,9.296236,196.571571
7.253037,0.214778,24.641523,11.542365,11.542365,200.961091
8.029010,0.198839,32.087304,10.553120,10.553120,198.057031
7.266209,0.182176,29.776384,12.764240,12.764240,188.117916
7.745302,0.190413,26.139573,14.637521,14.637521,194.285307
6.213613,0.265113,24.211079,12.311451,12.311451,175.009640
6.178170,0.256087,21.722679,11.378008,11.378008,112.224570
5.710105,0.198289,23.691486,10.772157,10.772157,175.501323
6.708530,0.439982,29.188424,8.437326,8.437326,124.165694
5.917321,0.275988,28.805347,9.862564,9.862564,112.851475
6.510354,0.271066,30.997961,9.469880,9.469880,189.227983
6.810059,0.286974,29.574478,11.049147,11.049147,190.251866
6.962161,0.253463,28.233501,9.810345,9.810345,191.121725
7.125801,0.266702,26.235665,11.984807,11.984807,202.813593
7.113941,0.249255,27.903163,12.932471,12.932471,200.052078
7.558678,0.251941,31.201726,15.931148,15.931148,201.990535
7.694727,0.197214,31.349432,16.734835,16.734835,205.217703
8.143066,0.164721,29.945101,19.148013,19.148013,206.916373
8.238157,0.182622,29.064571,14.817465,14.817465,206.217505
7.884356,0.184181,30.590208,13.236377,13.236377,199.175027
9.027838,0.179916,30.389518,11.804770,11.804770,207.372673
8.340098,0.154876,28.884587,11.290448,11.290448,207.333824
8.346359,0.141880,30.033639,12.320270,12.320270,204.485116
8.208200,0.178821,33.813067,11.406535,11.406535,210.817257
8.510736,0.151951,31.136167,12.809684,12.809684,213.791943
8.966523,0.158842,29.797435,13.661018,13.661018,208.517610
8.522814,0.156209,31.158255,12.198269,12.198269,210.175143
8.259711,0.148829,30.648922,12.934879,12.934879,206.060896
8.261088,0.166929,30.278341,11.935301,11.935301,214.698321
8.236843,0.188548,29.870064,13.664371,13.664371,214.741524
8.572725,0.148371,29.487204,10.308749,10.308749,213.410176
8.661341,0.142342,28.410502,12.736804,12.736804,206.882756
14.386714,0.192109,35.899634,10.253931,10.253931,214.236539
9.326251,0.149748,37.797748,13.427859,13.427859,211.422307
9.767413,0.124898,30.895704,13.956057,13.956057,205.888750
9.762920,0.112461,29.588763,12.423021,12.423021,202.139803
9.801411,0.157597,31.354241,17.845741,17.845741,208.614547
10.258044,0.128553,30.536539,10.166866,10.166866,205.247290
21.437293,0.223068,45.047271,17.953701,17.953701,261.691649
10.371264,0.158703,37.402977,17.058344,17.058344,231.549721
10.535832,0.138910,31.667628,17.075142,17.075142,214.134360
10.612629,0.162464,32.905049,11.456116,11.456116,215.713867
11.731562,0.132800,30.715310,12.850566,12.850566,217.531989
11.643395,0.138983,32.437691,11.364930,11.364930,208.755064
11.792966,0.133149,30.646953,12.873470,12.873470,218.462755
10.927373,0.114322,31.564520,11.867169,11.867169,215.126781
12.140076,0.163774,31.163668,12.559134,12.559134,220.568663
14.289130,0.158522,32.291953,12.316000,12.316000,221.364439
13.779612,0.157819,32.550960,14.874720,14.874720,251.004028
10.499168,0.142784,31.358553,8.924754,8.924754,217.717537
10.375059,0.140855,29.149351,18.047631,18.047631,219.061241
13.624963,0.133127,30.738360,16.254917,16.254917,219.152538
13.143870,0.124899,28.654985,16.886918,16.886918,218.804607
11.325863,0.205489,30.063285,14.753548,14.753548,227.909269
10.278877,0.122301,31.719046,13.334863,13.334863,208.983024
10.278760,0.157581,29.450412,17.187493,17.187493,217.396914
10.107752,0.164725,26.226418,18.800937,18.800937,211.246707
9.623051,0.155039,26.511532,17.254747,17.254747,208.660315
9.015747,0.327432,28.321362,16.311797,16.311797,213.507809
10.081521,0.193776,26.774429,16.274655,16.274655,206.288064
9.515799,0.176163,24.858302,18.843535,18.843535,204.066308
9.837158,0.144374,26.481990,15.292292,15.292292,200.388577
9.353250,0.158806,23.739491,19.321835,19.321835,207.794473
8.836864,0.122042,21.927130,15.387955,15.387955,195.197534
9.863964,0.137529,25.135638,13.257167,13.257167,197.407727
9.219428,0.152167,22.301128,15.676143,15.676143,195.804606
9.761000,0.109318,24.707656,12.811013,12.811013,189.429093
7.756387,0.152692,18.110204,11.606134,11.606134,105.974867
6.314286,0.056126,15.595291,14.549426,14.549426,97.324680
6.965334,0.199341,20.540498,10.956683,10.956683,102.335378
5.886846,0.067449,15.107668,10.326399,10.326399,83.001553
7.098543,0.068019,16.080597,10.933665,10.933665,84.038847
7.022419,0.165168,32.067735,11.727031,11.727031,99.934923
12.159265,0.139548,27.139578,10.595413,10.595413,94.130030
11.683725,0.089165,29.970716,10.446206,10.446206,174.267576
11.979798,0.118135,32.351269,12.970757,12.970757,167.003338
12.132329,0.082078,29.814541,10.400469,10.400469,87.101775
