1403715893384058112.000000 4.166406631 1.710575700 -4.671006203 -0.578058779 -0.590666354 -0.403060436 0.393069625
1403715894134057984.000000 4.118988991 1.666971922 -4.574687481 -0.582175195 -0.590340972 -0.393528640 0.397120804
1403715896634057984.000000 3.091042995 1.695831060 -3.985613346 -0.604522645 -0.535410523 -0.367474318 0.461357355
1403715896834057984.000000 3.123330116 1.680823445 -3.944561958 -0.608141840 -0.532952607 -0.359149843 0.465979129
1403715897234057984.000000 3.407026291 1.628481507 -3.863759041 -0.623018026 -0.528136194 -0.333507568 0.470843345
1403715899434057984.000000 6.833191872 1.342392206 -3.947464228 -0.684013784 -0.499099582 -0.443758398 0.293433428
1403715900084058112.000000 7.587434769 1.611446977 -4.019306183 -0.648353517 -0.519019008 -0.477336556 0.287065834
1403715901584058112.000000 7.716715813 2.573829651 -3.947134972 -0.638518751 -0.455764323 -0.501252532 0.365128189
1403715901984058112.000000 7.522311687 2.404653311 -3.889222383 -0.653642833 -0.468790889 -0.482855260 0.346174777
1403715902184058112.000000 7.410045147 2.287610531 -3.868884325 -0.648570955 -0.472045928 -0.488098472 0.343930662
1403715904734057984.000000 5.658167362 2.194846153 -3.456839085 -0.258573145 -0.759880245 -0.227708504 0.551244795
1403715906084058112.000000 5.361159325 2.010454893 -3.956097364 0.155657157 -0.824359298 0.116584197 0.531611562
1403715906284058112.000000 5.334748268 1.934512973 -4.012571335 0.254004657 -0.790448248 0.150735050 0.536611617
1403715908634057984.000000 5.840954304 1.319531202 -3.882652760 0.794671595 -0.097038612 0.594644785 0.074015483
1403715911484058112.000000 4.543772221 2.066208363 -4.225979328 -0.307899594 -0.730412841 -0.230800450 0.564292610
1403715913184058112.000000 4.171067715 0.822981119 -3.975109577 0.118154384 -0.803720057 0.094376892 0.575470865
1403715915884058112.000000 4.711362839 -1.110415578 -4.080049515 0.090820350 -0.831852674 0.061943445 0.543999970
1403715918584058112.000000 3.458110094 -1.070791245 -4.573300838 -0.245700359 -0.771922946 -0.114080511 0.575110435
1403715919284058112.000000 3.850585699 -0.873924315 -4.632142067 -0.217981488 -0.813290060 -0.195983395 0.502626956
1403715919784058112.000000 3.844818830 -0.774101496 -4.693791389 -0.222658306 -0.791247308 -0.184151933 0.538924098
1403715921034057984.000000 3.359090567 -0.817005634 -4.603651047 -0.194495171 -0.785227418 -0.108437903 0.577780962
1403715922984058112.000000 2.992521286 -0.724519014 -3.348011017 -0.143887177 -0.794268966 -0.108830057 0.580163300
1403715923334057984.000000 3.018776894 -0.748958230 -3.227513552 -0.145463943 -0.805830717 -0.104924135 0.564329624
1403715923734057984.000000 3.053919315 -0.789261758 -3.122075796 -0.173100755 -0.799129426 -0.062338904 0.572312951
1403715924134057984.000000 3.131838560 -0.746925235 -3.287011862 -0.157510430 -0.780857146 -0.082328610 0.598894477
1403715924234057984.000000 3.167961836 -0.727678239 -3.347586155 -0.152773455 -0.783461750 -0.089177288 0.595730901
1403715924584058112.000000 3.335874796 -0.662420094 -3.549928904 -0.154706568 -0.804549754 -0.091671474 0.566005170
1403715924684058112.000000 3.387047291 -0.641678512 -3.605231524 -0.165685564 -0.805702150 -0.084842235 0.562311351
1403715924984058112.000000 3.543557644 -0.541923642 -3.763527632 -0.221464559 -0.784386456 -0.109916940 0.568867028
1403715925134057984.000000 3.633949280 -0.472503573 -3.825392008 -0.248074189 -0.761601031 -0.151688591 0.579149067
1403715925284058112.000000 3.740392923 -0.404029727 -3.859055042 -0.282826722 -0.745246470 -0.182911247 0.575465322
1403715925434057984.000000 3.863248348 -0.340907156 -3.870789766 -0.329783946 -0.735845566 -0.196620762 0.557776153
1403715925684058112.000000 4.098717690 -0.233572900 -3.883633375 -0.400209755 -0.715425611 -0.228191823 0.525287390
1403715926384058112.000000 4.918282986 0.108491123 -4.003392696 -0.556189656 -0.567170978 -0.383376986 0.471160471
1403715928034057984.000000 6.429968357 -0.162908196 -4.337471962 -0.736750305 -0.237328559 -0.611344039 0.164720312
1403715930634057984.000000 5.927903175 -0.720416129 -4.305338383 -0.832066894 -0.015616884 -0.549227297 0.075961813
1403715932684058112.000000 7.590334892 -0.861956716 -3.916059971 -0.691713393 -0.053976711 -0.718398571 0.050226212
1403715934484058112.000000 7.238318443 -0.776105881 -3.252922773 -0.697163403 -0.024191765 -0.716210961 0.020492502
1403715934734057984.000000 7.285715580 -0.752202392 -3.238909245 -0.651856184 -0.024982680 -0.757166743 0.034029763
1403715934934057984.000000 7.088924885 -0.751004219 -3.216609001 -0.698402524 -0.027477572 -0.713945806 0.041955363
1403715936084058112.000000 5.818318844 -0.811322272 -3.493115902 -0.885645270 -0.033090711 -0.463035911 0.011627818
1403715936384058112.000000 6.063674927 -0.756263614 -3.507237673 -0.783077180 -0.024780849 -0.621288180 0.013301413
1403715936884058112.000000 6.207995892 -0.661152363 -3.576009512 -0.765682340 -0.007796146 -0.642838180 0.020710867
1403715938384058112.000000 5.833773613 -0.350022823 -4.086745739 -0.802882016 -0.278434128 -0.502448320 0.159375757
1403715939484058112.000000 6.650969982 0.674267352 -4.063151836 -0.709685385 -0.333128482 -0.563591182 0.260263443
1403715941334057984.000000 6.724887848 1.436227918 -3.334973574 -0.692017019 -0.294421673 -0.603909850 0.264047951
1403715941634057984.000000 6.884883881 1.713997841 -3.258134365 -0.639554203 -0.261340201 -0.655555069 0.304826647
1403715941884058112.000000 6.866776466 1.739988804 -3.286565781 -0.602286458 -0.239198491 -0.684857905 0.333173811
1403715942034057984.000000 6.770989418 1.635020375 -3.325186729 -0.630874157 -0.258970588 -0.662266076 0.310379893
1403715944534057984.000000 6.174770832 0.786631584 -4.178623676 -0.779176533 -0.433230966 -0.382418931 0.242797270
1403715946134057984.000000 6.178201675 0.916176498 -3.724410057 -0.672035575 -0.577784657 -0.349275321 0.304203689
1403715946434057984.000000 6.096823692 0.978885949 -3.640716553 -0.640585005 -0.616361737 -0.332476020 0.314974368
1403715946984058112.000000 5.946556568 1.452517033 -3.440368176 -0.513979495 -0.550333619 -0.457414120 0.473001540
1403715947084058112.000000 5.918722153 1.494923592 -3.416087389 -0.503963113 -0.538129330 -0.468446016 0.486822784
1403715947584058112.000000 5.797291756 1.251061797 -3.410752535 -0.557428062 -0.553091884 -0.422474861 0.452634901
1403715948084058112.000000 5.740314960 0.797186553 -3.673291683 -0.629691422 -0.643062651 -0.295841157 0.320057988
1403715948384058112.000000 5.718400002 0.869528115 -3.800059795 -0.613338590 -0.637547553 -0.315552205 0.343184710
1403715950934057984.000000 5.067697048 1.967107415 -4.007174492 -0.336984038 -0.618371546 -0.354684055 0.615026534
1403715951634057984.000000 5.145213127 1.349758744 -3.923002005 -0.384091198 -0.813304782 -0.175525859 0.400249839
1403715951834057984.000000 5.064043999 1.320115924 -3.881658077 -0.359247565 -0.833374858 -0.149925038 0.392364532
1403715952834057984.000000 4.540109158 1.731971264 -3.570157528 -0.164892748 -0.665666521 -0.163399935 0.709224224
1403715952934057984.000000 4.618051052 1.713516116 -3.545829535 -0.166737050 -0.687548697 -0.155624390 0.689388633
1403715953784058112.000000 5.333834648 1.550347686 -3.666658640 -0.134215146 -0.906065881 -0.043066900 0.398968965
1403715953934057984.000000 5.242440224 1.610582829 -3.667080641 -0.089700848 -0.900936544 -0.062153239 0.420004934
1403715954534057984.000000 4.516202450 1.691014051 -3.726090193 -0.050442696 -0.725306869 -0.074067123 0.682568371
1403715954684058112.000000 4.424804688 1.639529586 -3.740111589 -0.053143740 -0.691091537 -0.066837594 0.717705369
1403715954884058112.000000 4.439939976 1.543414235 -3.763068199 -0.054623261 -0.713213921 -0.063933872 0.695884168
1403715955684058112.000000 4.964959145 1.094735861 -3.794331312 -0.100655928 -0.902038693 -0.002019510 0.419750512
1403715955884058112.000000 4.860575676 1.066457033 -3.744143248 -0.049997296 -0.870255828 -0.000258775 0.490056247
1403715956334057984.000000 4.520552158 1.033920288 -3.618340969 0.102061629 -0.752576232 0.040132470 0.649308860
1403715956634057984.000000 4.521908283 0.990273237 -3.532767773 0.165786952 -0.684845567 0.117698230 0.699748814
1403715957584058112.000000 5.561584949 1.062827706 -3.583973885 0.187861845 -0.899166048 0.099462241 0.382512420
1403715957734057984.000000 5.569055557 1.015891433 -3.642571926 0.193984762 -0.901123703 0.092003919 0.376671374
1403715957884058112.000000 5.477834702 0.925666153 -3.681718349 0.193809137 -0.865958929 0.107530408 0.448319495
1403715958034057984.000000 5.334263325 0.806875944 -3.705689430 0.200417623 -0.807667673 0.134565681 0.537957072
1403715958334057984.000000 5.081332207 0.570800900 -3.765487671 0.228894323 -0.701563060 0.193381414 0.646544993
1403715958484058112.000000 5.026709557 0.488634497 -3.800178051 0.242514685 -0.660481095 0.224551991 0.674186766
1403715959484058112.000000 5.620182514 0.897083342 -4.072026730 0.474716663 -0.762999654 0.242570192 0.365561813
1403715959884058112.000000 5.604115486 0.729327977 -4.029061317 0.493896991 -0.692953467 0.309504837 0.424367785
1403715960184058112.000000 5.536732674 0.456953228 -3.956935883 0.448161185 -0.589206278 0.405012280 0.536612213
1403715961034057984.000000 5.817679405 0.882221103 -3.832360506 0.528922021 -0.706677973 0.262408257 0.389858514
1403715961484058112.000000 5.990328789 0.861370325 -3.705125093 0.506731391 -0.727176666 0.288916618 0.361890525
1403715962084058112.000000 5.975651264 0.316156745 -3.507691145 -0.488532603 0.504631937 -0.483280748 -0.522611022
1403715962484058112.000000 6.013128757 0.483465999 -3.566277742 0.523244202 -0.491266340 0.536949217 0.443349034
1403715964784058112.000000 5.747329235 1.399875760 -4.568761826 0.746350348 -0.335875690 0.537317693 0.203564540
1403715965434057984.000000 5.796605587 1.363364697 -4.380151749 0.795575678 -0.328844666 0.472701907 0.188344032
1403715966234057984.000000 6.061546803 1.096646667 -4.129636288 0.665539086 -0.267404526 0.645025551 0.263618290
1403715966834057984.000000 5.966205597 1.320751429 -3.974194527 0.818529129 -0.362118781 0.406016737 0.184473246
1403715967484058112.000000 6.254762173 1.276786447 -3.727605104 0.652625382 -0.292463005 0.635841906 0.290259540
1403715969434057984.000000 5.427499294 2.075381994 -4.100901604 0.858268976 -0.277244866 0.411172807 0.132085681
1403715969934057984.000000 5.578831196 2.028006315 -4.192488194 0.816131830 -0.208385736 0.494919538 0.213445172
1403715970484058112.000000 6.034512043 2.132932663 -4.194585800 0.676713407 -0.208226264 0.682586193 0.181044042
1403715970984058112.000000 5.853898048 2.461172819 -4.174916744 0.839604437 -0.302877694 0.447036088 0.059061974
1403715971334057984.000000 5.873375416 2.340013504 -4.049187660 0.867358863 -0.201277137 0.438152730 0.123281792
1403715974184058112.000000 5.105604172 1.886922598 -3.602059841 0.845226943 -0.015358208 0.533612609 -0.024764784
1403715976984058112.000000 5.975068092 0.622121155 -3.650704622 -0.816193163 -0.085310586 -0.570109069 0.039070945
1403715977984058112.000000 6.245168209 1.161922932 -3.677159071 -0.734105229 -0.354110628 -0.536910117 0.217767701
1403715978234057984.000000 6.233050823 1.351885796 -3.687299013 -0.671420157 -0.451270014 -0.526790977 0.260847956
1403715978484058112.000000 6.140057087 1.551238418 -3.702323437 -0.621000648 -0.515204966 -0.492475688 0.326174527
1403715980434057984.000000 4.700219154 1.440169215 -3.625811577 0.038692370 -0.782705843 -0.014007176 0.621030152
1403715980634057984.000000 4.677422523 1.191633463 -3.614044428 0.109354645 -0.772171676 0.067667976 0.622264922
1403715980834057984.000000 4.709445000 0.947167218 -3.610336065 0.185232341 -0.761308372 0.142352775 0.604842305
1403715981234057984.000000 4.903656483 0.541876912 -3.606232166 0.343236268 -0.698232889 0.288272411 0.558174551
1403715981434057984.000000 5.046137810 0.413604885 -3.598299980 0.423416317 -0.648328006 0.360520661 0.520013750
1403715981834057984.000000 5.358501434 0.373394907 -3.570015907 0.575432479 -0.517520368 0.470431626 0.423962414
1403715982034057984.000000 5.509645939 0.463668525 -3.564479828 0.647584379 -0.460644454 0.489473969 0.358965665
1403715982384058112.000000 5.754517078 0.708741784 -3.545827150 0.719460487 -0.348296225 0.536017299 0.271572828
1403715982634057984.000000 5.910403728 0.939061046 -3.533345699 0.756420374 -0.256928414 0.564605415 0.207453400
1403715982834057984.000000 6.015704155 1.155535340 -3.527323484 0.779696822 -0.177568689 0.582584143 0.145388797
1403715983034057984.000000 6.092995167 1.392899990 -3.520986080 0.794798553 -0.095896780 0.593312800 0.084137566
1403715983234057984.000000 6.141595364 1.642974377 -3.517399073 0.799438655 -0.015469196 0.600272894 0.018196845
1403715983434057984.000000 6.158416748 1.896238685 -3.515949488 -0.794071794 -0.073090710 -0.601349890 0.049860209
1403715983834057984.000000 6.068936348 2.354176521 -3.503600359 -0.732097447 -0.224815696 -0.607677579 0.210283637
1403715984134057984.000000 5.870430470 2.559476852 -3.490027189 -0.697558522 -0.323816568 -0.566369176 0.296278507
1403715984234057984.000000 5.786946297 2.593647003 -3.484776974 -0.688706815 -0.353359967 -0.545934498 0.320585996
1403715984384058112.000000 5.654826164 2.613746643 -3.472458363 -0.667581499 -0.394830942 -0.522755086 0.353794724
1403715984484058112.000000 5.564453125 2.606853247 -3.462596178 -0.649862349 -0.424418449 -0.510144055 0.370541334
1403715984584058112.000000 5.473379612 2.584817886 -3.454233408 -0.636115551 -0.458686352 -0.489654124 0.381054789
1403715984684058112.000000 5.381589413 2.551334858 -3.447302341 -0.621172488 -0.496688247 -0.465851516 0.387850285
1403715984784058112.000000 5.288876534 2.509869576 -3.441907406 -0.602551997 -0.528599918 -0.438473970 0.406514406
1403715984834057984.000000 5.242943287 2.487387419 -3.439019203 -0.591772020 -0.541091979 -0.425147623 0.419851154
1403715985884058112.000000 4.506209850 1.710040450 -3.414214134 -0.587850928 -0.612180531 -0.339541346 0.405435592
1403715986234057984.000000 4.310191154 1.509591222 -3.544912100 -0.599755943 -0.577174008 -0.355282992 0.425366849
1403715986584058112.000000 4.196228504 1.382276773 -3.712755442 -0.581755519 -0.590916634 -0.380485535 0.409400672
1403715986984058112.000000 4.094797611 1.322196364 -3.910110950 -0.585489094 -0.600570381 -0.371793866 0.397853076
1403715987434057984.000000 4.037588120 1.345729232 -4.083878517 -0.604949474 -0.530722499 -0.414017677 0.425393075
1403715987934057984.000000 4.065832615 1.290139318 -4.237881660 -0.612693191 -0.563393950 -0.405871212 0.377442628
1403715988134057984.000000 4.073391438 1.284509182 -4.286351681 -0.608072877 -0.567213953 -0.405129462 0.379981458
1403715988584058112.000000 4.071907043 1.302548528 -4.355745316 -0.595032036 -0.548995495 -0.416672379 0.413430840
1403715989034057984.000000 4.105250359 1.275708079 -4.389097691 -0.609237671 -0.556847453 -0.402135640 0.396279395
1403715989284058112.000000 4.149896622 1.268614173 -4.391157627 -0.608939350 -0.557912946 -0.406507879 0.390739560
1403715989734057984.000000 4.236149311 1.288101554 -4.391024113 -0.601217330 -0.552609026 -0.420090050 0.395835102
1403715990084058112.000000 4.291047096 1.306865335 -4.416559696 -0.591930270 -0.556839228 -0.428720921 0.394648165
1403715990434057984.000000 4.315055847 1.307304740 -4.469336987 -0.590776384 -0.564251125 -0.425557882 0.389235675
1403715990834057984.000000 4.286587715 1.308701277 -4.594313622 -0.595555782 -0.573292971 -0.416641802 0.378230244
1403715991134057984.000000 4.220648289 1.338902235 -4.655864716 -0.592120349 -0.567264259 -0.420623839 0.388175756
1403715991434057984.000000 4.213235855 1.341912270 -4.654707909 -0.590127468 -0.566767156 -0.422708929 0.389668673
1403715991784058112.000000 4.212595463 1.341009378 -4.656791210 -0.590958953 -0.565841198 -0.421576589 0.390978813
1403715992184058112.000000 4.211765766 1.340036869 -4.657454491 -0.591363430 -0.565496087 -0.420991749 0.391496301
1403715992684058112.000000 4.211024761 1.338503122 -4.656524181 -0.591411114 -0.565331399 -0.421030909 0.391619951
1403715993184058112.000000 4.210954666 1.337202072 -4.656210423 -0.591623425 -0.565284669 -0.420816481 0.391597331
1403715993684058112.000000 4.211160183 1.338168502 -4.656597614 -0.591882527 -0.565181792 -0.420473635 0.391722590
1403715993984058112.000000 4.211574078 1.339825153 -4.656480789 -0.591544151 -0.564889193 -0.420980453 0.392111182
