1403638538777829376.000000 -3.464780569 1.273561597 4.970391273 -0.558415055 -0.625027955 -0.361504287 0.408445030
1403638539027829504.000000 -3.467038870 1.283077240 4.971326828 -0.553360224 -0.619199336 -0.369270504 0.417161882
1403638539277829376.000000 -3.471447468 1.300677419 4.997912407 -0.546062469 -0.609085858 -0.380050927 0.431730866
1403638541177829376.000000 -3.675050735 1.819709301 5.235912800 -0.426438719 -0.706729233 -0.311457038 0.470827341
1403638541377829376.000000 -3.754508972 1.906862020 5.236515045 -0.416095585 -0.713480473 -0.304080546 0.474705249
1403638541827829504.000000 -4.005162239 2.087029934 5.327483177 -0.402435482 -0.717449963 -0.289169103 0.489584059
1403638542227829504.000000 -4.283452511 2.212495327 5.422706127 -0.343802691 -0.750598133 -0.237525776 0.511843324
1403638542677829376.000000 -4.616679668 2.328289032 5.457013607 -0.255496800 -0.769327283 -0.228673846 0.539041102
1403638543027829504.000000 -4.891394615 2.332428455 5.536370277 -0.271558732 -0.776335478 -0.196382269 0.533847570
1403638543327829504.000000 -5.133959770 2.313201189 5.605063915 -0.279350728 -0.774967730 -0.193410039 0.532898545
1403638544527829504.000000 -6.226057529 2.193137407 5.770634651 -0.156021371 -0.810640395 -0.103792742 0.554749191
1403638544727829504.000000 -6.422330856 2.179405451 5.797502995 -0.150589928 -0.802597463 -0.103985913 0.567756116
1403638545127829504.000000 -6.800759315 2.155089855 5.836022854 -0.149593234 -0.807456195 -0.099470660 0.561909199
1403638545477829376.000000 -7.121608257 2.138104439 5.797139645 -0.146082669 -0.806346774 -0.098377794 0.564611793
1403638546077829376.000000 -7.657857418 2.090576410 5.817754745 -0.040215723 -0.823842764 -0.035969403 0.564244688
1403638546227829504.000000 -7.791207790 2.076848745 5.835860729 -0.020263206 -0.824942827 -0.022875242 0.564389527
1403638546677829376.000000 -8.205989838 2.022208214 5.830501080 -0.001061009 -0.825904846 -0.002260875 0.563804090
1403638547127829504.000000 -8.650938988 1.944960594 5.895592690 0.023940444 -0.826765001 -0.004487640 0.562020004
1403638548477829376.000000 -10.106467247 1.380856633 5.835284233 0.064908378 -0.827199161 0.039191611 0.556769729
1403638548677829376.000000 -10.343833923 1.266962290 5.865611553 0.083638050 -0.824837983 0.053640507 0.556569576
1403638548877829376.000000 -10.585484505 1.151791692 5.891792774 0.092703588 -0.824223697 0.059540235 0.555442452
1403638549077829376.000000 -10.829715729 1.034057379 5.942022324 0.094557390 -0.823966265 0.062180363 0.555222571
1403638549477829376.000000 -11.326252937 0.795712471 6.094784737 0.087401062 -0.822634161 0.068465903 0.557625830
1403638549677829376.000000 -11.578517914 0.678212762 6.156030655 0.085210338 -0.820038736 0.069056906 0.561700046
1403638550077829376.000000 -12.098302841 0.457286566 6.309558392 0.084234469 -0.822528481 0.068671711 0.558243454
1403638550477829376.000000 -12.641586304 0.254456937 6.558968544 0.084265068 -0.822360814 0.071956187 0.558072209
1403638550777829376.000000 -13.053383827 0.122229517 6.704514503 0.079085715 -0.816422999 0.079657249 0.566439390
1403638550977829376.000000 -13.322238922 0.052216575 6.782366276 0.076995023 -0.805087566 0.081324063 0.582487881
1403638551177829376.000000 -13.570871353 -0.000309460 6.850082874 0.073695876 -0.800255954 0.086443454 0.588801265
1403638551327829504.000000 -13.737820625 -0.023031458 6.910398483 0.069501266 -0.803262889 0.087117948 0.585105836
1403638553477829376.000000 -15.127358437 1.287895083 7.371760845 -0.033749800 -0.790374160 -0.008126350 0.611640215
1403638555777829376.000000 -13.865991592 3.275504112 7.695706367 -0.076634482 -0.816400886 -0.039056022 0.571044207
1403638558377829376.000000 -13.107552528 5.963781834 8.062254906 -0.074382357 -0.836331725 -0.043933362 0.541374445
1403638561277829376.000000 -14.241107941 8.787500381 7.908915997 -0.345559061 -0.717421055 -0.220384628 0.563317478
1403638561677829376.000000 -14.143527031 9.055895805 7.895518780 -0.350377530 -0.733231902 -0.240738362 0.530708730
1403638561927829504.000000 -14.060112953 9.204809189 7.846780300 -0.348725140 -0.734189153 -0.246559247 0.527793288
1403638563427829504.000000 -13.302992821 9.745926857 7.763121605 -0.542583823 -0.585361660 -0.370916635 0.474737287
1403638563877829376.000000 -12.885170937 9.753582954 7.709601879 -0.546695411 -0.587829888 -0.366716951 0.470211565
1403638564027829504.000000 -12.719043732 9.732164383 7.720989704 -0.544497550 -0.589128017 -0.362606585 0.474306941
1403638564727829504.000000 -11.766164780 9.488386154 7.762964725 -0.530990362 -0.599351704 -0.354087710 0.483165205
1403638564927829504.000000 -11.443342209 9.375260353 7.753201485 -0.534821153 -0.595411479 -0.350386828 0.486498326
1403638565127829504.000000 -11.097078323 9.249589920 7.676263332 -0.536247909 -0.594950199 -0.348051786 0.487167686
1403638566277829376.000000 -8.825951576 8.326609612 7.126756191 -0.526830554 -0.610579610 -0.378745556 0.454085737
1403638566677829376.000000 -8.083733559 7.918466568 6.852752209 -0.532538891 -0.623438954 -0.363899946 0.441931099
1403638566777829376.000000 -7.905332565 7.816113472 6.767817020 -0.538549364 -0.633497953 -0.353065997 0.428939819
1403638566927829504.000000 -7.646498680 7.676906109 6.639246941 -0.542398393 -0.643941879 -0.342616796 0.416841179
1403638567127829504.000000 -7.317750931 7.520418167 6.469280720 -0.531475544 -0.636379361 -0.355165750 0.431755036
1403638567477829376.000000 -6.779856205 7.274357796 6.143886089 -0.519900143 -0.624911726 -0.375656396 0.445052147
1403638567627829504.000000 -6.563185215 7.164954185 6.018229008 -0.524559379 -0.627764583 -0.373532236 0.437290281
1403638568077829376.000000 -5.990001202 6.866218567 5.751265049 -0.532174170 -0.632916093 -0.370230287 0.423246264
1403638568427829504.000000 -5.624858379 6.679895878 5.634076118 -0.531885982 -0.633030653 -0.373082519 0.420926243
1403638570277829376.000000 -4.922725201 6.329654217 5.333414555 -0.533186615 -0.627505541 -0.371797085 0.428620756
1403638571677829376.000000 -4.396609306 6.156855583 4.964870453 -0.673854113 -0.459904313 -0.453830868 0.358394116
1403638572827829504.000000 -3.129445553 5.627463818 4.885411739 -0.762810051 -0.338310152 -0.501113474 0.229243174
1403638573077829376.000000 -2.803813934 5.549279690 4.923059940 -0.764093339 -0.344129056 -0.498024762 0.222952917
1403638573327829504.000000 -2.471181393 5.506435871 4.940613270 -0.762695909 -0.349168628 -0.495393544 0.225746229
1403638573527829504.000000 -2.196250677 5.499670982 4.963646412 -0.763533294 -0.349613577 -0.496259660 0.220258310
1403638573977829376.000000 -1.564991951 5.578146935 5.082717896 -0.763599277 -0.311883450 -0.527847946 0.202537194
1403638574127829504.000000 -1.360011697 5.620911598 5.105158806 -0.770065904 -0.266681910 -0.541751444 0.205875590
1403638574477829376.000000 -0.899983287 5.676906109 5.118123055 -0.793210030 -0.178365454 -0.558227956 0.165485069
1403638574677829376.000000 -0.647465467 5.675910950 5.129928589 -0.799314618 -0.151799843 -0.564835489 0.137890831
1403638574927829504.000000 -0.344103634 5.660032749 5.173429489 -0.808249295 -0.148922443 -0.558643401 0.111682162
1403638575377829376.000000 0.192913204 5.620121002 5.183694363 -0.815920234 -0.141691566 -0.545692623 0.128130376
1403638575677829376.000000 0.577264726 5.572563171 5.159849167 -0.818831682 -0.160697296 -0.538534701 0.116925016
1403638576477829376.000000 1.743759632 5.563202858 5.352748871 -0.815050960 -0.181905016 -0.541672051 0.095885552
1403638576777829376.000000 2.210110664 5.648564816 5.394044876 -0.810041308 -0.189798370 -0.548417926 0.083949029
1403638577177829376.000000 2.803302050 5.858710766 5.404590607 -0.803259969 -0.172120199 -0.559780777 0.108598173
1403638577527829504.000000 3.286568403 6.084518433 5.475223064 -0.801876545 -0.182352453 -0.561045587 0.094707713
1403638577977829376.000000 3.854598522 6.442920685 5.516909122 -0.803744256 -0.179960921 -0.557876647 0.101897053
1403638578377829376.000000 4.330365181 6.814680576 5.577424049 -0.804635286 -0.165559173 -0.556083798 0.126186892
1403638578777829376.000000 4.790029526 7.162754059 5.606466293 -0.803060114 -0.168730989 -0.559190571 0.118026093
1403638579027829504.000000 5.061697960 7.371335506 5.608568668 -0.800904870 -0.176564232 -0.561807692 0.108391374
1403638579427829504.000000 5.467763901 7.730725288 5.689760208 -0.801723778 -0.168471366 -0.559980571 0.123604737
1403638582127829504.000000 6.798654556 9.225584030 5.606353283 -0.667118490 -0.455081224 -0.492559999 0.324405313
1403638583327829504.000000 6.718692780 9.425435066 6.065555096 -0.677918911 -0.461131364 -0.480478406 0.311326712
1403638583727829504.000000 6.607929230 9.489589691 6.188259602 -0.677579522 -0.462413371 -0.480735451 0.309763461
1403638586527829504.000000 4.774302959 9.311285973 6.552617073 -0.667410076 -0.459155530 -0.496323317 0.312094957
1403638589127829504.000000 2.505769253 8.968069077 6.313260078 -0.675819635 -0.451710999 -0.485944211 0.321065962
1403638591777829376.000000 0.287509799 8.344714165 6.149793148 -0.706241310 -0.459867269 -0.446824878 0.300154716
1403638592177829376.000000 0.130614772 8.453004837 6.143341064 -0.695995867 -0.454804897 -0.458324790 0.314134896
1403638592777829376.000000 0.014881857 8.677974701 6.383910179 -0.658131301 -0.505701780 -0.431837648 0.353051335
1403638595077829376.000000 -0.141714543 9.512674332 7.231933117 -0.622083426 -0.523086548 -0.445314258 0.375616819
1403638595527829504.000000 -0.247880325 9.499614716 7.263737679 -0.624545515 -0.522627831 -0.444099635 0.373602211
1403638595877829376.000000 -0.330006212 9.469659805 7.281187534 -0.621592760 -0.527516603 -0.448245049 0.366640329
1403638596677829376.000000 -0.730057180 9.377662659 7.255496979 -0.587658286 -0.559341848 -0.489831716 0.319154292
1403638597127829504.000000 -1.351642609 9.345188141 7.403351784 -0.578852177 -0.561299622 -0.501813293 0.313139558
1403638597277829376.000000 -1.633793473 9.337620735 7.434305191 -0.578978956 -0.556816459 -0.503819942 0.317654550
1403638597427829504.000000 -1.950891376 9.327105522 7.450996876 -0.583381772 -0.549683392 -0.500713408 0.326802671
1403638597577829376.000000 -2.296566248 9.311705589 7.456180096 -0.590013623 -0.535960555 -0.493895710 0.347415090
1403638597727829504.000000 -2.659384727 9.287944794 7.450419903 -0.591402769 -0.532375038 -0.492905468 0.351943016
1403638597877829376.000000 -3.037368774 9.255354881 7.433847427 -0.581629395 -0.545365274 -0.495918423 0.344018906
1403638598027829504.000000 -3.435208797 9.213787079 7.411987305 -0.573581934 -0.554465771 -0.495154738 0.344083309
1403638598177829376.000000 -3.856948137 9.163898468 7.402132034 -0.581457317 -0.549750388 -0.476466060 0.364228010
1403638598327829504.000000 -4.289894581 9.102682114 7.399616718 -0.592374206 -0.544767022 -0.457188189 0.378550828
1403638598477829376.000000 -4.721016884 9.036295891 7.387811184 -0.597562969 -0.544940770 -0.447877795 0.381265879
1403638598627829504.000000 -5.147665977 8.964384079 7.360363960 -0.595447838 -0.551116228 -0.440852255 0.383877844
1403638598777829376.000000 -5.568381310 8.891005516 7.327367783 -0.584758043 -0.563314080 -0.432978421 0.391490638
1403638598927829504.000000 -5.983034134 8.814685822 7.305843830 -0.568783104 -0.579266310 -0.423828989 0.401628435
1403638599077829376.000000 -6.392430305 8.735693932 7.294801235 -0.550929308 -0.596361935 -0.411298305 0.414322466
1403638599227829504.000000 -6.798367977 8.651835442 7.298747540 -0.531240940 -0.615163684 -0.398174882 0.425221771
1403638599627829504.000000 -7.855917454 8.410634041 7.362111092 -0.497398734 -0.653637350 -0.364156693 0.439024746
1403638599827829504.000000 -8.370409966 8.293590546 7.367540836 -0.496709138 -0.656639099 -0.359725386 0.438979328
1403638600227829504.000000 -9.368959427 8.101374626 7.323544025 -0.524449646 -0.641679585 -0.332098335 0.450456053
1403638600377829376.000000 -9.717863083 8.045894623 7.293034554 -0.536552906 -0.634711266 -0.319532216 0.455139399
1403638600677829376.000000 -10.331034660 7.987171173 7.275448322 -0.546255589 -0.631223798 -0.310154468 0.454934746
1403638600827829504.000000 -10.593705177 7.986471176 7.292771816 -0.546834886 -0.638303876 -0.308632582 0.445292979
1403638600977829376.000000 -10.832401276 8.006102562 7.315174580 -0.534448504 -0.652821124 -0.324482501 0.427668840
1403638601127829504.000000 -11.061190605 8.045773506 7.326909065 -0.525577068 -0.658860624 -0.335208148 0.421078295
1403638601277829376.000000 -11.286853790 8.102212906 7.329527378 -0.512376964 -0.660648108 -0.352623969 0.420321554
1403638601427829504.000000 -11.517770767 8.171162605 7.330969334 -0.503274381 -0.657523334 -0.352792680 0.435792804
1403638601577829376.000000 -11.752632141 8.244334221 7.344349384 -0.485378385 -0.663486242 -0.344639480 0.453230143
1403638601727829504.000000 -11.987859726 8.317969322 7.369983673 -0.458020777 -0.680329800 -0.332152039 0.465879112
1403638601927829504.000000 -12.304060936 8.406198502 7.426835060 -0.409175634 -0.707706213 -0.311636716 0.484365553
1403638602127829504.000000 -12.620773315 8.483957291 7.477321625 -0.378029883 -0.725439727 -0.293024808 0.494941503
1403638602277829376.000000 -12.860314369 8.532482147 7.499204636 -0.352203339 -0.733550489 -0.287701488 0.505058706
1403638602477829376.000000 -13.185239792 8.575428009 7.538789272 -0.316735953 -0.719370723 -0.258842617 0.561413109
1403638604627829504.000000 -13.701056480 7.413981438 7.848692894 -0.168340340 -0.792298794 -0.133761525 0.570992172
1403638605027829504.000000 -13.511273384 6.995652199 7.852771759 -0.180323735 -0.803973615 -0.117384143 0.554374158
1403638605227829504.000000 -13.417637825 6.797708035 7.884719372 -0.181772143 -0.812257588 -0.115367100 0.542113483
1403638605527829504.000000 -13.317296982 6.530263901 7.924703121 -0.159858271 -0.805550933 -0.145377383 0.551723123
1403638606327829504.000000 -13.214841843 5.591885567 8.003654480 -0.146663338 -0.806865335 -0.169692695 0.546500385
1403638606527829504.000000 -13.228575706 5.285517216 7.980624676 -0.169586807 -0.815278709 -0.141051248 0.535411656
1403638606727829504.000000 -13.267053604 4.978314400 7.935999870 -0.170434535 -0.824360609 -0.121383920 0.525972903
1403638606927829504.000000 -13.337365150 4.683016300 7.881970406 -0.145299345 -0.833529532 -0.098885432 0.523773253
1403638607127829504.000000 -13.446404457 4.407268047 7.854300022 -0.116440877 -0.836562455 -0.066395096 0.531221807
1403638607327829504.000000 -13.581506729 4.155993462 7.844710350 -0.094475381 -0.822696149 -0.052654549 0.558097661
1403638607527829504.000000 -13.723258018 3.925503492 7.806379318 -0.088748008 -0.817627907 -0.042431928 0.567281306
1403638607927829504.000000 -13.991569519 3.520302057 7.670514107 -0.091330931 -0.817229986 -0.039572373 0.567651093
1403638608127829504.000000 -14.121388435 3.348999500 7.577727318 -0.094396673 -0.813724995 -0.042287048 0.571972728
1403638608977829376.000000 -14.509256363 2.749911547 7.053770542 -0.093113989 -0.807373106 -0.050857529 0.580424070
1403638609177829376.000000 -14.552388191 2.632852554 6.975471973 -0.095688231 -0.809360206 -0.046898562 0.577564240
1403638609577829376.000000 -14.596516609 2.448864460 6.783613682 -0.096397616 -0.808772266 -0.047467548 0.578222990
1403638609877829376.000000 -14.604891777 2.347782612 6.598438263 -0.094277963 -0.809339345 -0.050300259 0.577539146
1403638610327829504.000000 -14.577567101 2.241531372 6.405940056 -0.094764836 -0.799271941 -0.050717443 0.591279805
1403638610677829376.000000 -14.493868828 2.188163996 6.214123249 -0.092527017 -0.786132097 -0.054151483 0.608689368
1403638610927829504.000000 -14.377680779 2.157856703 6.091001034 -0.094376825 -0.800171077 -0.047361031 0.590403497
1403638611227829504.000000 -14.203940392 2.142368078 5.963408947 -0.093047187 -0.795745671 -0.045656595 0.596696377
1403638611677829376.000000 -13.855099678 2.133584261 5.814131260 -0.075312510 -0.803463280 -0.074415393 0.585864544
1403638611977829376.000000 -13.595351219 2.096454620 5.719974041 -0.093314797 -0.808080018 -0.052019071 0.579303920
1403638612177829376.000000 -13.420669556 2.075955391 5.658639431 -0.096828349 -0.809466422 -0.049231786 0.577030957
1403638612627829504.000000 -13.034726143 2.064522743 5.580358505 -0.092993245 -0.807003379 -0.061928160 0.579881728
1403638613077829376.000000 -12.635241508 2.045883656 5.448990345 -0.096876904 -0.804267943 -0.068524219 0.582299292
1403638613477829376.000000 -12.267641068 1.997128248 5.427013874 -0.098831668 -0.805620432 -0.068873309 0.580055535
1403638613727829504.000000 -12.036805153 1.959634066 5.398354530 -0.111348465 -0.797288358 -0.068686984 0.589249492
1403638613977829376.000000 -11.787911415 1.922765732 5.329772472 -0.133677900 -0.790469348 -0.083410658 0.591887772
1403638614227829504.000000 -11.512535095 1.888122678 5.242112160 -0.172995880 -0.789135873 -0.114627540 0.578098297
1403638614527829504.000000 -11.168756485 1.841215968 5.181033134 -0.207231745 -0.785431266 -0.130208552 0.568505526
1403638614777829376.000000 -10.878117561 1.811157823 5.185904503 -0.243759751 -0.778927624 -0.134693459 0.561881423
1403638614977829376.000000 -10.636408806 1.804671288 5.225564480 -0.285176933 -0.772393405 -0.149695843 0.547424734
1403638615177829376.000000 -10.387446404 1.824391007 5.283963680 -0.325560510 -0.754450560 -0.191499665 0.536789238
1403638615377829376.000000 -10.134943962 1.860584736 5.354465961 -0.365865439 -0.730359316 -0.240424454 0.524322391
1403638615577829376.000000 -9.885364532 1.897784114 5.403684139 -0.409160167 -0.704485953 -0.276415646 0.509786129
1403638615777829376.000000 -9.642233849 1.929918051 5.445571899 -0.434565365 -0.688865960 -0.295006484 0.499587744
1403638616027829504.000000 -9.338550568 1.959961295 5.513239861 -0.459723681 -0.672835767 -0.308841765 0.490472138
1403638616227829504.000000 -9.093647957 1.980968118 5.530247211 -0.483830988 -0.656531155 -0.324495643 0.479141921
1403638616427829504.000000 -8.845149040 1.999883294 5.485175133 -0.514442384 -0.634187579 -0.344068050 0.463435292
1403638616627829504.000000 -8.597705841 2.015949488 5.414813995 -0.537542820 -0.620670736 -0.353823334 0.447911412
1403638617027829504.000000 -8.102187157 2.081108332 5.261569023 -0.558895767 -0.621168494 -0.343437672 0.428760916
1403638617277829376.000000 -7.786284447 2.173850536 5.228155613 -0.545955658 -0.628448367 -0.354501367 0.425809592
1403638617727829504.000000 -7.264660835 2.411820173 5.280847549 -0.537528872 -0.641944110 -0.351533622 0.418801367
1403638617977829376.000000 -7.012190819 2.591862202 5.374808788 -0.533048630 -0.643405080 -0.351788998 0.422058851
1403638618227829504.000000 -6.785510540 2.795114756 5.454305172 -0.531222582 -0.644722223 -0.349751115 0.424040169
1403638618677829376.000000 -6.432555676 3.203074932 5.532362938 -0.529378116 -0.643774867 -0.354962468 0.423455328
1403638618927829504.000000 -6.270261288 3.452788830 5.589555740 -0.534958184 -0.634099901 -0.364318639 0.423094600
1403638619127829504.000000 -6.153629303 3.658360004 5.627313137 -0.551290333 -0.610712647 -0.387468576 0.415905327
1403638619377829376.000000 -6.022245407 3.909656048 5.627160549 -0.591132402 -0.566796720 -0.417032212 0.394192934
1403638619577829376.000000 -5.930112839 4.101974010 5.600657940 -0.615019023 -0.537972689 -0.430481911 0.383434862
1403638620827829504.000000 -5.229886055 5.007682323 5.470300198 -0.638051927 -0.516922891 -0.426822186 0.378818333
1403638622327829504.000000 -4.349723816 5.491919041 5.273025036 -0.611574769 -0.522718787 -0.446222365 0.391952932
1403638625077829376.000000 -3.851363420 3.545675039 5.346951962 -0.616032362 -0.531174064 -0.433394372 0.387978941
1403638625327829504.000000 -3.820971966 3.272445440 5.339813232 -0.615661442 -0.533668339 -0.426073045 0.393218696
1403638625727829504.000000 -3.754734755 2.843131781 5.364663601 -0.617237270 -0.537491918 -0.422121882 0.389786631
1403638625977829376.000000 -3.703230143 2.586451054 5.386994839 -0.621362090 -0.540851235 -0.417804033 0.383182645
1403638626227829504.000000 -3.643344402 2.347849369 5.378585339 -0.623594344 -0.540573418 -0.416144997 0.381751090
1403638626477829376.000000 -3.578332663 2.125989437 5.346335888 -0.614287794 -0.542671621 -0.429677099 0.378860950
1403638626727829504.000000 -3.523025751 1.916542292 5.304723740 -0.618648529 -0.547248840 -0.422583461 0.373116523
1403638626977829376.000000 -3.476594925 1.737586498 5.297682285 -0.622517526 -0.551169336 -0.415935695 0.368350267
1403638627227829504.000000 -3.435877323 1.591740251 5.293725967 -0.621941686 -0.551466942 -0.415181696 0.369725585
1403638627477829376.000000 -3.399265528 1.475091219 5.269948959 -0.619336009 -0.553630590 -0.418122441 0.367545515
1403638627727829504.000000 -3.370726109 1.385652423 5.236451149 -0.614750206 -0.550313771 -0.425993264 0.371169478
1403638628027829504.000000 -3.352532148 1.300612926 5.190553665 -0.615269184 -0.551767349 -0.426791131 0.367213964
1403638628277829376.000000 -3.353599548 1.246201158 5.161266327 -0.617112935 -0.551986575 -0.426285565 0.364366829
1403638628527829504.000000 -3.369228125 1.214625001 5.147981167 -0.620851099 -0.541635752 -0.422143430 0.378113091
1403638629027829504.000000 -3.385023832 1.165600657 5.119181156 -0.616731107 -0.538836479 -0.429418415 0.380654603
1403638629277829376.000000 -3.387442350 1.143216014 5.104787350 -0.614419758 -0.543492734 -0.431854397 0.374974430
1403638629527829504.000000 -3.401007414 1.126555085 5.100687981 -0.623088121 -0.549074054 -0.420813859 0.364958286
1403638629927829504.000000 -3.421703100 1.143744946 5.101021767 -0.624032259 -0.528089762 -0.421888530 0.392065227
1403638630177829376.000000 -3.413819790 1.154421926 5.051060677 -0.611248195 -0.533543289 -0.440316737 0.384484708
1403638630427829504.000000 -3.418532372 1.162922502 5.000202179 -0.624839962 -0.542102277 -0.418182552 0.375264496
1403638630577829376.000000 -3.424127102 1.182630420 5.009860992 -0.614207566 -0.537895858 -0.433154702 0.381830126
1403638630777829376.000000 -3.422574759 1.196651340 4.988188744 -0.623087347 -0.563594043 -0.411119848 0.353701025
1403638631077829376.000000 -3.421823502 1.189988971 4.985835552 -0.622857809 -0.561964631 -0.409740210 0.358269483
1403638631577829376.000000 -3.421745539 1.187998533 4.987925053 -0.623519182 -0.561563909 -0.408984989 0.358610064
