#Stereo rect[ms], MP culling[ms], MP creation[ms], LBA[ms], KF culling[ms], Total[ms]
3.838398,0.009034,0.085244,0.004512,0.004512,3.940521
7.026385,0.060735,0.710852,0.003064,0.003064,7.803442
7.027520,0.138620,6.584298,0.186636,0.186636,21.714940
7.289279,0.130294,5.697020,0.393135,0.393135,26.699386
4.639654,0.124973,5.616436,0.257330,0.257330,21.120531
8.703057,0.272144,11.994590,0.669320,0.669320,48.351901
8.760141,0.294893,17.155225,0.573220,0.573220,47.158899
5.714483,0.123060,7.351479,0.509866,0.509866,30.567037
4.774205,0.092467,6.394044,0.635860,0.635860,35.215279
9.544109,0.154466,14.973873,34.590183,34.590183,88.887254
5.551795,0.058565,11.006142,0.811810,0.811810,49.188932
7.701845,0.161595,16.499482,0.589644,0.589644,62.246753
8.681705,0.163406,17.597767,0.819965,0.819965,65.723776
8.457576,0.144284,13.455843,0.902142,0.902142,67.305601
8.960457,0.125562,17.093328,0.998286,0.998286,73.406832
8.968008,0.133281,23.362969,0.937405,0.937405,91.737340
7.563037,0.074352,11.670921,1.362225,1.362225,73.458614
8.770946,0.071597,15.111816,1.481808,1.481808,96.075022
7.961290,0.073559,14.133447,1.702241,1.702241,97.083928
8.061825,0.089288,15.585023,1.482134,1.482134,110.346347
8.506820,0.090777,16.281760,1.702286,1.702286,107.400545
7.481402,0.086302,17.064646,2.814907,2.814907,115.752753
8.527788,0.079277,14.800584,2.843110,2.843110,119.578165
8.710089,0.079398,15.179352,2.529871,2.529871,110.830987
8.518140,0.060980,14.766136,2.362228,2.362228,108.696599
7.356061,0.062210,17.655325,2.165650,2.165650,113.496720
7.596347,0.078257,17.794129,2.261201,2.261201,104.365593
7.337540,0.086547,19.014429,1.982480,1.982480,112.114569
8.090892,0.098538,23.037450,2.890966,2.890966,118.255865
10.217976,0.151880,25.519048,2.647978,2.647978,122.298480
9.514706,0.158393,21.570923,2.510008,2.510008,105.581551
7.682920,0.131920,23.447973,2.178445,2.178445,124.878914
7.646541,0.115062,21.164411,1.695793,1.695793,123.342305
7.274786,0.122075,19.417178,2.192315,2.192315,126.476700
9.503229,0.171878,24.730934,1.907103,1.907103,221.893046
7.080147,0.135524,17.915108,2.019004,2.019004,122.415127
7.177681,0.099488,20.590224,2.159283,2.159283,105.368944
6.455850,0.100286,19.099015,2.121181,2.121181,122.359658
6.824172,0.116188,19.560659,2.150827,2.150827,101.377957
7.088760,0.125286,20.975304,2.356677,2.356677,114.281155
8.644487,0.133782,29.304484,2.134596,2.134596,128.740481
9.845760,0.155645,24.940035,2.246768,2.246768,124.534715
7.303956,0.124249,25.039632,2.729707,2.729707,118.103358
8.949377,0.149256,27.401493,2.021154,2.021154,134.140491
8.919647,0.103765,20.983282,3.879972,3.879972,134.972129
8.497929,0.133654,22.631111,2.047684,2.047684,126.496367
8.101983,0.129675,22.649124,2.423553,2.423553,128.204835
8.841752,0.117249,22.350778,3.050588,3.050588,121.244736
10.585383,0.145821,27.201805,1.970461,1.970461,124.122229
9.115688,0.177428,25.157909,4.033815,4.033815,131.389972
7.184276,0.093298,16.068497,2.581795,2.581795,109.429174
8.552800,0.082296,19.540631,1.689216,1.689216,110.656770
5.983054,0.074050,14.987372,2.644705,2.644705,108.394169
6.848873,0.047470,13.890279,3.328931,3.328931,109.476806
5.735990,0.054000,13.145462,2.717436,2.717436,94.237779
6.027289,0.038386,12.762152,1.976040,1.976040,98.951113
7.492210,0.070940,17.020490,4.184071,4.184071,105.921544
9.741921,0.084798,19.161072,2.103458,2.103458,105.501444
10.791382,0.096165,27.914156,1.262774,1.262774,99.535589
5.135761,0.044240,14.467030,4.248740,4.248740,104.221654
6.180120,0.026303,0.279937,0.008836,0.008836,6.496883
6.312990,0.055302,0.627837,0.002497,0.002497,7.000196
7.033289,0.083335,0.897197,0.202663,0.202663,14.646911
7.152046,0.072728,1.145053,0.365372,0.365372,14.642591
4.254227,0.020228,0.605045,0.418030,0.418030,9.563251
4.978753,0.012125,0.755992,0.544768,0.544768,10.158545
4.186422,0.010483,0.948772,0.351216,0.351216,10.405736
7.931446,0.022739,2.522630,0.781530,0.781530,23.359737
9.974930,0.014250,2.560579,0.906788,0.906788,27.082472
8.431499,0.019659,3.211873,49.092689,49.092689,75.825853
8.656957,0.014482,3.565399,1.038291,1.038291,40.032717
5.796837,0.002744,2.200027,0.604793,0.604793,26.836165
9.976774,0.003407,2.097324,0.744646,0.744646,28.689078
8.233655,0.003363,4.287452,0.711502,0.711502,46.822013
3.846970,0.010226,0.115848,0.002238,0.002238,3.976082
6.657113,0.060639,0.733628,0.002506,0.002506,7.455326
6.469473,0.108258,1.113117,0.340373,0.340373,13.411220
7.225351,0.140227,2.190147,0.313030,0.313030,20.075634
7.743010,0.132481,9.466667,0.374542,0.374542,35.988839
5.828361,0.144445,10.578745,0.566628,0.566628,33.041704
8.775708,0.260332,12.004474,0.940884,0.940884,45.283722
9.223332,0.241835,19.363342,0.962478,0.962478,64.120315
9.098265,0.261708,20.801875,1.098892,1.098892,60.211676
9.729691,0.366899,20.827039,94.916831,94.916831,167.203470
6.651642,0.190806,15.077083,0.789633,0.789633,72.987662
6.035411,0.156246,14.245921,0.861438,0.861438,65.302987
9.219265,0.246853,19.521262,0.960948,0.960948,73.648650
9.002390,0.191546,21.313764,1.099222,1.099222,76.197510
12.138931,0.230165,30.886136,1.234783,1.234783,99.698059
6.635371,0.164480,14.663409,1.509179,1.509179,85.528804
6.215858,0.158188,15.903222,1.712636,1.712636,83.566960
7.367319,0.187869,18.248390,1.604246,1.604246,95.612688
6.678488,0.160789,17.315642,1.707053,1.707053,98.299219
6.492559,0.223460,17.341407,1.815779,1.815779,123.802164
7.791447,0.273063,21.002041,1.945560,1.945560,121.330307
9.006359,0.448793,20.870256,3.066892,3.066892,130.907796
6.785900,0.223198,21.236676,2.557682,2.557682,121.355571
8.593877,0.193169,20.244570,2.982962,2.982962,123.049345
8.117517,0.193252,18.741229,2.718486,2.718486,152.274650
6.624732,0.213564,20.879371,3.166259,3.166259,123.413651
12.675717,0.420988,22.995214,2.636343,2.636343,123.279150
9.429386,0.149325,21.922950,3.317473,3.317473,121.211745
7.517200,0.205962,20.910972,3.591038,3.591038,136.266894
6.545760,0.193186,16.404970,3.004834,3.004834,124.888256
7.217798,0.200321,17.886107,2.912296,2.912296,296.713587
5.817762,0.257110,16.827552,2.708878,2.708878,109.756643
5.607915,0.165204,14.372051,2.862511,2.862511,104.406745
7.570922,0.250305,20.778403,2.912627,2.912627,140.148555
7.297920,0.166761,18.601533,2.984066,2.984066,125.060843
6.503430,0.179952,15.176657,2.100918,2.100918,112.532675
6.781606,0.193004,19.941160,2.916829,2.916829,125.993956
7.822433,0.165893,17.645778,3.102673,3.102673,127.544850
6.044646,0.139339,16.323807,2.592888,2.592888,127.175783
7.195913,0.159349,15.308328,2.282682,2.282682,122.686154
7.660766,0.201201,18.749708,3.629213,3.629213,138.933932
8.316156,0.176493,16.160719,2.903452,2.903452,129.353767
6.222930,0.202931,15.569731,3.079377,3.079377,129.317531
7.843788,0.375711,16.747818,1.956079,1.956079,137.595008
6.048723,0.195157,16.387134,2.729688,2.729688,134.494559
6.422328,0.184927,17.858651,2.955424,2.955424,138.491127
6.076410,0.191741,16.779801,2.355658,2.355658,151.892085
6.841900,0.178982,20.943642,3.970355,3.970355,155.903740
6.856290,0.148529,16.613793,1.975881,1.975881,139.944078
7.983703,0.162436,16.420577,2.122222,2.122222,173.675601
8.351098,0.175695,18.748377,3.940637,3.940637,168.977966
7.161576,0.184828,20.403307,3.232935,3.232935,150.077281
7.391229,0.117261,19.055298,4.127450,4.127450,145.565478
7.205685,0.143879,19.466493,6.249251,6.249251,154.537369
6.430022,0.130998,18.441167,2.882538,2.882538,163.307994
7.037299,0.142655,19.052645,3.563640,3.563640,167.787173
8.755798,0.177420,20.916313,3.074619,3.074619,159.354987
6.866997,0.120863,18.539731,2.777747,2.777747,154.231433
6.682490,0.139718,18.437498,4.222220,4.222220,154.903907
6.373798,0.141227,18.325124,5.430744,5.430744,151.762694
6.677109,0.205919,24.108579,5.418486,5.418486,174.390040
8.762861,0.223588,22.069868,3.430936,3.430936,157.835643
6.111771,0.117534,18.030994,3.221755,3.221755,149.393198
7.023956,0.144966,20.629397,4.729963,4.729963,155.390516
8.192597,0.151997,19.212591,4.424231,4.424231,183.654960
7.773722,0.194638,20.803910,3.668603,3.668603,204.789047
8.739743,0.168278,18.686323,4.822447,4.822447,170.932334
7.812197,0.216320,21.018082,3.204709,3.204709,165.288723
7.117409,0.174453,20.425042,2.998300,2.998300,164.490588
6.675577,0.185343,20.422655,3.911799,3.911799,150.321041
6.863169,0.199988,20.716296,3.853005,3.853005,156.187309
9.258918,0.297587,22.950580,5.152207,5.152207,173.259020
8.310362,0.234628,20.514414,4.106615,4.106615,152.316688
6.917788,0.168194,23.378735,6.915007,6.915007,160.719445
6.950301,0.188190,20.918181,3.899560,3.899560,158.596088
6.630577,0.185780,18.967772,3.335571,3.335571,143.890118
7.042830,0.196459,22.272294,4.404358,4.404358,184.058910
7.168851,0.302594,21.521547,4.974900,4.974900,157.435359
7.380051,0.208801,21.951370,7.010417,7.010417,155.706844
8.510302,0.217124,22.208730,4.710855,4.710855,155.637840
7.789259,0.232735,21.303114,5.987576,5.987576,150.952492
6.321652,0.201176,20.226235,5.002775,5.002775,155.164722
7.595355,0.302080,25.866967,5.359017,5.359017,157.039294
6.617548,0.235018,20.028416,7.798769,7.798769,150.912990
11.057672,0.407627,30.158403,6.091318,6.091318,166.141174
10.146489,0.189345,20.612695,5.275623,5.275623,189.770419
7.010957,0.238253,25.385267,4.382628,4.382628,158.935315
6.591094,0.159844,21.943543,4.068022,4.068022,155.214740
6.886590,0.233796,21.335762,6.211361,6.211361,168.503303
7.804539,0.319165,21.504142,4.313303,4.313303,156.477260
7.588653,0.293154,24.313219,6.540468,6.540468,159.642777
7.614120,0.228826,20.544997,6.562831,6.562831,158.357450
8.510464,0.203663,24.339346,4.559183,4.559183,509.291012
6.816516,0.331150,22.258534,6.180944,6.180944,152.913281
7.169364,0.291623,21.532768,6.703620,6.703620,154.075480
9.451995,0.342118,27.286271,4.323922,4.323922,166.423296
6.662019,0.261866,20.873224,8.357540,8.357540,153.145044
7.293975,0.290279,21.290092,7.456874,7.456874,153.907583
6.791174,0.237324,20.289554,7.695227,7.695227,158.140753
6.786984,0.264381,19.959852,4.839171,4.839171,158.740401
6.870746,0.242166,20.701274,5.423521,5.423521,158.587195
7.571202,0.224597,21.768919,6.632200,6.632200,162.674664
6.956279,0.232692,21.729883,6.634323,6.634323,162.537825
7.825246,0.282317,20.701489,8.033777,8.033777,164.942910
8.083767,0.318717,23.346772,6.171538,6.171538,171.787334
10.718963,0.340673,28.254623,7.387116,7.387116,178.654505
8.511852,0.254419,21.627196,5.531192,5.531192,166.156599
9.615576,0.278581,22.924087,7.239958,7.239958,189.572969
7.597464,0.227438,25.243692,8.681202,8.681202,174.399391
7.142668,0.267568,20.008013,8.753311,8.753311,171.151173
9.414626,0.278821,22.633458,7.575741,7.575741,171.330884
6.518273,0.207288,20.469758,8.584835,8.584835,161.362116
6.712301,0.242103,20.880203,7.195125,7.195125,159.603549
7.554110,0.217519,22.050971,9.826718,9.826718,167.756411
9.029939,0.342358,24.908753,5.942512,5.942512,168.106653
6.539421,0.195932,19.595230,8.790388,8.790388,164.575002
8.682824,0.531692,22.507356,9.884424,9.884424,168.255632
6.657704,0.267552,21.408089,8.653018,8.653018,161.927786
8.220387,0.190309,21.590361,10.363913,10.363913,174.227115
6.478555,0.290662,19.080403,8.031491,8.031491,159.252739
6.320178,0.204265,20.150645,10.198334,10.198334,175.192805
7.888477,0.340150,24.291984,8.178765,8.178765,166.346203
6.970180,0.561749,19.481874,6.596512,6.596512,157.478356
6.476859,0.217125,18.310670,7.454303,7.454303,161.298425
5.609715,0.230203,21.676136,9.142949,9.142949,165.391995
8.344457,0.447569,22.423915,8.915961,8.915961,177.104541
7.243108,0.336406,22.796235,4.882858,4.882858,157.677259
5.196609,0.208258,16.241201,7.366297,7.366297,153.056921
5.475467,0.243809,17.367526,5.761886,5.761886,157.888808
5.692095,0.253860,17.448496,4.109592,4.109592,146.857500
5.593681,0.285630,16.698365,4.968051,4.968051,146.220933
5.141599,0.305076,19.685966,5.650785,5.650785,155.389099
6.267283,0.370966,17.079856,3.671976,3.671976,146.866132
7.974606,0.342961,18.357733,5.467281,5.467281,162.511760
5.590126,0.222548,15.781640,7.059533,7.059533,153.847746
6.161109,0.236896,18.874854,6.194572,6.194572,158.059034
6.265905,0.166992,16.248736,7.184565,7.184565,149.873024
7.653016,0.228174,17.614482,3.880113,3.880113,161.982453
6.355572,0.209743,15.339214,3.976552,3.976552,158.192254
7.267128,0.282763,20.454364,6.138945,6.138945,163.087947
6.152542,0.231306,15.114616,3.792778,3.792778,160.959582
6.936865,0.239282,14.617922,4.642201,4.642201,148.905234
6.108684,0.212732,15.823551,2.801435,2.801435,155.510242
6.226145,0.242383,14.893975,4.778548,4.778548,152.107715
6.192714,0.256052,14.121579,4.191932,4.191932,151.357497
5.538603,0.241589,14.092793,3.128510,3.128510,144.641144
6.564340,0.252409,14.674740,4.951233,4.951233,149.961022
5.887682,0.239410,16.761255,2.729594,2.729594,159.886863
6.690257,0.243956,16.521283,4.413485,4.413485,161.356424
6.123551,0.266646,15.174424,2.164349,2.164349,153.133295
6.132082,0.178367,17.008908,4.054067,4.054067,160.637050
6.931148,0.245028,20.648711,3.693849,3.693849,159.749778
6.473647,0.195177,17.253688,2.857677,2.857677,156.060526
5.748543,0.225508,15.516522,2.908546,2.908546,157.502143
7.230934,0.218583,18.128584,4.678289,4.678289,164.137209
6.874745,0.198113,16.166064,4.170700,4.170700,158.678324
6.613869,0.212098,16.692145,4.811819,4.811819,162.020629
6.082035,0.229135,17.228602,3.405274,3.405274,157.316610
6.065571,0.214423,17.037480,3.185517,3.185517,156.965602
6.438239,0.191873,17.184742,4.047718,4.047718,152.547909
6.044036,0.179093,19.291716,2.474841,2.474841,160.450387
6.527705,0.273901,19.618017,5.502726,5.502726,153.095902
5.659739,0.158997,18.847039,5.164703,5.164703,160.244631
5.727275,0.237568,19.308763,8.385841,8.385841,152.174574
5.116124,0.194854,17.570682,5.890705,5.890705,146.561741
7.798609,0.230636,17.161213,5.879422,5.879422,142.345507
6.215430,0.238512,16.966871,5.898779,5.898779,140.571089
5.961816,0.224858,17.283604,4.329381,4.329381,133.797750
4.932727,0.247159,16.184659,3.204115,3.204115,136.498366
6.129907,0.614211,15.522532,6.193967,6.193967,144.145316
5.205468,0.259162,17.226628,6.838759,6.838759,149.607014
6.542247,0.310066,16.744476,5.963897,5.963897,144.624689
5.188215,0.258225,16.526193,6.205050,6.205050,145.756673
5.662069,0.271788,16.198216,4.460429,4.460429,135.989872
5.378383,0.326997,18.973001,7.436119,7.436119,147.288003
7.757030,0.471210,22.126934,3.822812,3.822812,145.673283
7.374698,0.428957,18.017219,4.022636,4.022636,139.819342
8.330846,0.415258,18.420051,5.418880,5.418880,138.168255
9.471412,0.544488,27.077944,6.803848,6.803848,150.225033
9.896243,0.540996,36.208919,5.398659,5.398659,164.842022
6.472074,0.298875,26.061855,3.627964,3.627964,153.410339
10.005320,0.544505,29.545002,6.256813,6.256813,168.173394
13.234171,0.517320,26.636186,4.832449,4.832449,157.032933
12.679813,0.368406,23.833338,7.792895,7.792895,164.659195
6.083214,0.175806,18.688392,6.062867,6.062867,145.474445
6.112022,0.193630,18.248992,6.695814,6.695814,150.570627
7.831685,0.326982,20.856813,5.727434,5.727434,151.969073
6.200436,0.239047,17.026333,7.396149,7.396149,146.902109
6.260026,0.288494,18.076078,7.432081,7.432081,152.109923
7.188624,0.355061,16.476154,4.408014,4.408014,137.230564
6.846129,0.252108,17.637402,7.291317,7.291317,141.580012
6.850384,0.341747,19.550814,6.571558,6.571558,141.550534
5.871397,0.291046,15.427735,6.217482,6.217482,141.492878
6.006065,0.339300,16.247473,5.364993,5.364993,150.234055
5.792065,0.327973,15.132759,5.983660,5.983660,141.198133
6.836872,0.323483,15.685948,3.634727,3.634727,167.154444
7.711123,0.575260,19.539210,3.672230,3.672230,164.322155
5.917573,0.479730,21.369903,6.106168,6.106168,153.461163
5.545842,0.301233,18.024117,6.528374,6.528374,150.474110
5.395447,0.295752,15.825423,8.044827,8.044827,154.036789
5.991014,0.337465,17.248808,5.275271,5.275271,151.321456
5.728415,0.257412,17.839111,6.483667,6.483667,155.290280
6.827480,0.272642,16.814242,5.817212,5.817212,156.182350
6.273305,0.301633,18.322224,3.774548,3.774548,170.358520
6.725857,0.359884,17.261734,6.173967,6.173967,161.151464
5.033729,0.266024,15.161565,4.655251,4.655251,146.625432
4.966690,0.305063,14.282227,6.790386,6.790386,155.533463
4.156715,0.306173,15.209156,4.960373,4.960373,144.097417
5.093745,0.305423,13.662480,5.698676,5.698676,147.625245
5.219908,0.239025,14.108257,4.881155,4.881155,166.854151
4.469265,0.250629,14.742929,3.156111,3.156111,149.207042
4.685723,0.282297,16.114079,3.903042,3.903042,153.372696
9.325944,0.523096,36.465302,2.959451,2.959451,220.867398
5.114861,0.275726,16.316763,5.199384,5.199384,161.267591
7.475909,0.364868,17.289857,6.356919,6.356919,165.670687
5.705835,0.337573,15.799809,5.030440,5.030440,165.879780
4.874337,0.235458,16.650459,5.149259,5.149259,163.058418
5.143774,0.271568,17.956693,5.242710,5.242710,165.317860
6.219706,0.254200,22.714471,6.047391,6.047391,168.202390
5.766212,0.230762,15.947884,7.292848,7.292848,159.486797
4.805127,0.190589,15.015923,11.181104,11.181104,156.986027
4.579468,0.159781,17.991157,6.956457,6.956457,169.472901
6.806080,0.216847,25.970174,5.112689,5.112689,164.332105
6.666361,0.245726,17.641979,7.970351,7.970351,158.018578
4.941918,0.171277,16.328208,7.737237,7.737237,154.972888
4.798187,0.130943,19.222032,4.986197,4.986197,159.135248
6.009418,0.190598,21.278017,5.063011,5.063011,175.986735
5.592906,0.158230,18.608406,7.688146,7.688146,152.102693
6.826184,0.107807,17.702209,7.489901,7.489901,150.600084
5.133595,0.150616,18.591291,7.755941,7.755941,153.751734
5.357302,0.165447,20.795656,5.146644,5.146644,155.764419
5.363203,0.124883,18.159325,8.146436,8.146436,153.090510
6.588975,0.325747,24.430105,5.693977,5.693977,164.723543
5.109722,0.163911,19.290172,5.813127,5.813127,160.785515
4.688923,0.134015,17.911674,6.130052,6.130052,140.598492
6.855073,0.108501,17.442528,6.810113,6.810113,145.744625
4.849099,0.106859,16.889087,7.884241,7.884241,140.448614
4.285585,0.097949,18.556293,6.412710,6.412710,147.062567
3.964409,0.102868,14.395427,6.416027,6.416027,131.838963
4.188494,0.114915,11.964713,6.256216,6.256216,135.876201
3.707710,0.086150,13.912554,4.993712,4.993712,131.136926
3.333161,0.103709,11.317144,6.138157,6.138157,129.012490
2.538636,0.083960,10.058091,6.669586,6.669586,121.126352
2.723440,0.096997,9.473326,5.413485,5.413485,126.227415
2.495175,0.074690,10.321836,6.662485,6.662485,114.544347
4.986272,0.168053,24.717870,4.887967,4.887967,142.627992
4.958623,0.127771,19.355599,5.187887,5.187887,143.834292
2.962548,0.077465,9.018096,4.895964,4.895964,113.511515
4.009002,0.088490,14.784955,6.795020,6.795020,132.080957
3.249519,0.059836,14.869960,5.854281,5.854281,113.848032
3.221218,0.074107,8.605291,5.420356,5.420356,111.688059
6.313041,0.146844,22.065599,5.260189,5.260189,143.276071
3.518146,0.087448,9.186379,4.615559,4.615559,107.529223
3.436004,0.061343,9.609576,4.707270,4.707270,101.265458
3.914882,0.054041,9.458674,7.336773,7.336773,101.557475
3.383223,0.039939,9.500963,6.928721,6.928721,100.964516
3.518793,0.038197,8.417648,6.678453,6.678453,99.542311
3.841490,0.063255,8.718753,6.606854,6.606854,101.137416
2.976190,0.039488,8.869954,5.485766,5.485766,94.497306
6.486546,0.060313,15.573110,6.588122,6.588122,125.118157
3.185554,0.044596,9.269236,5.372274,5.372274,93.768256
6.764805,0.054279,16.504659,6.159105,6.159105,123.868254
3.440985,0.062567,9.655333,5.428637,5.428637,111.867634
3.747968,0.052508,10.844321,6.764865,6.764865,101.993395
4.806536,0.078832,16.512325,5.619726,5.619726,113.393055
3.672827,0.099148,14.612624,4.013174,4.013174,107.730464
3.461382,0.075345,10.951756,6.524012,6.524012,96.015676
3.137874,0.099398,9.842802,5.528128,5.528128,99.385772
3.082862,0.064404,9.295367,7.438035,7.438035,92.834534
3.527194,0.062727,13.207657,6.083038,6.083038,107.174998
7.550432,0.133310,12.203847,8.330995,8.330995,104.222740
7.178722,0.101140,19.047322,4.738028,4.738028,113.068381
5.745315,0.086532,14.289167,3.866323,3.866323,105.362568
4.012515,0.066512,9.816099,4.938506,4.938506,92.361887
3.643547,0.061210,9.825338,6.455484,6.455484,87.743905
7.254844,0.091687,18.815621,4.844237,4.844237,110.412074
4.348171,0.072636,11.773991,6.330008,6.330008,93.486956
8.476942,0.112121,22.694453,5.334242,5.334242,121.409373
3.747460,0.074411,13.144002,3.812456,3.812456,92.636075
3.881602,0.059109,10.563612,6.732068,6.732068,92.439584
4.006305,0.070563,10.606603,6.678818,6.678818,89.191134
4.089459,0.069217,10.619103,4.789252,4.789252,91.180960
4.411278,0.095775,11.180191,8.630235,8.630235,92.151190
7.158383,0.132515,18.239604,6.078811,6.078811,109.128373
3.857200,0.072714,10.033995,5.200928,5.200928,87.341293
4.606150,0.094788,9.863283,5.011625,5.011625,87.357391
3.957963,0.077766,10.799460,7.806469,7.806469,92.394055
3.625532,0.070722,11.168333,6.302963,6.302963,89.930974
5.540682,0.100490,14.816904,8.176964,8.176964,104.980682
3.667716,0.050693,9.301188,5.726650,5.726650,90.045769
4.100016,0.061234,8.569078,5.273208,5.273208,87.518047
4.155612,0.091037,8.771707,8.555518,8.555518,94.286108
4.432988,0.102964,10.108684,6.352025,6.352025,94.824389
3.900728,0.060568,9.947919,6.202129,6.202129,90.622374
3.414230,0.046576,9.512463,8.708434,8.708434,92.880338
4.310753,0.041766,11.391712,7.354455,7.354455,92.180408
3.611585,0.050525,11.825143,4.914018,4.914018,88.733715
4.033075,0.049439,10.277303,7.876592,7.876592,96.967232
5.894132,0.079806,15.326789,5.811058,5.811058,108.719703
3.940123,0.084773,9.754728,6.216002,6.216002,94.127527
7.786730,0.118065,13.722536,6.921150,6.921150,102.865039
4.257564,0.097486,12.279787,7.071100,7.071100,96.239766
4.328100,0.072249,12.968513,5.896934,5.896934,101.709115
4.945862,0.068113,11.108464,8.282848,8.282848,100.421400
6.480243,0.107250,16.663708,5.468225,5.468225,108.499554
5.313152,0.102267,13.769307,8.765393,8.765393,96.827420
5.315711,0.116458,12.444062,5.695420,5.695420,97.893185
4.876293,0.115568,13.546247,8.694432,8.694432,101.569125
4.519571,0.095778,12.582167,6.408281,6.408281,98.905635
5.227534,0.100224,12.763642,4.311600,4.311600,103.953554
5.271103,0.114796,17.311273,7.327217,7.327217,107.788870
6.346323,0.170540,15.541848,8.043751,8.043751,113.956970
5.968380,0.131930,17.330813,5.170634,5.170634,111.817504
7.799544,0.191052,19.693356,5.870103,5.870103,129.259577
7.611062,0.165950,19.687794,6.585368,6.585368,123.317911
6.429256,0.118205,15.912201,7.197537,7.197537,116.654548
8.116424,0.143059,19.671164,6.867989,6.867989,131.006998
6.608971,0.150927,15.753591,7.653044,7.653044,124.725643
6.701855,0.200963,15.460193,6.224202,6.224202,110.632690
8.557028,0.259667,17.326940,9.508747,9.508747,113.775011
8.163933,0.166552,19.944305,6.154449,6.154449,124.818571
6.953760,0.127942,15.193253,7.006481,7.006481,115.338458
8.749482,0.274886,21.194660,7.098142,7.098142,131.217582
7.595233,0.174051,15.715845,6.294801,6.294801,127.047937
5.938655,0.246263,20.084522,5.044429,5.044429,123.604912
6.573589,0.218057,18.258834,6.108819,6.108819,124.339420
6.376977,0.264478,17.669654,7.584312,7.584312,113.092004
5.793917,0.223965,19.557104,7.734321,7.734321,112.629159
6.624297,0.214064,17.512905,8.896210,8.896210,127.225692
7.040673,0.224878,19.850042,7.102760,7.102760,119.926682
14.513252,0.444384,41.428726,7.170007,7.170007,160.300955
6.955039,0.149923,17.993778,7.263966,7.263966,127.795921
6.877318,0.217856,19.464691,7.288376,7.288376,124.819757
7.347426,0.254707,20.025637,5.963399,5.963399,121.585077
6.661864,0.144645,20.579850,7.686160,7.686160,128.537296
6.148612,0.212574,17.416875,6.702165,6.702165,118.925964
8.269922,0.156513,19.537470,8.291696,8.291696,138.470233
7.994799,0.162148,17.289165,5.947358,5.947358,135.270106
7.288931,0.200994,18.964346,6.578615,6.578615,130.089261
6.841205,0.156980,17.407148,6.341882,6.341882,132.435345
13.828246,0.354526,34.986661,5.593187,5.593187,162.622075
12.436889,0.320523,29.922125,5.611827,5.611827,148.865783
7.027083,0.190219,18.849026,7.039915,7.039915,134.205519
6.883740,0.185664,18.841140,7.161412,7.161412,137.676359
13.274814,0.346633,30.813661,6.179012,6.179012,162.461910
8.991387,0.187156,22.723331,7.789953,7.789953,138.948816
7.025328,0.116849,20.921947,9.532678,9.532678,139.115375
8.305003,0.219678,23.509422,11.783453,11.783453,151.601916
8.071018,0.177420,21.900393,9.451872,9.451872,142.018769
6.771875,0.186148,24.357064,11.216611,11.216611,152.036198
7.154077,0.238646,20.244693,10.668147,10.668147,144.890525
7.066379,0.192622,20.443432,12.478438,12.478438,150.887104
5.909832,0.217932,19.908467,8.680240,8.680240,142.075176
6.297386,0.279371,18.974002,11.387924,11.387924,146.492844
8.207211,0.299910,18.347155,7.606683,7.606683,148.329828
6.511538,0.276419,21.295102,9.489673,9.489673,151.475284
6.856335,0.263552,20.048622,10.308280,10.308280,149.941147
6.016575,0.326872,21.707386,12.251653,12.251653,155.379387
6.971619,0.254323,20.451701,10.511203,10.511203,163.751386
8.083713,0.457612,28.794149,11.374492,11.374492,164.322977
6.653023,0.182887,20.650495,13.618026,13.618026,156.799771
6.331075,0.296374,22.128762,9.041670,9.041670,160.662501
6.281435,0.282958,21.956073,6.788775,6.788775,153.960065
6.419077,0.257590,31.559294,8.258028,8.258028,161.840383
7.021012,0.221762,30.868347,10.697503,10.697503,183.558493
7.032986,0.353251,34.798221,13.199475,13.199475,191.514391
6.699732,0.253298,34.781200,11.624523,11.624523,191.081668
8.431951,0.197470,34.000331,9.370757,9.370757,189.333548
7.158037,0.198209,34.546509,7.868958,7.868958,173.176748
6.264378,0.239442,27.705065,9.088374,9.088374,165.752006
7.358192,0.252730,30.019342,7.204150,7.204150,172.044646
8.879070,0.265616,33.655024,8.609431,8.609431,171.747774
7.437191,0.245976,25.554847,7.331569,7.331569,158.893787
7.297327,0.160361,33.344710,7.708913,7.708913,164.565717
5.996062,0.209014,22.908082,8.499057,8.499057,159.168493
6.294008,0.208099,27.170745,7.974570,7.974570,160.045447
9.052747,0.366087,30.554743,5.040462,5.040462,166.398908
6.868996,0.188225,25.884838,9.374737,9.374737,159.125568
6.594634,0.192073,22.548253,7.728471,7.728471,157.699050
6.565237,0.220161,25.663527,10.078959,10.078959,166.598673
10.662223,0.310478,28.351422,8.117189,8.117189,165.738370
6.758250,0.166121,23.835690,11.040824,11.040824,168.319965
7.088667,0.276099,26.485446,9.126710,9.126710,170.347310
10.324314,0.280640,32.933841,9.832558,9.832558,186.514482
6.973825,0.233154,29.456672,8.210014,8.210014,179.610862
7.032028,0.236751,29.029940,10.902000,10.902000,182.016997
7.648542,0.265933,25.080520,7.387084,7.387084,169.330906
6.785866,0.308637,26.428806,11.941983,11.941983,193.341740
7.813902,0.255190,25.296710,10.752204,10.752204,173.839052
8.392650,0.227781,29.933138,11.061114,11.061114,177.019828
7.746953,0.190763,30.192326,9.435772,9.435772,189.785496
6.715235,0.179114,34.617795,13.650320,13.650320,192.348522
6.640076,0.260120,27.293451,14.358614,14.358614,193.310303
11.403193,0.359133,32.990972,13.487355,13.487355,203.914609
7.717263,0.266876,24.493507,8.681592,8.681592,200.212413
6.971895,0.269305,25.382534,16.030365,16.030365,205.450954
7.590512,0.257767,24.360579,10.442132,10.442132,176.998589
7.715342,0.217298,25.010757,14.423628,14.423628,199.715432
6.712498,0.209721,25.552273,8.384464,8.384464,176.985048
8.320780,0.240699,33.231340,13.575266,13.575266,191.510043
6.799367,0.244241,25.429330,10.969001,10.969001,175.095597
10.335402,0.277160,30.244718,14.010425,14.010425,201.842892
6.824855,0.240895,25.539529,13.173634,13.173634,200.495040
7.756584,0.242046,27.683322,11.298432,11.298432,192.930966
7.266877,0.264920,28.730921,16.527238,16.527238,196.750969
7.636823,0.253855,29.580123,11.858180,11.858180,197.468924
7.268823,0.247456,32.766501,11.587322,11.587322,198.611814
7.157168,0.274429,30.203619,8.217013,8.217013,196.826418
7.279624,0.333977,29.987329,10.160844,10.160844,193.584195
8.389814,0.269505,33.153204,13.749840,13.749840,208.187922
7.479837,0.266686,25.762893,8.015010,8.015010,192.800700
7.848680,0.223123,23.614263,10.551773,10.551773,202.666163
6.468271,0.245946,25.855389,9.416173,9.416173,180.956361
7.473290,0.285376,26.146644,7.233145,7.233145,196.478325
7.070897,0.226311,23.363350,10.826089,10.826089,197.080078
6.848410,0.235010,27.400219,10.632076,10.632076,190.520242
7.299568,0.253258,22.764230,9.135746,9.135746,178.876441
8.742832,0.252242,25.383101,7.254512,7.254512,192.832863
7.789117,0.288505,24.313583,9.039915,9.039915,178.037306
8.421358,0.227427,23.576994,11.660172,11.660172,196.615986
14.059822,0.376795,32.433143,11.840131,11.840131,204.502354
10.169537,0.172170,26.358536,9.800856,9.800856,195.400298
9.692079,0.239532,28.077922,13.632769,13.632769,197.565761
8.550336,0.216951,26.484610,13.678763,13.678763,197.443772
12.721307,0.330979,35.657528,12.550477,12.550477,206.606238
8.106629,0.205087,30.616409,11.082607,11.082607,195.353944
9.304447,0.239413,30.341254,10.570701,10.570701,199.666657
10.410285,0.193956,28.133942,15.335445,15.335445,200.560760
15.395352,0.344386,37.695477,13.493796,13.493796,213.624444
9.534662,0.187644,28.058773,11.900090,11.900090,205.154297
8.786878,0.172312,28.400700,9.475016,9.475016,198.652501
8.352536,0.253031,30.128246,11.449585,11.449585,207.889923
10.150290,0.183663,28.892547,13.400507,13.400507,207.930146
8.466836,0.184441,28.881337,11.303786,11.303786,211.214014
10.037493,0.210007,28.465217,11.303199,11.303199,212.933879
9.635078,0.193013,31.967861,10.672778,10.672778,219.514403
9.762749,0.185830,28.781305,15.306615,15.306615,209.327695
9.714256,0.188593,30.138884,9.897699,9.897699,211.870140
9.206474,0.231615,28.132218,17.302362,17.302362,212.621656
9.317457,0.183599,26.365053,14.355910,14.355910,206.497321
9.574195,0.297580,30.013350,16.021807,16.021807,209.754155
9.046587,0.184842,26.973366,14.710623,14.710623,208.448489
8.889870,0.187922,25.756201,16.784748,16.784748,198.837800
7.268530,0.207486,22.433436,19.445423,19.445423,220.019741
7.178493,0.227017,19.165417,19.506104,19.506104,210.330722
5.894729,0.254758,22.852055,18.745336,18.745336,208.629778
6.027868,0.292304,26.644897,13.061671,13.061671,198.177815
5.208650,0.290445,24.240829,9.199165,9.199165,116.283675
6.715041,0.261843,30.420110,8.671705,8.671705,194.705214
6.746715,0.367134,34.042988,14.717729,14.717729,207.622786
6.841709,0.304820,34.670747,9.604060,9.604060,216.363204
6.058409,0.298481,30.645461,13.540112,13.540112,209.194710
7.082039,0.304997,36.023335,9.655597,9.655597,213.513925
8.317209,0.299417,34.663076,11.056736,11.056736,223.099404
8.806374,0.342621,37.985770,11.602613,11.602613,219.248179
9.808614,0.300630,35.572822,12.204763,12.204763,224.197851
9.282366,0.395812,38.521752,10.997986,10.997986,231.787004
7.692445,0.248740,32.369459,9.902301,9.902301,215.930546
7.512979,0.218828,32.172380,12.974929,12.974929,219.770750
8.945165,0.198399,32.394688,12.225432,12.225432,230.764245
8.368417,0.212285,32.212054,12.884409,12.884409,234.453752
8.847723,0.202334,31.736100,16.161666,16.161666,228.858433
8.535988,0.203612,35.282415,14.024050,14.024050,238.499172
9.603362,0.278902,34.385667,13.331626,13.331626,261.403578
7.525710,0.199485,30.920642,14.827740,14.827740,227.670736
11.209249,0.159950,33.082620,15.768433,15.768433,232.363625
9.316663,0.151883,32.226132,15.004142,15.004142,231.065501
10.927061,0.159997,32.727294,17.534141,17.534141,241.017257
9.079392,0.204879,36.481668,14.818206,14.818206,228.595041
8.398847,0.158773,32.178078,12.888358,12.888358,225.811751
11.220781,0.216042,33.369453,13.547967,13.547967,226.528600
10.132088,0.211823,33.031116,16.496695,16.496695,230.207499
10.275782,0.184304,31.533843,12.751441,12.751441,221.371061
11.929007,0.200519,34.055033,18.306059,18.306059,259.877583
19.788168,0.365279,49.953540,18.791927,18.791927,272.366333
10.093514,0.223998,30.722256,17.342277,17.342277,251.744375
9.962180,0.213977,31.233025,14.311465,14.311465,261.808263
19.567896,0.268198,50.137790,15.781147,15.781147,271.214414
23.115650,0.166254,30.440343,15.840138,15.840138,259.395899
13.563126,0.215607,33.134730,18.760200,18.760200,259.645441
15.879537,0.215516,43.254026,20.031096,20.031096,272.977882
11.764221,0.141528,31.614766,15.406857,15.406857,258.564642
11.038292,0.146437,30.766162,20.004222,20.004222,268.975043
11.957700,0.157504,30.100596,17.356337,17.356337,262.290545
11.879218,0.119160,30.839485,18.980327,18.980327,262.260665
12.911227,0.121440,31.071536,17.436297,17.436297,268.067696
11.305651,0.135019,37.693501,22.670752,22.670752,268.743915
12.379992,0.170654,40.758596,16.946928,16.946928,275.184585
12.742919,0.138995,39.881277,22.717883,22.717883,269.832128
12.246690,0.173988,40.657073,26.091289,26.091289,280.392586
11.693799,0.141500,36.776383,23.107912,23.107912,267.156047
11.473103,0.147987,34.736364,18.780843,18.780843,266.031098
11.016657,0.131269,36.496185,20.827653,20.827653,262.167279
11.210285,0.121371,33.274690,20.767056,20.767056,264.226168
11.708182,0.145427,31.580122,24.762423,24.762423,268.502708
10.187211,0.144096,34.299282,18.561790,18.561790,261.541803
10.317900,0.125918,27.225559,23.059038,23.059038,266.556278
10.354408,0.107860,26.175886,15.378700,15.378700,231.972003
11.876984,0.103178,27.751706,15.961588,15.961588,228.380328
12.305961,0.092191,24.160847,22.613583,22.613583,238.982667
22.176091,0.168120,29.891904,22.004953,22.004953,262.416637
10.673564,0.072296,21.859326,18.018289,18.018289,210.482068
8.098780,0.109726,20.747518,20.227262,20.227262,208.496165
6.544720,0.079317,17.555356,10.711657,10.711657,107.245748
7.823497,0.063087,16.670473,15.802470,15.802470,101.101970
8.849893,0.138765,18.348046,14.869651,14.869651,193.677155
