1403715898934057984.000000 -1.252451181 2.318421364 3.444444656 -0.557198942 -0.601829052 -0.384124368 0.424004346
1403715899184058112.000000 -0.886700749 2.410407782 3.323926926 -0.573019743 -0.598704576 -0.385270268 0.405916154
1403715901284058112.000000 -0.098483644 4.037818909 3.198177338 -0.514798164 -0.554140508 -0.449455500 0.475290418
1403715901584058112.000000 -0.194417790 3.986086607 3.241443872 -0.540616333 -0.568318605 -0.423466176 0.453237683
1403715901784058112.000000 -0.252905577 3.887287140 3.273759604 -0.546626627 -0.575480044 -0.418124318 0.441807747
1403715901834057984.000000 -0.267542422 3.857312918 3.280535698 -0.549089074 -0.578564048 -0.414938748 0.437710881
1403715901884058112.000000 -0.282111585 3.825681686 3.287252426 -0.550425291 -0.581537247 -0.413059652 0.433852792
1403715902334057984.000000 -0.422039747 3.486914873 3.326770544 -0.545651674 -0.596017957 -0.415860921 0.417236924
1403715905184058112.000000 -2.168014526 2.843746185 3.620927811 0.034758348 -0.784302831 0.013387533 0.619258940
1403715905634057984.000000 -2.203240395 2.752005339 3.417270899 0.162880436 -0.796245396 0.094109081 0.574984193
1403715905934057984.000000 -2.163123369 2.651977777 3.301031113 0.244281814 -0.791813135 0.186982155 0.527632594
1403715906034057984.000000 -2.152739048 2.618644953 3.264086485 0.287465423 -0.786329567 0.206211761 0.506484091
1403715908934057984.000000 -1.468290091 2.228457451 3.345545769 -0.779406726 -0.177445635 -0.587032557 0.128183648
1403715911184058112.000000 -2.821528673 2.532076836 3.015755653 -0.246813059 -0.746769547 -0.195378423 0.585871935
1403715911234057984.000000 -2.844454765 2.502346754 3.011364698 -0.232003033 -0.750078440 -0.183884144 0.591391206
1403715911284058112.000000 -2.865032911 2.470770597 3.006788969 -0.216969654 -0.754763246 -0.172067389 0.594684422
1403715913984058112.000000 -2.401080370 0.622517526 3.164036036 0.388834655 -0.703447819 0.227692291 0.549659133
1403715914834057984.000000 -1.418561459 0.088453427 3.204992294 0.244276747 -0.825310647 0.206633598 0.465289056
1403715915284058112.000000 -1.284988880 -0.229176968 3.239962339 0.193693683 -0.832235694 0.208348751 0.475875407
1403715915684058112.000000 -1.467238069 -0.443902284 3.198819399 0.242626220 -0.791376352 0.162290931 0.537138343
1403715915834057984.000000 -1.548913479 -0.528822482 3.150085211 0.247206494 -0.796195328 0.163671389 0.527421832
1403715917884058112.000000 -2.900818586 -1.176296592 2.765000582 -0.021185521 -0.784029424 0.031515609 0.619560957
1403715917984058112.000000 -2.915611029 -1.155788779 2.755284071 -0.014352464 -0.779217720 0.026384793 0.626033187
1403715919284058112.000000 -2.457643509 -0.655113339 2.581967354 -0.058687285 -0.839993536 -0.096237324 0.530759096
1403715919434057984.000000 -2.456815243 -0.608694494 2.598679543 -0.051757220 -0.829572260 -0.098627813 0.547177792
1403715919934057984.000000 -2.529109955 -0.568167865 2.457760334 -0.065013379 -0.820675194 -0.080848567 0.561897576
1403715920084058112.000000 -2.566703320 -0.585039139 2.410355568 -0.067421414 -0.828802288 -0.074297495 0.550473511
1403715922184058112.000000 -3.195782185 -0.848493695 3.332853556 -0.000834784 -0.815581501 0.016557513 0.578404784
1403715923084058112.000000 -3.301362753 -0.839883387 3.894791126 0.012412166 -0.808091819 0.001730990 0.588923395
1403715923534057984.000000 -3.247064114 -0.871569395 4.075394154 -0.005536084 -0.821042836 0.030464029 0.570026398
1403715923984058112.000000 -3.196668863 -0.847217023 4.013158798 -0.014142450 -0.801631808 0.045981620 0.595879316
1403715924184058112.000000 -3.157449484 -0.793962002 3.899815559 -0.003018372 -0.796578228 0.030697817 0.603748083
1403715924284058112.000000 -3.128175259 -0.761162400 3.839521646 0.000711010 -0.799560726 0.025323035 0.600050807
1403715924384058112.000000 -3.092805147 -0.726276219 3.780963898 0.003815310 -0.804619610 0.020130625 0.593437135
1403715924484058112.000000 -3.053744316 -0.690686107 3.722971678 0.003451792 -0.812234402 0.019199088 0.583005011
1403715924784058112.000000 -2.937571764 -0.571344495 3.555962801 -0.025441607 -0.821593285 0.024994666 0.568957448
1403715924884058112.000000 -2.902862072 -0.520745456 3.502783775 -0.045757867 -0.818750083 0.017390616 0.572059453
1403715925134057984.000000 -2.810150862 -0.363442272 3.389460564 -0.098086141 -0.794916511 -0.037928849 0.597535253
1403715925234057984.000000 -2.763653040 -0.294089258 3.363658667 -0.121694669 -0.787279844 -0.060243763 0.601457953
1403715925334057984.000000 -2.708977938 -0.224361271 3.350259781 -0.150718778 -0.784914196 -0.075181238 0.596272945
1403715926034057984.000000 -2.186082840 0.345141679 3.313977957 -0.344023049 -0.738019884 -0.201106995 0.544546485
1403715926134057984.000000 -2.096819639 0.439135432 3.300909042 -0.371256709 -0.716750085 -0.223647580 0.546277881
1403715926384058112.000000 -1.842158437 0.660528302 3.212164164 -0.437603831 -0.662994385 -0.285969645 0.535875738
1403715926484058112.000000 -1.726331472 0.738598704 3.166500568 -0.455796689 -0.641650736 -0.319258004 0.527833402
1403715926634057984.000000 -1.539411187 0.836295843 3.093345404 -0.488961190 -0.618853986 -0.355659187 0.501441181
1403715929084058112.000000 -0.675745249 0.061502438 2.585457802 -0.849262118 -0.183355644 -0.480745137 0.118400536
1403715929234057984.000000 -0.684634805 -0.046280388 2.665654659 -0.853832841 -0.214523822 -0.458673745 0.120695964
1403715931934057984.000000 0.417332172 0.451191485 3.126235247 -0.802917480 -0.214439869 -0.539274216 0.136097148
1403715934434057984.000000 0.602276921 0.686722219 3.939326763 -0.693072021 -0.159226626 -0.686030686 0.153818220
1403715934534057984.000000 0.667056322 0.726079643 3.949874640 -0.666575730 -0.154153869 -0.711186469 0.161639005
1403715934734057984.000000 0.673855364 0.748399794 3.960813046 -0.634541273 -0.148510158 -0.737142682 0.178669617
1403715934884058112.000000 0.552037001 0.701997399 3.977260590 -0.657143295 -0.154128894 -0.714824438 0.182847157
1403715935684058112.000000 -0.612774193 0.142038167 3.824286222 -0.874184549 -0.205352381 -0.428028136 0.102097042
1403715935834057984.000000 -0.699594855 0.104113765 3.765543938 -0.885137677 -0.208504379 -0.405221403 0.094090097
1403715936084058112.000000 -0.664035320 0.140271157 3.712980747 -0.862938821 -0.201847747 -0.452271104 0.100225203
1403715936384058112.000000 -0.457114160 0.283745646 3.697656870 -0.763866782 -0.174148932 -0.607240260 0.132056534
1403715938384058112.000000 -0.828538060 0.575895905 3.120923519 -0.735021472 -0.426777273 -0.462385684 0.252594501
1403715940534057984.000000 -0.699254096 1.884277463 3.445651054 -0.723325372 -0.500635684 -0.390021324 0.272117287
1403715941134057984.000000 -0.739667833 2.247613192 3.746021748 -0.698732615 -0.478396446 -0.439737558 0.299233228
1403715941534057984.000000 -0.635539949 2.799055815 3.937780380 -0.589508176 -0.390092909 -0.575841725 0.410748065
1403715941634057984.000000 -0.628830671 2.877581835 3.941997766 -0.578386366 -0.378964603 -0.584653437 0.424305826
1403715941834057984.000000 -0.644853413 2.915183783 3.921412706 -0.549766958 -0.352425158 -0.605575562 0.454786927
1403715941984058112.000000 -0.685437083 2.818203926 3.890442133 -0.555714488 -0.361227393 -0.601994097 0.445308179
1403715944684058112.000000 -0.946646035 1.713487148 3.054193735 -0.667700827 -0.608081698 -0.292716384 0.314212590
1403715946884058112.000000 -1.349387884 2.245934010 3.736649990 -0.410631806 -0.647625029 -0.348931521 0.538711667
1403715947034057984.000000 -1.420864344 2.312255621 3.777589560 -0.396650672 -0.631642878 -0.362265468 0.558980584
1403715947184058112.000000 -1.471132517 2.328037262 3.815592766 -0.379706323 -0.596112907 -0.383193791 0.594672263
1403715947484058112.000000 -1.479966521 2.159682512 3.821079254 -0.416440189 -0.620952666 -0.358938098 0.558711827
1403715947634057984.000000 -1.449203849 1.999663353 3.778007269 -0.456551045 -0.663832426 -0.309433937 0.505112112
1403715948084058112.000000 -1.343303323 1.611827850 3.533734798 -0.496588886 -0.750916064 -0.228011131 0.370857865
1403715948234057984.000000 -1.348597884 1.598780870 3.456887245 -0.495080143 -0.761257708 -0.220018044 0.356334567
1403715948384058112.000000 -1.391653538 1.668502331 3.405200005 -0.481551051 -0.742391109 -0.243109182 0.397318393
1403715949584058112.000000 -1.628611803 2.062921047 3.112810135 -0.397287488 -0.765815198 -0.229367658 0.450644404
1403715949884058112.000000 -1.673912168 2.077656507 3.086908340 -0.352922708 -0.817528546 -0.182846501 0.416725159
1403715950784058112.000000 -2.395770073 2.491999388 3.177663803 -0.215452075 -0.676277995 -0.233416602 0.664639175
1403715950934057984.000000 -2.403725624 2.438225269 3.200452805 -0.213876858 -0.671026230 -0.231141418 0.671233416
1403715952834057984.000000 -2.799249887 2.012068033 3.632442713 -0.036298629 -0.683842480 -0.026274826 0.728252351
1403715952934057984.000000 -2.720513105 2.024876356 3.656631708 -0.033913784 -0.705802560 -0.022352727 0.707243204
1403715953784058112.000000 -1.997094750 2.146153927 3.534626722 0.039503310 -0.914746881 0.033289731 0.400711089
1403715953984058112.000000 -2.157414436 2.173058510 3.537504196 0.101166457 -0.888434231 0.006438716 0.447670162
1403715954684058112.000000 -2.865006208 1.892225742 3.470741987 -0.078490816 0.688384295 -0.069924250 -0.717688560
1403715955434057984.000000 -2.268743992 1.652699471 3.409596205 0.071349405 -0.874580026 0.056160722 0.476303399
1403715955584058112.000000 -2.178751230 1.609105587 3.412906647 0.065471843 -0.896479785 0.069143705 0.432731509
1403715955734057984.000000 -2.169500113 1.564013243 3.429629564 0.082260609 -0.903080702 0.078458652 0.414153188
1403715956534057984.000000 -2.570350647 1.315383077 3.647304058 0.280612469 -0.659573793 0.224120289 0.660294831
1403715956634057984.000000 -2.537539005 1.316800356 3.675562620 0.292994291 -0.640342593 0.248760253 0.665006816
1403715957384058112.000000 -1.752586365 1.730680823 3.695286036 0.349133730 -0.818752468 0.196349859 0.411335260
1403715957534057984.000000 -1.636899829 1.773575068 3.638248682 0.353328317 -0.841828108 0.177183166 0.367546737
1403715957684058112.000000 -1.587930918 1.756180167 3.577648163 0.360671967 -0.850461066 0.162517160 0.346727312
1403715958434057984.000000 -1.893380523 1.065929055 3.417145967 0.362593949 -0.615935743 0.336877465 0.612913072
1403715958734057984.000000 -1.820205212 1.035831332 3.341166258 0.393914998 -0.593126178 0.394612074 0.580787003
1403715959534057984.000000 -1.492188215 1.666546106 3.125531912 0.620707989 -0.658564270 0.300114512 0.301572680
1403715960384058112.000000 -1.387764573 1.148119807 3.291772127 -0.528735220 0.459899426 -0.528761983 -0.478897035
1403715960584058112.000000 -1.370177984 1.227398515 3.324601412 0.537192464 -0.467786372 0.517504215 0.474119842
1403715961034057984.000000 -1.314372182 1.720553875 3.381985664 0.655461371 -0.591354728 0.332195550 0.332138658
1403715961184058112.000000 -1.271347046 1.829535961 3.406557322 0.670271337 -0.616746664 0.289433748 0.294258475
1403715961384058112.000000 -1.191307425 1.829005718 3.463519096 0.652189672 -0.630970895 0.311445296 0.282003820
1403715961534057984.000000 -1.125481248 1.722896934 3.528737068 0.631649315 -0.602580428 0.375736862 0.311026990
1403715962134057984.000000 -0.936888278 1.239983797 3.705123901 -0.569325328 0.387735516 -0.589577198 -0.421815842
1403715962334057984.000000 -0.933731496 1.286315084 3.686025143 -0.579034328 0.366522908 -0.615983009 -0.388516724
1403715965134057984.000000 -1.479427099 2.162300825 2.796960592 0.755465448 -0.173018813 0.624928176 0.093815245
1403715967934057984.000000 -1.268039227 2.525366783 3.583357811 0.818876445 -0.174966335 0.546031773 0.026028352
1403715968884058112.000000 -1.558960676 2.599084854 3.369579315 0.727925658 -0.084743291 0.676452518 0.073176600
1403715969434057984.000000 -2.107186794 2.669372797 3.101755381 0.895447910 -0.107535310 0.428864002 0.051815756
1403715969634057984.000000 -2.160387993 2.661180496 3.040245533 0.905456960 -0.077314720 0.407530457 0.089939162
1403715969834057984.000000 -2.046559572 2.662742138 3.013225794 0.870477021 -0.039416287 0.473138630 0.129831046
1403715970934057984.000000 -1.832463026 3.180184841 3.021327257 0.869287193 -0.133289814 0.475357801 -0.024669204
1403715971134057984.000000 -1.896576881 3.168431044 3.063874960 0.907315254 -0.112489641 0.405044883 -0.007978974
1403715973784058112.000000 -2.317357302 2.655042410 3.590059996 -0.848253489 -0.125910923 -0.494840086 0.140519708
1403715974284058112.000000 -2.306967974 2.307826996 3.598782778 -0.825608790 -0.151192501 -0.529482424 0.123123281
1403715977134057984.000000 -1.030978918 1.596670985 3.558009624 -0.780077517 -0.256224364 -0.548574924 0.157777667
1403715978534057984.000000 -1.302347541 2.481611252 3.488340139 -0.502689898 -0.631256163 -0.405680954 0.429233700
1403715980434057984.000000 -2.537608624 1.811550021 3.585150003 0.186824515 -0.760826468 0.104904614 0.612564027
1403715980534057984.000000 -2.507833004 1.690280318 3.592612028 0.219766676 -0.748772979 0.145749435 0.608110905
1403715980684058112.000000 -2.437471151 1.514907479 3.599718571 0.271739900 -0.730880141 0.203475818 0.592088938
1403715980884058112.000000 -2.305849314 1.308661819 3.601646900 0.344465137 -0.704387009 0.272845745 0.557438731
1403715981284058112.000000 -1.969145060 1.032539248 3.606390476 0.487759024 -0.604818821 0.405809164 0.481252819
1403715981434057984.000000 -1.835101962 0.989868879 3.613292694 0.539076567 -0.555385947 0.453367859 0.442041278
1403715981784058112.000000 -1.563894153 1.045555234 3.641285896 0.643225849 -0.414086193 0.543096423 0.346178323
1403715981934057984.000000 -1.476673603 1.138395190 3.644011974 0.698363006 -0.364219308 0.543724000 0.289823741
1403715982334057984.000000 -1.308117151 1.482929826 3.662296057 0.767615676 -0.220504135 0.574588895 0.178862467
1403715982484058112.000000 -1.264014125 1.637216330 3.669918299 0.782232881 -0.166926503 0.584219158 0.137605667
1403715982684058112.000000 -1.228275537 1.862293124 3.676618338 0.794262707 -0.087127388 0.595873237 0.080565557
1403715982984058112.000000 -1.230641603 2.228789330 3.682892084 -0.799717188 -0.038604237 -0.598971605 0.013974993
1403715983134057984.000000 -1.258363366 2.416215420 3.684761524 -0.794719100 -0.098127581 -0.595782042 0.061938066
1403715983284058112.000000 -1.303331256 2.601979494 3.685908556 -0.783677518 -0.158994645 -0.589740336 0.113034122
1403715983434057984.000000 -1.365375280 2.781217575 3.685705662 -0.765627801 -0.224123076 -0.580484569 0.163158476
1403715983584058112.000000 -1.444840670 2.949150324 3.689111471 -0.732963979 -0.280147731 -0.577157676 0.226208121
1403715983734057984.000000 -1.543215394 3.093878269 3.693690062 -0.697088242 -0.328954637 -0.568212450 0.288082600
1403715984184058112.000000 -1.924761295 3.290486097 3.710757494 -0.616859317 -0.464522272 -0.486292243 0.408929616
1403715984384058112.000000 -2.099478006 3.259369612 3.725680590 -0.580673695 -0.514880776 -0.445286274 0.446582615
1403715984484058112.000000 -2.180584192 3.220030069 3.735524178 -0.557632267 -0.540541470 -0.429712176 0.460661143
1403715984584058112.000000 -2.256683350 3.166392565 3.743909836 -0.537592411 -0.571552157 -0.407582730 0.467117578
1403715984684058112.000000 -2.329165936 3.101863623 3.750908136 -0.515664518 -0.605999291 -0.382912606 0.469289899
1403715984834057984.000000 -2.433625937 2.991960287 3.759354830 -0.478326261 -0.643958986 -0.336856991 0.492999166
1403715985584058112.000000 -2.737346649 2.317057610 3.804359436 -0.387155384 -0.713503480 -0.284942806 0.509736419
1403715985684058112.000000 -2.763423681 2.207773924 3.804911137 -0.413276404 -0.716921568 -0.277428299 0.488118559
1403715986134057984.000000 -2.901503801 1.804758549 3.704971075 -0.478173047 -0.687260628 -0.263936400 0.478916407
1403715986534057984.000000 -2.980029345 1.605855703 3.517700434 -0.457266808 -0.684438527 -0.298411995 0.483116180
1403715986734057984.000000 -3.004959345 1.528467655 3.408256531 -0.465870291 -0.710015416 -0.279273778 0.448162019
1403715987084058112.000000 -3.081077099 1.490760326 3.254440069 -0.464307785 -0.681236446 -0.298325986 0.480975002
1403715987484058112.000000 -3.116213322 1.490200162 3.103657722 -0.492158502 -0.639129877 -0.331047773 0.489592224
1403715987884058112.000000 -3.076656580 1.458456635 2.979873657 -0.492710441 -0.665942490 -0.330296427 0.452395111
1403715988384058112.000000 -3.062512875 1.466568232 2.873797655 -0.472783208 -0.662102580 -0.339222580 0.472254574
1403715988734057984.000000 -3.064790249 1.464437485 2.830447435 -0.490378678 -0.648681700 -0.315088063 0.489346862
1403715989084058112.000000 -3.017547369 1.457933426 2.813418150 -0.491634905 -0.663972974 -0.319516033 0.464052409
1403715989384058112.000000 -2.966480017 1.474143744 2.813234568 -0.490958035 -0.662963688 -0.325834960 0.461812794
1403715989834057984.000000 -2.899936199 1.530063391 2.810376406 -0.481014609 -0.656161964 -0.340751827 0.471131355
1403715990234057984.000000 -2.855405807 1.559554815 2.771973610 -0.474257648 -0.663223565 -0.343252480 0.466253132
1403715990634057984.000000 -2.850003719 1.554594278 2.680542469 -0.472784370 -0.671100616 -0.341086149 0.457994670
1403715991034057984.000000 -2.915452003 1.548740029 2.564901114 -0.473723769 -0.678217053 -0.337283373 0.449274242
1403715991234057984.000000 -2.953428745 1.550570130 2.559565306 -0.466933906 -0.674771726 -0.345041364 0.455633879
1403715991734057984.000000 -2.949833155 1.548146129 2.552696466 -0.472497195 -0.667704642 -0.338524342 0.465100318
1403715992184058112.000000 -2.950278044 1.546298623 2.551750183 -0.472759962 -0.668035388 -0.338234842 0.464568496
1403715992684058112.000000 -2.950670481 1.544337273 2.552645683 -0.472864181 -0.667855442 -0.338285834 0.464684218
1403715993184058112.000000 -2.950702190 1.543479204 2.553103924 -0.473098725 -0.667822480 -0.338095218 0.464631498
1403715993284058112.000000 -2.950663567 1.543572187 2.553102970 -0.473103136 -0.667789817 -0.338080943 0.464684278
1403715993784058112.000000 -2.950772524 1.545821428 2.552740097 -0.473378927 -0.667773604 -0.337771624 0.464651644
