1403638538777829376.000000 -2.213305235 2.567748308 -0.026812742 -0.571491182 -0.613714576 -0.369187504 0.400565624
1403638539027829504.000000 -2.215617180 2.577917576 -0.025731444 -0.566300392 -0.608011723 -0.377153993 0.409121603
1403638539277829376.000000 -2.219144583 2.597060919 0.000593700 -0.558782935 -0.598069489 -0.388287812 0.423446625
1403638540027829504.000000 -2.231813669 2.676438808 0.156812429 -0.564423144 -0.614054561 -0.369987160 0.409234613
1403638542477829376.000000 -3.183008671 3.647721529 0.446753204 -0.302448928 -0.759258926 -0.230741128 0.528023660
1403638542927829504.000000 -3.530287504 3.716718197 0.509531319 -0.282448977 -0.769897461 -0.212602451 0.531300962
1403638543327829504.000000 -3.854951859 3.705047846 0.608246028 -0.294783413 -0.769736707 -0.203778014 0.528282881
1403638543627829504.000000 -4.108714581 3.693738937 0.633676529 -0.271963984 -0.780012667 -0.191625699 0.529995739
1403638543777829376.000000 -4.241161823 3.684221029 0.641237319 -0.241160840 -0.790153086 -0.176732317 0.535037696
1403638545727829504.000000 -6.094987869 3.610032320 0.778419793 -0.135478988 -0.811157286 -0.087511189 0.562148690
1403638546027829504.000000 -6.367418289 3.597692966 0.810968339 -0.067029513 -0.821867704 -0.051300649 0.563390553
1403638546427829504.000000 -6.732954025 3.572968960 0.838404059 -0.029598065 -0.825280130 -0.020133907 0.563587844
1403638546627829504.000000 -6.919075012 3.555277586 0.828026652 -0.021375159 -0.825888515 -0.015675809 0.563210011
1403638547677829376.000000 -7.983231068 3.336790323 0.864708602 -0.003951909 -0.828006327 -0.004849089 0.560683846
1403638547827829504.000000 -8.146569252 3.283979893 0.838313341 -0.000606985 -0.828069270 -0.011973803 0.560497701
1403638548627829504.000000 -9.075221062 2.909674406 0.853461146 0.064351827 -0.826839089 0.039183024 0.557369471
1403638549077829376.000000 -9.631912231 2.669178724 0.929713845 0.078425124 -0.825702965 0.050868202 0.556306303
1403638549527829504.000000 -10.203209877 2.421310186 1.097596765 0.070594698 -0.824006319 0.057245001 0.559243262
1403638549877829376.000000 -10.655727386 2.239358425 1.201686382 0.068581738 -0.823186040 0.056266490 0.560799003
1403638550327829504.000000 -11.271698952 2.023189783 1.447311044 0.068891957 -0.824578524 0.057795547 0.558555126
1403638550627829504.000000 -11.690733910 1.895956874 1.616063952 0.064564079 -0.821401775 0.065693133 0.562863231
1403638551077829376.000000 -12.304302216 1.758817792 1.793395042 0.060145762 -0.802600920 0.069982596 0.589335740
1403638551227829504.000000 -12.484678268 1.732319713 1.845636725 0.057011202 -0.801233470 0.075653702 0.590805471
1403638551377829376.000000 -12.647987366 1.721071601 1.906297565 0.048255254 -0.806012034 0.073905267 0.585281193
1403638554277829376.000000 -13.543524742 3.816826582 2.553427935 -0.043069236 -0.810438156 -0.029174393 0.583509982
1403638556727829504.000000 -12.049046516 5.829502583 2.810214520 -0.104815975 -0.824838102 -0.034503583 0.554495633
1403638558627829504.000000 -11.694201469 7.952732563 3.112450600 -0.095853761 -0.839035511 -0.051078670 0.533125103
1403638561327829504.000000 -12.692155838 10.603960037 2.903704882 -0.364074379 -0.708513856 -0.234266773 0.557294369
1403638563227829504.000000 -11.877622604 11.457688332 2.792082310 -0.548377275 -0.595661581 -0.359122753 0.464220226
1403638563677829376.000000 -11.508357048 11.502153397 2.710966825 -0.557696342 -0.574294090 -0.381917983 0.461844027
1403638563927829504.000000 -11.253835678 11.471082687 2.706974268 -0.558280408 -0.576485336 -0.373883307 0.464972079
1403638566727829504.000000 -6.459435940 9.388508797 1.798323989 -0.548699379 -0.617524266 -0.364966899 0.429408878
1403638566877829376.000000 -6.202770233 9.234543800 1.672368407 -0.554627359 -0.629860044 -0.351792783 0.414616197
1403638567027829504.000000 -5.955356598 9.097455978 1.542302012 -0.553482115 -0.633902311 -0.349314868 0.412073642
1403638569127829504.000000 -3.632125854 7.823779583 0.421969444 -0.543329597 -0.626844525 -0.380562961 0.408693850
1403638572077829376.000000 -2.555021524 7.334415436 -0.122598417 -0.725434661 -0.389491677 -0.472424507 0.314413875
1403638573377829376.000000 -0.961224198 6.783215523 -0.077595547 -0.769911289 -0.334204227 -0.498561233 0.216751009
1403638573627829504.000000 -0.616683960 6.773674965 -0.034105968 -0.770361602 -0.333630919 -0.500824273 0.210733369
1403638573827829504.000000 -0.336260974 6.795058727 0.025605710 -0.770120203 -0.323527247 -0.512002051 0.200247303
1403638574127829504.000000 0.078983262 6.859970093 0.086616218 -0.775409818 -0.250874728 -0.545140445 0.196528658
1403638574277829376.000000 0.278141022 6.885935783 0.097853571 -0.783400595 -0.205674097 -0.555022359 0.189557463
1403638574477829376.000000 0.535369813 6.896802425 0.099488072 -0.796930969 -0.162174642 -0.560705304 0.155595303
1403638574827829504.000000 0.966217399 6.869071960 0.137013569 -0.806419492 -0.133755654 -0.565998495 0.106970698
1403638575227829504.000000 1.437243462 6.821649551 0.171842292 -0.816850066 -0.123009495 -0.551562965 0.115771532
1403638575627829504.000000 1.931171894 6.744475842 0.144063875 -0.822820127 -0.140114814 -0.539600015 0.110303164
1403638575877829376.000000 2.270748615 6.694178581 0.161277115 -0.825111747 -0.155627474 -0.534165978 0.098170668
1403638576227829504.000000 2.782853127 6.666947842 0.267888218 -0.821897984 -0.157661706 -0.538459718 0.098426357
1403638576627829504.000000 3.403596878 6.703143120 0.357471406 -0.819100082 -0.172315076 -0.541999221 0.074962951
1403638576927829504.000000 3.873828411 6.807599545 0.378660083 -0.807985842 -0.167939827 -0.558785498 0.081938893
1403638577077829376.000000 4.098855972 6.880804062 0.376334310 -0.807145417 -0.159645855 -0.560657799 0.093232855
1403638577227829504.000000 4.316313744 6.960712910 0.386813581 -0.807310104 -0.155237660 -0.560679734 0.098943502
1403638577977829376.000000 5.326042652 7.480453014 0.492295325 -0.807692170 -0.163927287 -0.558914840 0.091517121
1403638578177829376.000000 5.570738792 7.652756214 0.512287736 -0.807144523 -0.159501210 -0.559342504 0.101060003
1403638578577829376.000000 6.051096439 7.999448776 0.567243099 -0.808390975 -0.148116931 -0.557831049 0.115714937
1403638578727829504.000000 6.226525784 8.118122101 0.569581211 -0.807013154 -0.150646538 -0.560110986 0.110955566
1403638579027829504.000000 6.563849926 8.352767944 0.561020553 -0.804287791 -0.160906225 -0.563631475 0.097723424
1403638579377829376.000000 6.932385921 8.650001526 0.623367846 -0.804971457 -0.155790880 -0.562144041 0.108371370
1403638579777829376.000000 7.317244530 8.985583305 0.673059940 -0.784980714 -0.178226009 -0.577185929 0.137467235
1403638579927829504.000000 7.443810940 9.106657982 0.670959115 -0.778715968 -0.222301587 -0.566212893 0.153578401
1403638582527829504.000000 8.363331795 10.244413376 0.680562079 -0.676259100 -0.442621499 -0.499552876 0.311780035
1403638585127829504.000000 7.389512062 10.480766296 1.375829697 -0.686638296 -0.444536120 -0.486692846 0.306668699
1403638585327829504.000000 7.231833458 10.441905022 1.371078968 -0.683656454 -0.442559272 -0.490720391 0.309755802
1403638588177829376.000000 4.929321289 10.157668114 1.354799032 -0.683666587 -0.443381846 -0.493255764 0.304485291
1403638590627829504.000000 2.649234772 9.632879257 1.156766653 -0.691148758 -0.437309802 -0.486411452 0.307371676
1403638591577829376.000000 1.914287448 9.443605423 1.161118865 -0.716662884 -0.447254360 -0.449996680 0.289587289
1403638591977829376.000000 1.718942642 9.508910179 1.107301593 -0.711284101 -0.443044871 -0.458243906 0.296308666
1403638593827829504.000000 1.620459318 10.375449181 1.751997471 -0.639754653 -0.494741738 -0.473357797 0.349109054
1403638594777829376.000000 1.502397776 10.662189484 2.112145901 -0.628255427 -0.509822309 -0.456430942 0.370198667
1403638595227829504.000000 1.395703554 10.681541443 2.229367018 -0.634663105 -0.509490311 -0.451244682 0.366061121
1403638595727829504.000000 1.281120539 10.660006523 2.243478060 -0.633646369 -0.512624502 -0.452974170 0.361279368
1403638596177829376.000000 1.157865763 10.616134644 2.206728458 -0.623043060 -0.524786949 -0.468339413 0.342161179
1403638597477829376.000000 -0.480246276 10.572151184 2.434789181 -0.596805930 -0.533536673 -0.504219055 0.323920548
1403638597627829504.000000 -0.832244933 10.569338799 2.437807560 -0.602576017 -0.521211326 -0.498441368 0.341756076
1403638597777829376.000000 -1.199595451 10.558292389 2.429627657 -0.600140572 -0.524260581 -0.499865770 0.339288205
1403638597927829504.000000 -1.584084511 10.539137840 2.411390066 -0.589579225 -0.537853420 -0.502307892 0.332861513
1403638598227829504.000000 -2.419690609 10.476751328 2.392550230 -0.596267641 -0.535554469 -0.475855231 0.362226665
1403638598377829376.000000 -2.854081154 10.431780815 2.389581680 -0.605760217 -0.532352448 -0.459385276 0.372317880
1403638598527829504.000000 -3.285126209 10.381653786 2.375110388 -0.608427286 -0.533594608 -0.452646464 0.374438524
1403638598677829376.000000 -3.711262703 10.327166557 2.344512701 -0.603220642 -0.543033302 -0.445851266 0.377433926
1403638598827829504.000000 -4.132216930 10.270936012 2.316172123 -0.590889454 -0.555990338 -0.437734187 0.387444288
1403638599127829504.000000 -4.958306789 10.149215698 2.296333551 -0.556465268 -0.591601014 -0.414573461 0.410467297
1403638599277829376.000000 -5.366148949 10.081081390 2.304142714 -0.536858380 -0.610934556 -0.401368201 0.421242923
1403638599427829504.000000 -5.770101547 10.008452415 2.327801466 -0.520351291 -0.630076408 -0.385746598 0.428296417
1403638599727829504.000000 -6.560644627 9.861953735 2.368474960 -0.508786142 -0.646512091 -0.369282812 0.432190835
1403638600477829376.000000 -8.403677940 9.606142044 2.275034904 -0.555043459 -0.620553017 -0.321394473 0.451161087
1403638600727829504.000000 -8.893998146 9.593051910 2.275749207 -0.559694648 -0.621974409 -0.317819566 0.445960313
1403638600927829504.000000 -9.228680611 9.620927811 2.304806709 -0.552152991 -0.637587726 -0.326525390 0.426603168
1403638601077829376.000000 -9.460141182 9.665071487 2.320165873 -0.541524649 -0.647352040 -0.339226276 0.415466040
1403638601227829504.000000 -9.686004639 9.726920128 2.325317621 -0.531237185 -0.650471687 -0.352608949 0.412723422
1403638601527829504.000000 -10.148257256 9.888219833 2.332890749 -0.506533265 -0.649931610 -0.355579376 0.441108018
1403638601677829376.000000 -10.382515907 9.973913193 2.354490757 -0.481699139 -0.664016128 -0.345943481 0.455380797
1403638601827829504.000000 -10.618761063 10.055137634 2.390882254 -0.447961867 -0.684841394 -0.331338018 0.469614387
1403638601977829376.000000 -10.857856750 10.128709793 2.437772512 -0.414641678 -0.704390109 -0.314763784 0.482525378
1403638604527829504.000000 -12.256508827 9.280328751 2.820275307 -0.183689117 -0.785262465 -0.146960706 0.572733521
1403638604777829376.000000 -12.152482986 9.007153511 2.824843884 -0.190757662 -0.788232625 -0.137579039 0.568658948
1403638605777829376.000000 -11.815629005 8.013110161 2.911870003 -0.165060461 -0.797804534 -0.171901315 0.553816617
1403638606227829504.000000 -11.792086601 7.457247257 2.980979443 -0.159811735 -0.801400483 -0.184012964 0.546220422
1403638606527829504.000000 -11.826169014 7.003916264 2.959720612 -0.187048078 -0.811181903 -0.151328951 0.533007085
1403638606727829504.000000 -11.877953529 6.697065353 2.915805578 -0.187979847 -0.820249081 -0.131439939 0.524002612
1403638607177829376.000000 -12.117021561 6.067689896 2.835931540 -0.126911432 -0.831436634 -0.072982974 0.535985231
1403638607427829504.000000 -12.304223061 5.770455837 2.812511921 -0.107314572 -0.815655410 -0.058336727 0.565496862
1403638607827829504.000000 -12.597030640 5.359570026 2.693931818 -0.103151537 -0.813840210 -0.055454433 0.569165051
1403638609077829376.000000 -13.251289368 4.462523460 1.991115570 -0.111034922 -0.807503939 -0.059934665 0.576208770
1403638609377829376.000000 -13.311276436 4.308070183 1.874599934 -0.116406627 -0.803913474 -0.052349579 0.580889106
1403638609577829376.000000 -13.331743240 4.226563931 1.766094089 -0.113129757 -0.806483507 -0.058540724 0.577372611
1403638609877829376.000000 -13.347168922 4.125531197 1.582185268 -0.111085527 -0.807166100 -0.061359528 0.576522291
1403638610377829376.000000 -13.318518639 4.009173870 1.366850019 -0.111775957 -0.797096550 -0.061548237 0.590216100
1403638610727829504.000000 -13.224764824 3.954356194 1.173360705 -0.108854033 -0.786543310 -0.065294169 0.604348540
1403638610927829504.000000 -13.129915237 3.926967859 1.079016447 -0.110871263 -0.798200190 -0.058803104 0.589174151
1403638611227829504.000000 -12.956729889 3.904312849 0.952636957 -0.109491609 -0.793795347 -0.057234589 0.595503688
1403638611527829504.000000 -12.734057426 3.895256042 0.840159059 -0.091527097 -0.797906101 -0.083628975 0.589894056
1403638611977829376.000000 -12.350047112 3.833861828 0.712143779 -0.109836474 -0.806279063 -0.063161358 0.577806890
1403638612327829504.000000 -12.048667908 3.794352293 0.628125072 -0.113556467 -0.807764351 -0.060655385 0.575276196
1403638612727829504.000000 -11.703971863 3.778846025 0.542902827 -0.107392959 -0.804598629 -0.079009831 0.578658223
1403638613177829376.000000 -11.300556183 3.735143185 0.428801984 -0.114920564 -0.804119706 -0.078246102 0.577981353
1403638613627829504.000000 -10.890479088 3.661382437 0.407916486 -0.122736834 -0.799954236 -0.080301672 0.581859648
1403638613977829376.000000 -10.552444458 3.595841169 0.321977794 -0.149518564 -0.787849903 -0.094665073 0.589894414
1403638614377829376.000000 -10.108790398 3.521530867 0.194349110 -0.208265975 -0.784124196 -0.136954084 0.568346977
1403638614577829376.000000 -9.878357887 3.480789900 0.172745198 -0.227453619 -0.780382633 -0.143352523 0.564551055
1403638614927829504.000000 -9.463068008 3.432437897 0.209785864 -0.289424092 -0.769322515 -0.154739708 0.548116922
1403638615127829504.000000 -9.214569092 3.435978651 0.264568686 -0.331495762 -0.754470050 -0.188562274 0.534162581
1403638615327829504.000000 -8.958877563 3.459361792 0.334882677 -0.369409382 -0.729536116 -0.239739418 0.523296118
1403638615527829504.000000 -8.704631805 3.486009598 0.388029903 -0.413700908 -0.702444971 -0.278930336 0.507563293
1403638615827829504.000000 -8.334066391 3.518440008 0.452336639 -0.453408450 -0.676803231 -0.307505071 0.491730452
1403638615977829376.000000 -8.151361465 3.528345346 0.494893789 -0.469204068 -0.666795909 -0.314604461 0.486060619
1403638616177829376.000000 -7.905836105 3.537663937 0.527002156 -0.490720838 -0.651513457 -0.329878092 0.475293308
1403638616377829376.000000 -7.656903267 3.543493748 0.496922404 -0.520695090 -0.629096508 -0.348269254 0.460242063
1403638616777829376.000000 -7.160960674 3.550616264 0.352827519 -0.569252968 -0.609109044 -0.350426555 0.426776856
1403638617227829504.000000 -6.590925694 3.646581888 0.232224748 -0.559882283 -0.614647865 -0.364096820 0.419730097
1403638617527829504.000000 -6.221605301 3.768371820 0.239153638 -0.558019996 -0.628064811 -0.355752021 0.409376174
1403638617827829504.000000 -5.885576248 3.943012476 0.317080498 -0.549048603 -0.632542670 -0.359977424 0.410915643
1403638618127829504.000000 -5.587598801 4.161736488 0.430256486 -0.545976222 -0.633126497 -0.358128667 0.415697843
1403638618977829376.000000 -4.915954113 4.933456898 0.599156022 -0.550312996 -0.617953956 -0.377720416 0.415470481
1403638619377829376.000000 -4.678855896 5.336951256 0.624680281 -0.602876365 -0.554663301 -0.424682528 0.385400593
1403638619577829376.000000 -4.577506542 5.529287338 0.598055720 -0.626210809 -0.525360346 -0.437826991 0.374384791
1403638622377829376.000000 -2.906011820 6.857190609 0.244459063 -0.621528327 -0.510502756 -0.454956949 0.382235050
1403638623277829376.000000 -2.674357891 6.525546551 0.316499442 -0.624892116 -0.505854845 -0.455980122 0.381710410
1403638623777829376.000000 -2.612242222 6.143548012 0.329303712 -0.628935754 -0.510519266 -0.452662110 0.372702330
1403638624277829376.000000 -2.568853617 5.686965942 0.374610960 -0.636906505 -0.506566763 -0.447333425 0.370989352
1403638624727829504.000000 -2.528932095 5.253870010 0.332103223 -0.630142689 -0.497953475 -0.457436770 0.381725192
1403638625177829376.000000 -2.493706226 4.765687943 0.333565772 -0.626892328 -0.519447029 -0.436224043 0.383261681
1403638625627829504.000000 -2.445620775 4.276158333 0.337692440 -0.625056803 -0.523487449 -0.433473468 0.383882403
1403638626077829376.000000 -2.370807886 3.811373711 0.376794279 -0.633902073 -0.528401077 -0.423026174 0.374178112
1403638626327829504.000000 -2.316397667 3.576922417 0.358952940 -0.629708171 -0.529280305 -0.430462718 0.371526361
1403638626777829376.000000 -2.228212833 3.191587687 0.291541666 -0.630843759 -0.536079109 -0.427483857 0.363198280
1403638627127829504.000000 -2.176069498 2.957691431 0.291557908 -0.632760286 -0.539149344 -0.422847152 0.360739172
1403638627527829504.000000 -2.124943018 2.764240980 0.257280976 -0.629945040 -0.540963411 -0.425649554 0.359653115
1403638627727829504.000000 -2.105622768 2.694161654 0.230188802 -0.625327110 -0.538255513 -0.433372587 0.362540036
1403638628127829504.000000 -2.090179920 2.585983038 0.170570523 -0.626889110 -0.540104210 -0.433506936 0.356888413
1403638628527829504.000000 -2.110621452 2.527175188 0.140432388 -0.631262958 -0.529442251 -0.429744750 0.369482666
1403638628977829376.000000 -2.128087044 2.485249996 0.116214499 -0.627980173 -0.525397837 -0.435773402 0.373764068
1403638629427829504.000000 -2.138488293 2.445944071 0.095051959 -0.628671825 -0.534947932 -0.434783876 0.359952182
1403638629877829376.000000 -2.166206121 2.452261209 0.097960532 -0.638207138 -0.516021192 -0.423387289 0.383610398
1403638630227829504.000000 -2.156984568 2.461525440 0.028944777 -0.622447073 -0.523754239 -0.446563184 0.372588873
1403638630427829504.000000 -2.162318230 2.466707468 -0.007020930 -0.635201454 -0.529841959 -0.425747246 0.366777867
1403638630777829376.000000 -2.166502953 2.490318060 -0.021052193 -0.633849084 -0.551354349 -0.418277115 0.345380932
1403638631277829376.000000 -2.169914246 2.459700584 -0.024097897 -0.633803606 -0.549686611 -0.416735560 0.349955887
