#LBA time[ms],KF opt[#],KF fixed[#],MP[#],Edges[#]
0.008896,3,1,0,426
0.002763,4,1,0,958
0.152091,5,1,0,1341
0.256125,6,1,0,1762
0.145285,7,1,0,2297
0.810058,8,1,0,2515
0.561834,9,1,0,2686
0.743280,10,1,0,3155
1.191718,0,0,0,0
45.264565,0,0,0,0
0.911046,0,0,0,0
0.585957,0,0,0,0
0.727987,0,0,0,0
0.858261,0,0,0,0
0.913760,0,0,0,0
1.044673,0,0,0,0
1.234504,0,0,0,0
1.109397,0,0,0,0
1.558208,0,0,0,0
1.672869,0,0,0,0
2.597378,0,0,0,0
2.000790,0,0,0,0
2.237506,0,0,0,0
2.096061,0,0,0,0
2.253089,0,0,0,0
2.227838,0,0,0,0
2.415273,0,0,0,0
2.112138,0,0,0,0
2.177516,0,0,0,0
2.460896,0,0,0,0
2.531461,0,0,0,0
2.110300,0,0,0,0
1.999386,0,0,0,0
2.598426,0,0,0,0
2.429460,0,0,0,0
1.919791,0,0,0,0
2.788971,0,0,0,0
1.612167,0,0,0,0
2.199899,0,0,0,0
2.491940,0,0,0,0
1.802213,0,0,0,0
2.430270,0,0,0,0
1.707161,0,0,0,0
2.648941,0,0,0,0
5.103611,0,0,0,0
1.901187,0,0,0,0
3.326801,0,0,0,0
2.536681,0,0,0,0
1.840305,0,0,0,0
2.973912,0,0,0,0
1.596135,0,0,0,0
2.490279,0,0,0,0
2.794165,3,1,0,446
1.420173,4,1,0,568
0.001750,5,1,0,713
0.002690,6,1,0,848
0.369679,7,1,0,974
0.456757,8,1,0,1131
0.482382,9,1,0,1275
0.684057,10,1,0,1414
0.658469,0,0,0,0
0.459676,0,0,0,0
0.434273,3,1,0,466
44.929951,4,1,0,652
0.838931,5,1,0,1116
0.851568,6,1,0,1709
0.002860,7,1,0,2282
0.003060,8,1,0,2886
0.188539,9,1,0,3343
0.418775,10,1,0,3913
0.705020,0,0,0,0
0.842453,0,0,0,0
1.021432,0,0,0,0
1.194978,0,0,0,0
1.094883,0,0,0,0
55.068075,0,0,0,0
0.805888,0,0,0,0
0.913638,0,0,0,0
1.018322,0,0,0,0
1.039274,0,0,0,0
1.245335,0,0,0,0
1.146294,0,0,0,0
1.471006,0,0,0,0
1.625529,0,0,0,0
2.353015,0,0,0,0
1.996082,0,0,0,0
1.650832,0,0,0,0
2.297691,0,0,0,0
3.967365,0,0,0,0
2.583315,0,0,0,0
2.424933,0,0,0,0
2.727249,0,0,0,0
2.192887,0,0,0,0
2.673915,0,0,0,0
3.116882,0,0,0,0
2.585216,0,0,0,0
2.571588,0,0,0,0
2.241287,0,0,0,0
2.372687,0,0,0,0
1.914021,0,0,0,0
2.809296,0,0,0,0
1.852160,0,0,0,0
2.401829,0,0,0,0
1.719995,0,0,0,0
1.458646,0,0,0,0
3.503770,0,0,0,0
1.794465,0,0,0,0
2.092135,0,0,0,0
2.351895,0,0,0,0
1.558190,0,0,0,0
2.920501,0,0,0,0
1.652946,0,0,0,0
3.011366,0,0,0,0
1.896365,0,0,0,0
3.902016,0,0,0,0
3.161204,0,0,0,0
2.222000,0,0,0,0
3.412640,0,0,0,0
5.390111,0,0,0,0
2.553326,0,0,0,0
3.660608,0,0,0,0
3.954409,0,0,0,0
2.025544,0,0,0,0
3.468703,0,0,0,0
5.408857,0,0,0,0
6.042437,0,0,0,0
3.055245,0,0,0,0
4.170106,0,0,0,0
3.837727,0,0,0,0
3.917727,0,0,0,0
4.959579,0,0,0,0
3.715508,0,0,0,0
4.611734,0,0,0,0
6.193535,0,0,0,0
4.613996,0,0,0,0
3.649074,0,0,0,0
5.154240,0,0,0,0
3.171077,0,0,0,0
4.371442,0,0,0,0
4.958342,0,0,0,0
2.657259,0,0,0,0
6.114727,0,0,0,0
2.710254,0,0,0,0
3.695719,0,0,0,0
5.064788,0,0,0,0
3.431925,0,0,0,0
5.652652,0,0,0,0
3.104436,0,0,0,0
5.295845,0,0,0,0
3.788749,0,0,0,0
5.507510,0,0,0,0
5.783755,0,0,0,0
2.794735,0,0,0,0
5.369756,0,0,0,0
5.157216,0,0,0,0
5.987440,0,0,0,0
6.183217,0,0,0,0
5.647529,0,0,0,0
4.175846,0,0,0,0
9.692107,0,0,0,0
5.167792,0,0,0,0
5.749872,0,0,0,0
6.174179,0,0,0,0
8.668135,0,0,0,0
6.798681,0,0,0,0
6.209868,0,0,0,0
8.874506,0,0,0,0
5.879868,0,0,0,0
7.072427,0,0,0,0
8.595408,0,0,0,0
9.036319,0,0,0,0
10.891561,0,0,0,0
6.134907,0,0,0,0
8.735931,0,0,0,0
6.001082,0,0,0,0
10.219363,0,0,0,0
6.838118,0,0,0,0
9.247144,0,0,0,0
9.290235,0,0,0,0
7.130312,0,0,0,0
9.267077,0,0,0,0
4.907805,0,0,0,0
8.481220,0,0,0,0
4.703491,0,0,0,0
6.764923,0,0,0,0
5.820913,0,0,0,0
8.133273,0,0,0,0
5.251453,0,0,0,0
3.606675,0,0,0,0
5.334364,0,0,0,0
4.134566,0,0,0,0
3.988693,0,0,0,0
6.022869,0,0,0,0
4.371791,0,0,0,0
4.564184,0,0,0,0
4.379220,0,0,0,0
6.029090,0,0,0,0
3.291631,0,0,0,0
3.970116,0,0,0,0
4.713390,0,0,0,0
2.770932,0,0,0,0
3.309621,0,0,0,0
4.022317,0,0,0,0
4.341212,0,0,0,0
3.834626,0,0,0,0
4.993203,0,0,0,0
5.939583,0,0,0,0
3.245118,0,0,0,0
4.931796,0,0,0,0
3.469933,0,0,0,0
7.685552,0,0,0,0
4.497256,0,0,0,0
4.341994,0,0,0,0
4.391517,0,0,0,0
5.726824,0,0,0,0
4.948041,0,0,0,0
4.534121,0,0,0,0
4.482006,0,0,0,0
4.636342,0,0,0,0
3.293225,0,0,0,0
4.434282,0,0,0,0
3.681171,0,0,0,0
6.580198,0,0,0,0
4.211636,0,0,0,0
3.760751,0,0,0,0
6.372259,0,0,0,0
4.868436,0,0,0,0
6.922079,0,0,0,0
3.572027,0,0,0,0
6.734559,0,0,0,0
6.671473,0,0,0,0
6.939685,0,0,0,0
6.146108,0,0,0,0
4.280692,0,0,0,0
4.423872,0,0,0,0
4.418089,0,0,0,0
3.424683,0,0,0,0
4.576961,0,0,0,0
5.022354,0,0,0,0
4.274349,0,0,0,0
5.733715,0,0,0,0
4.112356,0,0,0,0
5.310634,0,0,0,0
4.948965,0,0,0,0
5.291523,0,0,0,0
4.465743,0,0,0,0
7.068333,0,0,0,0
4.979630,0,0,0,0
5.141058,0,0,0,0
3.122571,0,0,0,0
2.194908,0,0,0,0
3.193463,0,0,0,0
2.953896,0,0,0,0
4.505246,0,0,0,0
5.332597,0,0,0,0
4.257608,0,0,0,0
4.759227,0,0,0,0
4.884348,0,0,0,0
4.187245,0,0,0,0
5.923183,0,0,0,0
5.527826,0,0,0,0
6.609652,0,0,0,0
5.246298,0,0,0,0
3.183407,0,0,0,0
7.831123,0,0,0,0
5.411694,0,0,0,0
5.235530,0,0,0,0
6.382297,0,0,0,0
5.453737,0,0,0,0
6.401011,0,0,0,0
4.991320,0,0,0,0
6.230220,0,0,0,0
6.019172,0,0,0,0
5.156264,0,0,0,0
6.929904,0,0,0,0
6.520775,0,0,0,0
4.785751,0,0,0,0
8.971604,0,0,0,0
5.884071,0,0,0,0
6.178001,0,0,0,0
5.830178,0,0,0,0
6.206348,0,0,0,0
5.630053,0,0,0,0
4.690996,0,0,0,0
6.865345,0,0,0,0
5.393393,0,0,0,0
7.193621,0,0,0,0
10.301591,0,0,0,0
7.737908,0,0,0,0
5.526934,0,0,0,0
6.491399,0,0,0,0
6.631439,0,0,0,0
6.501171,0,0,0,0
8.498633,0,0,0,0
5.900952,0,0,0,0
5.995645,0,0,0,0
4.206979,0,0,0,0
5.546670,0,0,0,0
5.999853,0,0,0,0
5.260429,0,0,0,0
9.507086,0,0,0,0
6.961220,0,0,0,0
7.333182,0,0,0,0
4.711901,0,0,0,0
8.805303,0,0,0,0
6.089836,0,0,0,0
7.764087,0,0,0,0
5.927623,0,0,0,0
7.563195,0,0,0,0
6.366710,0,0,0,0
5.519446,0,0,0,0
5.925623,0,0,0,0
12.124601,0,0,0,0
9.702490,0,0,0,0
8.621549,0,0,0,0
5.899824,0,0,0,0
8.083907,0,0,0,0
8.274936,0,0,0,0
7.473753,0,0,0,0
10.466626,0,0,0,0
10.031390,0,0,0,0
8.655680,0,0,0,0
6.470871,0,0,0,0
6.929730,0,0,0,0
8.558080,0,0,0,0
9.388635,0,0,0,0
5.370654,0,0,0,0
7.390476,0,0,0,0
6.651975,0,0,0,0
10.020422,0,0,0,0
6.856823,0,0,0,0
8.402341,0,0,0,0
10.926303,0,0,0,0
10.641269,0,0,0,0
8.621076,0,0,0,0
10.094748,0,0,0,0
9.060035,0,0,0,0
8.916133,0,0,0,0
8.866078,0,0,0,0
9.851412,0,0,0,0
6.933688,0,0,0,0
9.183673,0,0,0,0
7.179286,0,0,0,0
9.925096,0,0,0,0
9.413215,0,0,0,0
10.367828,0,0,0,0
8.534311,0,0,0,0
12.426195,0,0,0,0
5.569812,0,0,0,0
9.271769,0,0,0,0
11.621287,0,0,0,0
9.789717,0,0,0,0
8.752563,0,0,0,0
10.107240,0,0,0,0
11.200480,0,0,0,0
10.443805,0,0,0,0
13.153356,0,0,0,0
9.645845,0,0,0,0
9.455820,0,0,0,0
13.875232,0,0,0,0
10.504852,0,0,0,0
8.261394,0,0,0,0
10.758549,0,0,0,0
11.072499,0,0,0,0
8.858102,0,0,0,0
10.634184,0,0,0,0
10.698249,0,0,0,0
9.403435,0,0,0,0
10.944199,0,0,0,0
13.458078,0,0,0,0
9.040325,0,0,0,0
9.323373,0,0,0,0
15.392505,0,0,0,0
7.097825,0,0,0,0
11.286261,0,0,0,0
10.228310,0,0,0,0
11.020783,0,0,0,0
11.122759,0,0,0,0
10.075572,0,0,0,0
9.131793,0,0,0,0
10.607219,0,0,0,0
8.952808,0,0,0,0
7.817955,0,0,0,0
9.861539,0,0,0,0
9.101698,0,0,0,0
8.827739,0,0,0,0
7.332655,0,0,0,0
8.910505,0,0,0,0
7.147801,0,0,0,0
11.574761,0,0,0,0
6.737945,0,0,0,0
9.063062,0,0,0,0
8.224753,0,0,0,0
7.985179,0,0,0,0
6.598124,0,0,0,0
8.543053,0,0,0,0
7.647353,0,0,0,0
10.600782,0,0,0,0
7.588555,0,0,0,0
8.917048,0,0,0,0
10.576214,0,0,0,0
7.656925,0,0,0,0
11.921525,0,0,0,0
9.502966,0,0,0,0
10.333772,0,0,0,0
7.974510,0,0,0,0
9.474401,0,0,0,0
11.929465,0,0,0,0
8.983143,0,0,0,0
11.720442,0,0,0,0
8.115667,0,0,0,0
7.169982,0,0,0,0
7.422805,0,0,0,0
9.507792,0,0,0,0
6.838255,0,0,0,0
7.775270,0,0,0,0
6.231883,0,0,0,0
9.128996,0,0,0,0
9.531251,0,0,0,0
9.001624,0,0,0,0
7.396874,0,0,0,0
9.899862,0,0,0,0
9.798409,0,0,0,0
7.098899,0,0,0,0
8.184716,0,0,0,0
12.302819,0,0,0,0
9.896846,0,0,0,0
12.245235,0,0,0,0
10.314518,0,0,0,0
8.501235,0,0,0,0
9.103509,0,0,0,0
8.999862,0,0,0,0
10.022532,0,0,0,0
7.073387,0,0,0,0
10.284926,0,0,0,0
8.090220,0,0,0,0
11.934089,0,0,0,0
9.187767,0,0,0,0
10.448578,0,0,0,0
11.282034,0,0,0,0
12.192683,0,0,0,0
12.308392,0,0,0,0
12.594907,0,0,0,0
10.797592,0,0,0,0
11.002901,0,0,0,0
10.185397,0,0,0,0
14.240007,0,0,0,0
10.669981,0,0,0,0
11.236589,0,0,0,0
6.501350,0,0,0,0
12.083951,0,0,0,0
11.162497,0,0,0,0
11.011268,0,0,0,0
10.678206,0,0,0,0
8.043672,0,0,0,0
11.664848,0,0,0,0
12.562006,0,0,0,0
11.794204,0,0,0,0
13.643260,0,0,0,0
17.013740,0,0,0,0
10.214494,0,0,0,0
14.865502,0,0,0,0
11.604041,0,0,0,0
11.140339,0,0,0,0
11.693165,0,0,0,0
9.697338,0,0,0,0
11.081382,0,0,0,0
12.190557,0,0,0,0
8.506977,0,0,0,0
10.972803,0,0,0,0
13.128652,0,0,0,0
14.884087,0,0,0,0
15.038209,0,0,0,0
17.186913,0,0,0,0
16.428229,0,0,0,0
13.494625,0,0,0,0
12.038864,0,0,0,0
16.486630,0,0,0,0
14.884199,0,0,0,0
15.027960,0,0,0,0
17.915188,0,0,0,0
17.905662,0,0,0,0
16.803418,0,0,0,0
17.417269,0,0,0,0
20.225050,0,0,0,0
17.874502,0,0,0,0
21.048624,0,0,0,0
18.324255,0,0,0,0
20.299089,0,0,0,0
15.817728,0,0,0,0
16.038522,0,0,0,0
24.426642,0,0,0,0
16.915594,0,0,0,0
16.795444,0,0,0,0
20.866732,-1882334304,0,-1888568256,-1210562302
13.285017,29542,1072693248,29542,1080009107
16.237723,2088599808,0,768,-783951791
15.642908,29542,0,0,1080210947
11.637948,9,0,68,1227604732
13.991457,0,0,0,1079999390
