1413393889605760512.000000 -0.048043109 -0.088485256 0.534482658 -0.508560479 -0.643071771 -0.344854057 0.457056552
1413393892405760512.000000 -0.449025750 -1.094130278 0.959439754 -0.511243403 -0.644741535 -0.356816322 0.442290157
1413393892705760512.000000 -0.453590721 -1.506367445 0.922975123 -0.523984313 -0.655840456 -0.345443964 0.419502318
1413393892905760512.000000 -0.476071477 -1.731838942 0.888769805 -0.540641248 -0.677854776 -0.318985879 0.382711381
1413393893405760512.000000 -0.665811002 -1.906792402 0.903070688 -0.543336749 -0.672333181 -0.311266482 0.394799411
1413393893655760384.000000 -0.805111408 -1.801382542 0.940449357 -0.550969660 -0.660029769 -0.299578696 0.413576961
1413393894955760384.000000 -1.161918998 -0.256931663 0.991380513 -0.514768064 -0.631003618 -0.348829091 0.463860482
1413393895255760384.000000 -1.164279222 0.138220116 0.962739348 -0.507697523 -0.631191909 -0.354135007 0.467363268
1413393897855760384.000000 -0.520052314 1.528040528 0.945226550 -0.775366724 -0.266712099 -0.551617086 0.152937353
1413393899555760384.000000 -0.483761936 2.397248507 1.268159270 -0.676322699 -0.116063505 -0.713581324 0.141133532
1413393901255760384.000000 -0.911090374 1.527479172 1.078378797 -0.839014351 -0.140465453 -0.513400078 0.112892926
1413393903105760512.000000 -0.024954926 2.047263861 1.211486340 -0.830604017 -0.122035950 -0.530420542 0.117720582
1413393903555760384.000000 0.318936586 2.393476248 1.311026216 -0.812857091 -0.070181951 -0.573781550 0.071502641
1413393905055760384.000000 1.195455194 2.421151876 1.401164412 0.816101551 -0.120010644 0.550983012 0.126465753
1413393905355760384.000000 1.401624680 2.372137547 1.343018413 0.777624071 -0.208663017 0.569480419 0.165688500
1413393908155760384.000000 2.012853384 1.844648004 0.631950140 0.649119496 -0.476086557 0.475880265 0.354293019
1413393910005760512.000000 1.848997712 2.594925165 0.434196651 0.665022850 -0.531678379 0.392618418 0.347726107
1413393910255760384.000000 1.897867918 2.623096466 0.355631709 0.664401233 -0.549416006 0.378250569 0.337104708
1413393910555760384.000000 2.013129234 2.495890379 0.371237725 0.658389390 -0.579918921 0.375725001 0.298409313
1413393910805760512.000000 2.110859156 2.247666597 0.365682840 0.650296688 -0.561859548 0.409922689 0.305600047
1413393911955760384.000000 2.429967165 0.835302472 0.203675508 0.648308396 -0.499602407 0.462505639 0.340855271
1413393912255760384.000000 2.504194498 0.568304360 0.367349029 0.664032757 -0.554591358 0.417232245 0.278219938
1413393912655760384.000000 2.552541971 -0.013839230 0.621406674 0.632379532 -0.530087233 0.460601687 0.327031732
1413393913305760512.000000 2.483093739 -1.012994051 0.707665086 0.539610147 -0.581610203 0.468658715 0.388470769
1413393913555760384.000000 2.367017031 -1.314156175 0.666004956 0.467822820 -0.639869332 0.442513794 0.419393212
1413393913705760512.000000 2.252157688 -1.463420630 0.657157540 0.421538770 -0.659460783 0.418804675 0.460455477
1413393914155760384.000000 1.800997734 -1.668394327 0.723288298 0.310074210 -0.708714783 0.299876601 0.558257520
1413393914455760384.000000 1.517829895 -1.634492993 0.789357603 0.248376116 -0.765724361 0.192326829 0.561236024
1413393914655760384.000000 1.357842326 -1.598104954 0.846120656 0.186745599 -0.787511051 0.165038481 0.563661933
1413393917605760512.000000 -0.544720650 -1.992484927 1.416752458 -0.332133174 -0.763389587 -0.159264699 0.530621052
1413393918105760512.000000 -0.592231989 -1.918461442 1.388278723 -0.505594254 -0.645974576 -0.311907530 0.479379803
1413393918455760384.000000 -0.544577062 -1.809239745 1.391524196 -0.619257629 -0.553021669 -0.366806298 0.419690728
1413393918655760384.000000 -0.460754842 -1.723405123 1.406636238 -0.672735572 -0.486248881 -0.409760565 0.378265977
1413393919855760384.000000 0.388028026 -1.849840045 1.383060336 -0.761305332 -0.001601444 -0.643172920 0.082098529
1413393922305760512.000000 -0.059398066 -3.134471178 0.138502568 -0.832555234 -0.054478854 -0.551014245 0.016348492
1413393922555760384.000000 -0.024928600 -3.091262579 0.010702588 -0.848788857 -0.033022832 -0.526515365 0.035335284
1413393922855760384.000000 0.123902366 -3.049615860 -0.102697648 -0.834371686 -0.017643612 -0.547990918 0.056733575
1413393923255760384.000000 0.465665162 -3.044607162 -0.133540019 -0.849291801 -0.049014505 -0.525597274 0.006957155
1413393924605760512.000000 2.290959358 -2.930202723 0.110882178 -0.691458821 -0.443284214 -0.552571476 0.141593531
1413393924755760384.000000 2.399597883 -2.807474136 0.167741880 -0.663516998 -0.452428490 -0.579444706 0.138915271
1413393924905760512.000000 2.430497408 -2.637062550 0.254234612 -0.672255337 -0.434802055 -0.578487813 0.156114429
1413393927455760384.000000 2.324128628 0.643575311 1.235352039 -0.632439971 -0.554236472 -0.386336297 0.378927410
1413393928105760512.000000 2.396547318 1.298202991 1.576636314 -0.509000182 -0.614546299 -0.470089287 0.377184123
1413393928255760384.000000 2.317935705 1.426930428 1.635053873 -0.511613250 -0.612563550 -0.468034029 0.379423261
1413393929155760384.000000 1.587803841 1.822027683 1.749945045 -0.562744081 -0.546574950 -0.478825241 0.394082874
1413393929255760384.000000 1.498125672 1.814017653 1.767432094 -0.582074821 -0.532556832 -0.485711932 0.376372129
1413393930205760512.000000 0.526866317 1.562458992 1.987017155 -0.774801791 -0.254690170 -0.520571291 0.252627581
1413393930705760512.000000 0.165070191 1.333376527 1.863123417 -0.767309248 -0.262493253 -0.547871292 0.205355808
1413393933055760384.000000 -0.124371655 -0.232384577 0.953028560 -0.739661992 -0.299125195 -0.570493400 0.194837362
1413393935505760512.000000 -0.108462363 -1.971766233 0.415653884 -0.673094153 -0.511467099 -0.434238195 0.311099678
1413393935905760512.000000 0.009465106 -2.003132820 0.458968312 -0.562211037 -0.621562779 -0.440448433 0.321844369
1413393936105760512.000000 -0.028904758 -1.958667874 0.488875180 -0.544579625 -0.632119417 -0.389347672 0.390213549
1413393936305760512.000000 -0.109449819 -1.890042782 0.526584625 -0.514724076 -0.650534034 -0.316899747 0.459825307
1413393939155760384.000000 0.273078591 -2.106024027 1.036618829 0.054824151 -0.774471879 0.045915414 0.628553450
1413393939555760384.000000 0.552999973 -2.310617208 1.002895474 0.078406081 -0.868668437 0.082632095 0.482119739
1413393939955760384.000000 0.545738459 -2.492426872 0.919769287 0.073067710 -0.825432062 0.069382995 0.555435956
1413393940255760384.000000 0.458185017 -2.600777626 0.903547883 -0.042978916 0.705935836 -0.103327751 -0.699378908
1413393940655760384.000000 0.650167167 -2.585832834 0.868264437 0.042881604 -0.869479954 0.088384077 0.484101415
1413393941055760384.000000 0.583681405 -2.439218760 0.950178802 0.031386536 -0.807929635 0.079737388 0.583015084
1413393943855760384.000000 -0.047106966 -0.940446615 1.091281414 0.056720980 -0.853931546 0.021929270 0.516819894
1413393945355760384.000000 -0.272078723 -0.699599385 1.337092876 -0.126545817 -0.747687697 -0.112748109 0.642057002
1413393945705760512.000000 -0.254647732 -0.688816547 1.258854151 -0.214287475 -0.777783215 -0.148819491 0.571827650
1413393948655760384.000000 -0.040667012 -1.179040670 0.825038970 -0.731395125 -0.303046584 -0.565775812 0.230481490
1413393951305760512.000000 -0.205885872 -2.756107569 0.863608956 -0.812006235 -0.085535549 -0.575683057 0.043801468
1413393954205760512.000000 1.172296524 -2.974547386 0.724314988 -0.803883314 -0.187689736 -0.552239001 0.116517566
1413393954505760512.000000 1.254491210 -2.970486641 0.736252248 -0.812718868 -0.252259135 -0.503091514 0.150839061
1413393955655760384.000000 2.130548000 -2.248040438 0.870998085 -0.686038136 -0.407055855 -0.525992334 0.294939637
1413393956005760512.000000 2.330230713 -1.988832235 0.831639469 -0.652443469 -0.493452787 -0.493855327 0.294837028
1413393956355760384.000000 2.400245667 -1.709636569 0.815472782 -0.629007280 -0.513223886 -0.450669289 0.371279418
1413393957055760384.000000 2.439949512 -1.223741293 0.827207863 -0.492668837 -0.659283221 -0.315788180 0.472123802
1413393957655760384.000000 2.460313320 -0.791934192 0.834739864 -0.303172529 -0.751933455 -0.208153680 0.547133088
1413393960205760512.000000 2.343321085 -0.124479502 0.393639863 -0.185585186 -0.812213480 -0.126957938 0.538283408
1413393960705760512.000000 2.304195642 -0.133255184 0.328025460 -0.131376356 -0.808244765 -0.097705632 0.565627277
1413393961155760384.000000 2.176249504 -0.163810104 0.089809731 -0.060523484 -0.830659986 -0.032966778 0.552498102
1413393962005760512.000000 2.178150892 -0.138951525 0.449097931 -0.052925061 -0.815011799 -0.044114675 0.575333536
1413393962405760512.000000 2.261428118 -0.174379826 0.944464684 -0.054607317 -0.843204141 -0.038522672 0.533423841
1413393962805760512.000000 2.183966875 -0.208650783 1.273541808 -0.099323146 -0.850153029 -0.105988666 0.506103992
1413393963005760512.000000 2.058690786 -0.237325370 1.373276472 -0.145384282 -0.814016342 -0.181622505 0.532216311
1413393963205760512.000000 1.900942683 -0.306989223 1.427593827 -0.216314390 -0.775319636 -0.234726116 0.544969022
1413393963405760512.000000 1.726791501 -0.421973467 1.436168671 -0.296353161 -0.737239122 -0.262765288 0.547364354
1413393963805760512.000000 1.373660326 -0.739915311 1.336295128 -0.404916465 -0.679187179 -0.330371618 0.515366018
1413393965255760384.000000 0.406526297 -2.346139193 0.623610616 -0.741983652 -0.448741764 -0.345852822 0.358436853
1413393968155760384.000000 -0.399920911 -1.277857661 0.813626528 -0.787834942 -0.277991086 -0.509389579 0.206299290
1413393970655760384.000000 -0.788057506 -1.105335236 0.935845315 -0.810481668 -0.057190832 -0.582935989 0.005860644
1413393973455760384.000000 -2.040541410 -0.594324350 0.827447474 -0.766592622 -0.052017685 -0.639990449 -0.006499166
1413393973905760512.000000 -2.396577597 -0.356816292 0.769151688 0.795634210 -0.009164524 0.595901489 -0.108552575
1413393974105760512.000000 -2.602669239 -0.322635919 0.757666707 0.858754635 -0.027469810 0.492314756 -0.139327705
1413393974405760512.000000 -2.712876558 -0.447574586 0.810515106 -0.913749456 -0.053916670 -0.401682019 0.028401366
1413393974605760512.000000 -2.559712172 -0.517425418 0.895220637 -0.891049445 -0.115855254 -0.437304616 -0.037055500
1413393974905760512.000000 -2.139322519 -0.443159848 1.021700382 -0.813244283 -0.127065331 -0.567391872 -0.023548150
1413393977755760384.000000 -0.959651291 0.872561455 1.034388065 -0.811623573 -0.093801297 -0.575143754 0.040966995
1413393980655760384.000000 -1.195367932 0.300230324 1.156896830 0.697117448 -0.435476482 0.463280231 0.331298918
1413393981355760384.000000 -1.088003039 -0.413106292 1.233674526 0.686301708 -0.468351364 0.481514394 0.278892130
1413393982755760384.000000 -0.381638914 -2.126714945 1.258817673 0.811837673 -0.139475927 0.550163150 0.137064233
1413393983005760512.000000 -0.137634158 -2.307878256 1.255727172 -0.823209941 -0.003437283 -0.564145863 -0.063663855
1413393983455760384.000000 0.305205047 -2.404729843 1.236287475 -0.787457764 -0.241621315 -0.563926578 0.059298307
1413393983705760512.000000 0.492874920 -2.300422430 1.249236465 -0.736460388 -0.345822006 -0.565240920 0.136147201
1413393983955760384.000000 0.584599316 -2.106793642 1.278543353 -0.690750360 -0.425433815 -0.544771373 0.212354273
1413393984205760512.000000 0.567865968 -1.858994603 1.321711302 -0.633314729 -0.500775456 -0.524568558 0.270118952
1413393984955760384.000000 -0.097746499 -1.099553347 1.428993225 -0.591339171 -0.563992143 -0.400718659 0.414313108
1413393985205760512.000000 -0.355534434 -0.870084882 1.360391855 -0.631483495 -0.519222796 -0.422393322 0.391433567
1413393988105760512.000000 -0.962020457 1.010013938 1.163338661 0.812830329 -0.009338134 0.582394481 0.006031129
1413393991005760512.000000 -0.665872574 2.443403482 0.983915806 0.777454734 -0.391655803 0.417081118 0.261176527
1413393992755760384.000000 -0.591459215 2.166792631 1.214118838 0.696132839 -0.368610561 0.552797675 0.271919429
1413393993855760384.000000 -0.634574175 2.113875628 1.326519728 0.681062281 -0.332374513 0.568267405 0.320551962
1413393994105760512.000000 -0.577919126 2.143929482 1.275448442 0.640961051 -0.324086279 0.615061760 0.325324416
1413393994555760384.000000 -0.711917341 2.533813477 1.311548352 0.747246742 -0.411780715 0.477160782 0.210657567
1413393994805760512.000000 -0.808629811 2.695704222 1.239142418 0.791491687 -0.435708523 0.384911060 0.188526720
1413393995305760512.000000 -0.733090699 2.611260414 1.126406550 0.709948897 -0.399260581 0.533796251 0.227211818
1413393995755760384.000000 -0.712225795 2.423510313 1.008018613 0.755001605 -0.259768844 0.580281317 0.160518929
1413393996005760512.000000 -0.761197507 2.307767391 0.968958676 0.769481421 -0.151027322 0.610616088 0.110621415
1413393996255760384.000000 -0.867874444 2.209309101 0.925402284 0.780541480 -0.102187105 0.614101529 0.056499533
1413393996505760512.000000 -1.021988034 2.108405113 0.858891010 0.809695959 -0.083002388 0.579235554 0.044600468
1413393996805760512.000000 -1.197083831 1.984306574 0.734292030 0.826407552 -0.068249762 0.557255208 0.043119572
1413393997105760512.000000 -1.314394832 1.876117826 0.651746809 0.828363836 -0.026973529 0.558652043 0.031521711
1413393997605760512.000000 -1.408391953 1.754468918 0.518752456 0.813804507 -0.002978822 0.580904782 0.016222356
1413393997855760384.000000 -1.445627809 1.726901412 0.434986293 0.814584553 -0.002907386 0.579782844 0.017189633
1413393998155760384.000000 -1.483331800 1.728432655 0.374811858 0.818360507 -0.007257405 0.574155748 0.024053145
1413393998555760384.000000 -1.506778955 1.791169643 0.343396604 0.822669089 -0.030884670 0.567410707 0.017515332
1413393999055760384.000000 -1.494073153 1.861614823 0.315134197 0.810759306 -0.035732709 0.584142447 0.013039465
1413393999505760512.000000 -1.477828979 1.897785783 0.246932060 0.824118316 -0.044551142 0.564651489 0.003583055
1413393999905760512.000000 -1.415289640 1.896790743 0.178179041 0.816460788 -0.057813298 0.574304760 -0.014945843
1413394000305760512.000000 -1.402599931 1.885729909 0.150440544 0.804753721 -0.030793989 0.591062009 0.045485176
1413394000655760384.000000 -1.404155493 1.878162146 0.145307541 0.803088903 -0.044352893 0.593499720 0.028968949
1413394000955760384.000000 -1.403430462 1.878011823 0.145550698 0.803005755 -0.045916021 0.593587339 0.026972454
1413394001455760384.000000 -1.403030872 1.877716064 0.145276278 0.802892625 -0.046445630 0.593727291 0.026347376
1413394001955760384.000000 -1.404198766 1.877979279 0.145008504 0.802877069 -0.046757963 0.593749046 0.025774594
1413394002455760384.000000 -1.404005170 1.878020406 0.145044625 0.802845657 -0.047058612 0.593773544 0.025638193
1413394002955760384.000000 -1.404382348 1.878129959 0.145239606 0.802931190 -0.047341857 0.593641758 0.025491655
