#Stereo rect[ms], MP culling[ms], MP creation[ms], LBA[ms], KF culling[ms], Total[ms]
4.187943,0.046146,0.374491,0.004701,0.004701,4.617899
6.056686,0.172560,3.011626,0.003306,0.003306,9.247125
4.464961,0.187542,4.698798,0.230758,0.230758,33.631091
7.281217,0.366309,7.955206,0.494718,0.494718,39.744246
8.612742,0.231489,10.543908,0.385400,0.385400,42.340970
5.505177,0.257605,16.391355,1.022740,1.022740,60.443651
9.125521,0.224475,17.827112,2.135663,2.135663,70.446135
4.380929,0.137794,5.217743,1.820100,1.820100,37.165625
3.932851,0.135297,6.907391,1.466163,1.466163,53.349425
8.388717,0.236235,22.009190,102.730679,102.730679,175.493554
4.124532,0.128843,9.075738,1.853427,1.853427,47.362708
5.481696,0.151118,12.547424,2.483560,2.483560,62.335725
10.830346,0.288531,25.377323,2.575258,2.575258,83.023053
11.540521,0.349362,23.847724,3.381625,3.381625,85.935355
6.330159,0.241855,20.167701,4.160325,4.160325,88.945916
6.251314,0.532386,25.057183,2.652651,2.652651,98.422482
10.800103,0.547082,27.342590,3.749706,3.749706,109.297491
7.343371,0.292359,19.688889,4.609696,4.609696,94.924245
5.828766,0.184757,17.996836,3.966042,3.966042,92.071600
5.780005,0.232648,17.522809,3.962249,3.962249,101.086672
9.223783,0.321982,27.474634,4.702312,4.702312,118.733042
7.761249,0.219121,28.080325,5.695803,5.695803,122.425964
7.364400,0.216594,25.289095,5.540649,5.540649,123.132769
9.479050,0.226410,25.908845,6.659027,6.659027,124.708563
9.909992,0.228623,32.883548,5.347487,5.347487,271.000638
8.590894,0.302024,26.683610,5.346195,5.346195,122.757825
6.948233,0.201572,22.071318,5.056936,5.056936,122.001516
8.359052,0.349825,29.216257,4.988162,4.988162,120.748497
7.638857,0.274111,25.467400,4.639029,4.639029,114.915684
7.751601,0.286006,20.514862,5.395525,5.395525,121.566531
6.340624,0.273937,18.449344,5.556030,5.556030,115.420870
4.901702,0.239821,16.989870,6.502989,6.502989,123.621223
4.859511,0.203703,15.454762,6.376242,6.376242,110.409950
5.739720,0.206147,17.140742,5.064319,5.064319,105.273256
7.606937,0.257741,26.093920,4.402908,4.402908,117.928509
8.820335,0.333926,29.045440,5.286051,5.286051,125.028557
8.696788,0.423467,25.068646,5.143063,5.143063,131.842998
9.471665,0.425044,23.913544,5.649822,5.649822,120.267387
5.635984,0.285579,28.650217,3.577660,3.577660,122.603688
5.207744,0.257404,15.097109,4.800981,4.800981,119.575944
7.826206,0.471148,18.118404,3.214092,3.214092,115.550307
4.302586,0.308231,13.610317,5.222953,5.222953,117.001731
4.012588,0.318024,14.373344,2.969181,2.969181,97.853920
4.282379,0.234377,10.927730,2.606262,2.606262,102.669594
4.486800,0.234607,12.009581,3.397125,3.397125,105.110724
7.822634,0.256482,25.694419,4.032565,4.032565,119.069834
5.775331,0.249033,14.482427,5.929816,5.929816,123.895182
7.824178,0.375211,17.495394,3.974931,3.974931,120.555463
4.123928,0.300875,12.564698,2.556907,2.556907,112.824251
1.938454,0.252134,7.339230,2.525571,2.525571,60.579363
3.338600,0.530882,11.356525,1.773972,1.773972,103.337132
2.795439,0.141858,8.550712,1.473797,1.473797,53.139531
3.388509,0.228022,10.981029,1.633016,1.633016,55.750967
3.897176,0.161294,15.701249,7.017973,7.017973,105.532390
4.696071,0.178279,16.092176,4.516022,4.516022,108.321903
5.070724,0.190345,16.537025,5.716158,5.716158,116.002537
6.440476,0.248503,22.496563,5.645165,5.645165,120.970174
5.461155,0.237002,22.563542,5.046837,5.046837,123.936190
7.257364,0.318350,21.514556,4.722344,4.722344,121.900992
4.978284,0.300666,20.179238,2.843948,2.843948,108.612732
4.687353,0.241774,15.920015,2.685181,2.685181,117.684287
5.845290,0.238857,21.929898,4.212687,4.212687,114.457010
5.815249,0.291953,22.999750,4.998955,4.998955,116.542246
6.999407,0.290885,23.062468,4.435299,4.435299,129.006140
7.863888,0.389187,26.743099,5.471830,5.471830,122.314630
6.018497,0.298584,17.008671,5.471865,5.471865,120.718816
3.907766,0.230947,14.694682,3.487605,3.487605,106.551557
6.197219,0.192465,25.391569,7.216327,7.216327,122.993437
10.790384,0.265728,28.855398,5.203140,5.203140,126.435146
13.010600,0.372209,34.386786,5.083159,5.083159,135.409593
8.090696,0.229099,26.752205,4.687406,4.687406,132.083805
7.108731,0.207672,29.697169,4.243458,4.243458,126.475281
7.232942,0.203740,27.344963,4.944122,4.944122,124.663261
7.505269,0.270308,28.905062,4.770749,4.770749,128.274911
8.301109,0.246392,25.856729,3.941427,3.941427,128.117417
9.102552,0.256560,26.426767,5.240580,5.240580,132.113578
7.141268,0.259416,26.733045,6.143274,6.143274,129.571287
6.514479,0.265844,26.927400,4.340992,4.340992,124.998858
8.876261,0.282215,25.369245,6.372933,6.372933,130.483043
5.161320,0.330499,19.607175,4.530285,4.530285,119.837596
6.008774,0.397593,22.291905,5.117992,5.117992,125.838446
6.810877,0.237813,22.091971,7.195764,7.195764,123.302869
5.188761,0.185404,19.391678,4.750063,4.750063,121.905438
5.366256,0.186485,17.123604,4.315101,4.315101,124.018050
6.050264,0.216993,21.679188,5.765590,5.765590,120.377659
11.357985,0.841919,27.964716,6.367068,6.367068,424.811871
4.465310,0.415639,11.459978,3.050334,3.050334,110.449508
6.661523,0.798514,18.420813,2.230579,2.230579,123.144530
9.277337,0.786387,21.626784,2.038829,2.038829,118.006553
9.637971,0.649896,24.873116,3.612247,3.612247,134.341940
6.181978,0.374983,13.354662,2.201840,2.201840,113.472891
11.392577,0.692706,21.516938,2.739201,2.739201,128.432643
5.915586,0.265199,13.036742,2.099177,2.099177,120.558395
12.051844,0.459960,35.457009,2.386849,2.386849,158.050829
6.576368,0.233585,20.652008,5.075893,5.075893,135.142627
12.348401,0.431774,24.540720,5.035743,5.035743,145.981459
6.330762,0.183513,15.208715,4.568235,4.568235,136.569092
7.133361,0.239686,16.925813,4.409803,4.409803,144.710241
7.225467,0.267068,16.854619,5.763151,5.763151,153.542302
6.688933,0.266233,15.080020,6.590967,6.590967,148.892094
8.470581,0.267592,16.980867,5.403244,5.403244,161.995478
9.474098,0.604150,24.500859,5.306353,5.306353,169.157693
7.857122,0.313741,23.751497,7.460485,7.460485,167.560834
13.386105,0.567315,37.807935,7.460514,7.460514,189.892909
7.140116,0.246118,19.790917,4.201533,4.201533,155.985711
7.972186,0.258661,20.303869,5.945768,5.945768,182.865555
8.950344,0.301687,19.608041,4.563183,4.563183,170.517458
8.472236,0.488376,28.176053,5.779000,5.779000,178.977297
6.768640,0.294725,19.727701,5.125679,5.125679,181.029454
5.609502,0.334794,20.152119,5.333401,5.333401,166.908700
5.751393,0.365062,17.434251,4.786055,4.786055,159.923809
5.462678,0.237575,15.986995,9.075767,9.075767,154.372874
5.286962,0.301200,18.666565,8.572798,8.572798,162.409365
6.861005,0.407370,23.884656,6.480650,6.480650,181.943016
7.423301,0.724655,31.434598,6.984067,6.984067,188.553473
6.622142,0.522081,15.839588,10.163320,10.163320,159.995167
6.540254,0.349157,19.724417,7.537309,7.537309,165.257726
7.905432,0.804669,20.072031,7.901369,7.901369,168.969480
6.199015,0.413714,12.289519,8.747884,8.747884,151.327706
3.976469,0.350073,12.471435,4.506018,4.506018,144.144805
5.114262,0.454411,9.212288,3.498883,3.498883,140.162016
7.244633,0.712020,13.906583,2.339534,2.339534,153.801445
8.951920,0.500580,14.426366,2.995982,2.995982,157.328588
9.033877,0.639156,27.457766,1.839090,1.839090,170.990617
5.680051,0.329464,13.033266,5.130348,5.130348,149.123403
7.309016,0.378732,17.706668,3.804325,3.804325,148.265057
7.992542,0.329426,19.544984,4.273875,4.273875,162.771221
9.872055,0.465369,15.677677,3.934086,3.934086,164.593943
5.636563,0.340161,13.793639,3.509271,3.509271,155.696147
5.652119,0.281926,14.505340,4.293483,4.293483,147.448715
5.164992,0.395155,11.892583,5.149897,5.149897,146.986050
4.616481,0.289742,11.426962,6.469129,6.469129,147.182548
4.698924,0.305517,12.250072,5.540801,5.540801,148.391740
5.531059,0.239239,10.139656,5.492986,5.492986,140.533742
4.865645,0.250216,8.402329,5.693379,5.693379,136.245364
3.874548,0.245120,8.453281,2.119346,2.119346,154.897513
4.751502,0.254557,11.981933,2.893807,2.893807,161.160123
9.606092,0.568888,32.023543,21.285765,21.285765,215.023639
7.459824,0.508723,20.765777,7.110480,7.110480,167.536058
5.480523,0.477153,14.860109,4.641645,4.641645,155.751830
4.490909,0.483867,15.667955,6.001520,6.001520,143.034270
3.321746,0.406315,14.819025,10.674637,10.674637,141.362238
5.912473,0.698779,18.141580,8.757368,8.757368,156.198728
2.922517,0.277951,9.503114,7.283691,7.283691,139.454376
3.696302,0.246873,12.034656,6.438316,6.438316,138.707283
8.174651,0.559638,42.357206,5.610744,5.610744,184.310057
8.827351,0.730571,37.433442,5.922347,5.922347,182.060054
9.563934,0.789274,35.728761,6.096597,6.096597,164.215033
7.989925,0.549205,24.842966,6.330257,6.330257,161.798312
10.176589,0.704070,24.789645,6.546397,6.546397,163.960554
9.032366,0.377220,25.809847,8.671556,8.671556,163.962840
11.735654,0.695652,36.344919,8.560209,8.560209,187.846868
6.249291,0.347438,17.231395,6.544961,6.544961,157.350018
6.245902,0.301315,16.336432,6.306166,6.306166,156.102117
7.936575,0.396364,22.473728,4.450814,4.450814,153.147122
6.776779,0.178396,17.025639,8.939150,8.939150,153.712261
7.628615,0.275161,19.238165,6.353861,6.353861,161.635601
7.215435,0.258799,20.739878,6.209074,6.209074,149.556413
6.475811,0.389042,18.576108,9.635274,9.635274,151.662229
7.121188,0.423488,19.507429,8.517245,8.517245,153.971596
6.113512,0.376206,20.648045,7.984255,7.984255,159.541055
7.538306,0.309463,19.120072,7.901024,7.901024,152.224285
6.136308,0.379887,23.045078,6.853244,6.853244,154.764917
6.248576,0.392734,21.013777,10.479623,10.479623,152.311865
6.097686,0.369039,19.408403,9.139162,9.139162,150.955856
5.533056,0.375401,18.884848,10.473692,10.473692,146.749892
6.175294,0.334014,21.914155,5.690821,5.690821,158.826786
5.414800,0.428169,18.930752,7.513286,7.513286,154.149543
3.925405,0.286138,16.041025,8.748790,8.748790,139.834480
4.503823,0.420021,18.211797,8.022908,8.022908,96.846836
5.966938,0.346673,19.819148,9.309689,9.309689,145.848075
4.981769,0.490589,22.825863,8.876502,8.876502,150.720550
5.806401,0.389784,21.877392,6.564998,6.564998,149.591607
5.556329,0.457455,23.739741,6.089240,6.089240,157.536120
4.854427,0.315994,22.602914,4.632308,4.632308,157.003905
4.416846,0.344164,18.635768,6.225170,6.225170,150.787363
4.831164,0.277974,22.202159,5.551335,5.551335,154.221274
6.144061,0.273543,23.391266,4.807893,4.807893,151.128562
6.045488,0.276727,26.941137,5.552174,5.552174,156.836400
4.755708,0.208732,23.041360,7.157975,7.157975,158.202368
5.788285,0.249467,26.387219,7.725365,7.725365,184.025481
6.015556,0.326668,25.684256,6.964029,6.964029,166.601875
7.080147,0.356683,27.354547,7.496139,7.496139,174.164107
6.013250,0.409557,18.493629,5.941822,5.941822,153.309601
3.600282,0.244638,13.726574,7.976461,7.976461,147.328571
3.511790,0.168855,12.706162,5.944120,5.944120,136.962748
2.801232,0.108282,11.567175,4.873135,4.873135,136.370665
2.402203,0.100459,8.315977,7.763340,7.763340,133.318737
1.788548,0.102927,6.720887,7.807293,7.807293,125.702729
1.326123,0.074278,6.519825,5.795886,5.795886,56.492318
1.452099,0.078297,5.466315,3.844098,3.844098,58.682092
1.452085,0.073845,7.529476,5.078323,5.078323,58.468764
0.861079,0.061262,3.605486,4.694269,4.694269,39.042978
0.955893,0.030982,3.760968,4.565443,4.565443,48.463481
1.041972,0.031407,6.281497,3.661665,3.661665,50.708612
1.465365,0.045797,3.607627,4.549933,4.549933,33.848865
0.802458,0.022101,3.742311,3.103074,3.103074,34.416917
0.868419,0.021977,4.740879,4.547491,4.547491,33.927850
1.830672,0.058149,9.296286,5.544555,5.544555,66.378297
2.366851,0.063958,5.807334,5.157238,5.157238,47.103683
1.584376,0.045869,5.469329,4.257118,4.257118,40.365926
3.691716,0.105501,17.221169,5.753534,5.753534,130.543634
7.141277,0.237531,32.937748,6.166888,6.166888,148.288625
6.131343,0.279127,29.220396,6.971323,6.971323,153.580826
8.545387,0.616354,29.959696,8.054601,8.054601,157.814051
10.769801,0.480580,41.663053,7.012897,7.012897,175.745788
6.833984,0.232588,26.837209,11.577391,11.577391,141.533194
9.815741,0.222078,26.011354,13.373515,13.373515,141.298289
6.287519,0.192796,20.436376,13.246563,13.246563,145.984830
6.758651,0.197643,21.597750,10.803478,10.803478,134.003265
5.447171,0.211579,19.793701,12.251664,12.251664,131.601566
5.324125,0.202476,17.508967,13.983001,13.983001,132.412398
5.207713,0.164352,12.789398,9.989648,9.989648,130.396773
7.053649,0.256158,24.536378,12.035551,12.035551,130.305357
8.944652,0.325448,30.125204,13.587550,13.587550,147.209706
5.659020,0.220504,18.618377,12.229536,12.229536,129.146039
9.867803,0.340193,32.601656,16.392654,16.392654,155.188301
7.661195,0.228607,25.741240,14.760641,14.760641,140.795846
5.647007,0.177336,22.879407,10.033726,10.033726,128.582147
7.665540,0.237006,24.824802,14.073725,14.073725,142.564062
6.252988,0.215090,23.037213,12.945997,12.945997,132.620168
7.339580,0.234987,26.052400,15.559639,15.559639,143.340298
7.759836,0.280794,28.043941,14.206679,14.206679,144.239356
10.197924,0.380640,31.845880,13.902355,13.902355,150.948359
7.059155,0.228060,22.027999,14.114538,14.114538,146.524089
6.926683,0.442419,22.716559,16.099189,16.099189,146.367531
8.802063,0.620947,26.072176,13.255469,13.255469,146.051640
11.460953,0.571880,31.002611,11.952995,11.952995,153.871169
10.872532,0.953940,33.241390,12.367322,12.367322,156.654640
10.709306,0.600127,38.439184,11.433033,11.433033,186.237281
6.304116,0.419017,25.194132,12.025051,12.025051,147.164703
9.035862,0.532746,30.243840,8.013730,8.013730,157.515318
7.346122,0.452998,28.806923,8.293902,8.293902,163.675584
5.911027,0.318483,24.374806,8.436736,8.436736,158.528750
4.920049,0.213163,18.927327,6.014267,6.014267,156.928311
4.667636,0.197747,17.636955,6.265195,6.265195,156.337326
4.790568,0.186892,22.578910,7.122067,7.122067,163.216963
6.837495,0.310547,23.145903,6.415203,6.415203,166.959167
7.110248,0.234694,24.288404,7.132773,7.132773,193.320490
9.708016,0.326881,27.893979,8.725898,8.725898,191.314259
7.674498,0.419947,21.817071,7.529329,7.529329,185.179674
8.568330,0.220268,29.741815,8.451757,8.451757,185.672285
7.800989,0.301375,27.025809,7.803314,7.803314,186.810991
8.241300,0.333534,21.756137,6.622892,6.622892,179.732188
4.766595,0.368768,18.381144,6.274632,6.274632,161.414100
5.310636,0.199637,18.446618,5.124188,5.124188,161.211077
6.351565,0.379747,19.841184,3.455419,3.455419,167.541668
4.770814,0.329682,15.978752,7.372462,7.372462,179.521899
5.058044,0.328530,16.861175,5.435980,5.435980,161.422723
6.633923,0.331392,20.081894,7.327986,7.327986,175.104936
5.708018,0.318270,12.900556,4.396260,4.396260,155.173922
5.725068,0.187314,16.608863,6.482432,6.482432,165.739226
8.973182,0.501870,22.379913,6.202690,6.202690,172.849745
10.340664,0.320917,25.806410,7.158261,7.158261,179.677064
5.789105,0.252576,19.802169,5.808957,5.808957,159.477952
6.839233,0.326015,24.671074,8.886157,8.886157,189.227778
6.388579,0.319789,28.203693,8.144686,8.144686,183.231080
5.862009,0.458268,19.705850,6.447859,6.447859,158.890107
6.078612,0.286685,22.984091,4.549361,4.549361,160.493855
7.878538,0.414865,24.113903,5.757120,5.757120,162.157106
6.364279,0.308221,30.128543,6.304389,6.304389,162.859532
6.654051,0.318191,28.447674,7.746265,7.746265,183.870951
5.810398,0.263617,22.772886,6.545243,6.545243,158.252464
6.035632,0.297754,26.172167,8.123397,8.123397,162.203995
5.519858,0.319760,24.088700,7.203954,7.203954,156.237555
13.009565,0.398831,30.049321,9.204506,9.204506,184.403850
8.551914,0.288074,21.279404,8.425029,8.425029,169.617889
12.581833,0.405507,29.898931,10.000911,10.000911,184.038259
6.336643,0.451385,17.538979,10.509162,10.509162,152.342366
4.372583,0.190646,14.267187,10.451812,10.451812,139.683905
3.545890,0.146626,13.242980,9.778019,9.778019,138.917883
6.879959,0.211630,22.280267,12.159541,12.159541,153.374222
5.213549,0.155693,19.205647,10.038114,10.038114,140.532008
4.409769,0.269000,15.202084,13.222963,13.222963,142.488707
4.185439,0.214159,15.551536,9.142572,9.142572,138.502308
7.969913,0.477467,37.571647,11.410367,11.410367,183.299355
4.664583,0.231862,20.483259,9.947509,9.947509,142.862187
8.656980,0.352005,30.976501,9.553486,9.553486,179.835585
5.260708,0.322148,20.129393,14.696798,14.696798,147.346435
5.118131,0.275863,19.074772,14.592814,14.592814,146.688860
5.672555,0.216475,22.125355,13.453491,13.453491,147.279836
4.588854,0.229125,17.855940,12.152636,12.152636,143.069795
4.079017,0.272641,14.629013,11.104555,11.104555,137.809333
7.914468,0.306283,29.665970,9.954247,9.954247,157.059771
4.306411,0.179532,22.846019,10.845395,10.845395,133.573021
5.896566,0.169006,20.384793,14.417271,14.417271,142.431479
4.451005,0.174751,23.099377,14.871455,14.871455,149.392071
9.144329,0.335375,29.229933,13.323121,13.323121,162.074056
11.742961,0.307340,39.739934,12.437520,12.437520,184.510038
14.478534,0.401525,52.468722,12.961872,12.961872,203.902371
10.589013,0.471172,39.714482,12.146618,12.146618,186.534845
11.336710,0.253362,40.110364,16.179254,16.179254,192.707991
13.339571,0.693846,50.125094,13.338209,13.338209,205.142524
6.715352,0.280532,28.943676,15.148269,15.148269,197.953071
6.674719,0.333816,31.888329,15.431167,15.431167,198.447897
7.526233,0.334667,31.408229,17.828396,17.828396,197.555939
8.165042,0.295013,31.454523,14.988997,14.988997,197.381574
12.151504,0.600600,40.154642,13.499617,13.499617,206.677563
16.111463,0.728322,36.571011,14.231882,14.231882,220.408689
15.169426,0.460440,32.718966,14.037601,14.037601,219.154747
10.785648,0.283379,28.834093,15.277880,15.277880,206.086189
15.588474,0.634440,33.474856,13.519502,13.519502,212.628621
10.730590,0.431990,37.904808,13.888030,13.888030,213.712142
7.919858,0.265634,29.773338,13.136211,13.136211,201.336745
8.271458,0.261638,35.138810,14.943438,14.943438,209.559867
7.460576,0.253818,30.043532,15.002406,15.002406,197.091106
6.663408,0.274285,31.733497,14.749570,14.749570,204.851383
6.204327,0.305577,33.238587,14.809185,14.809185,199.607965
6.680753,0.268122,32.928644,15.427784,15.427784,209.848227
14.592081,0.448581,39.132031,11.736907,11.736907,213.439152
10.304131,0.293562,34.994802,15.821323,15.821323,214.751914
8.319041,0.254322,30.934179,15.064063,15.064063,215.001494
8.992492,0.270383,33.585635,16.317627,16.317627,223.199119
8.733433,0.343222,34.111630,18.386449,18.386449,208.872986
6.756507,0.336294,35.013150,19.611669,19.611669,211.718748
8.644133,0.363843,37.134576,13.889338,13.889338,229.097405
6.805872,0.349612,33.318391,19.436812,19.436812,208.427709
6.597132,0.299928,33.568345,18.641788,18.641788,204.714152
7.978631,0.272459,34.127118,11.331320,11.331320,205.255671
7.268453,0.275910,28.278806,19.096029,19.096029,203.326229
11.513026,0.492214,35.837136,14.375667,14.375667,212.395539
7.057735,0.272843,28.360253,18.945741,18.945741,204.875224
5.914430,0.356180,22.915328,15.198372,15.198372,195.858253
6.184089,0.342217,21.879114,12.503790,12.503790,194.966387
5.293281,0.422020,22.745384,11.956915,11.956915,198.929449
5.513214,0.290125,21.331444,8.769863,8.769863,196.661558
8.976605,0.493137,34.974388,14.230611,14.230611,216.635504
9.604089,0.337133,33.030908,8.668208,8.668208,207.891480
10.397586,0.567258,39.316385,8.959595,8.959595,212.485199
8.568219,0.467676,34.946451,8.795942,8.795942,204.637019
4.825483,0.230527,21.526403,7.167006,7.167006,194.612504
5.870374,0.199984,20.733423,9.587621,9.587621,196.447418
6.019737,0.234684,22.841231,11.868315,11.868315,198.482953
6.273318,0.197987,22.174860,10.688607,10.688607,190.184658
11.846519,0.418951,43.587899,10.547368,10.547368,221.064775
6.184579,0.256953,24.451502,7.462522,7.462522,191.494635
11.314886,0.633390,30.224699,14.241985,14.241985,204.053477
9.108825,0.607016,25.430772,10.220555,10.220555,192.162701
14.528243,0.625794,28.336273,11.900352,11.900352,208.367292
7.422122,0.347221,26.592498,11.167044,11.167044,189.269826
6.898514,0.375562,24.500498,11.292631,11.292631,195.674451
6.681265,0.285447,26.069544,11.264963,11.264963,185.165681
6.400400,0.297906,21.994452,11.992755,11.992755,174.141695
5.535591,0.341267,21.281851,9.233905,9.233905,184.577354
7.445883,0.382648,20.817432,9.921351,9.921351,172.403397
6.776150,0.411738,27.267814,11.063569,11.063569,176.085538
5.487733,0.354236,23.464564,10.615499,10.615499,165.871824
6.558082,0.458198,30.128688,13.099045,13.099045,176.525252
5.663695,0.379342,28.183881,11.579102,11.579102,169.306368
6.436595,0.324407,29.878397,16.190916,16.190916,177.287433
5.601099,0.306978,35.092107,16.788721,16.788721,181.828343
5.857542,0.269219,35.753755,16.742349,16.742349,175.637739
9.052566,0.298965,34.166308,19.863034,19.863034,200.087790
7.186900,0.237459,35.360912,23.185661,23.185661,201.879085
6.921206,0.226792,34.127003,21.767249,21.767249,196.596620
6.312000,0.266173,31.738188,19.990556,19.990556,205.303574
6.980316,0.294679,32.772295,21.400224,21.400224,204.092254
8.983615,0.332381,37.504623,21.341262,21.341262,202.904064
8.064379,0.279940,36.851457,19.363646,19.363646,197.186857
7.473460,0.231320,38.206458,27.084937,27.084937,208.360521
8.180956,0.218959,37.711511,19.269790,19.269790,201.401486
8.628298,0.237639,39.035445,19.222981,19.222981,198.629001
7.513643,0.229929,34.567713,19.828071,19.828071,195.772859
7.648742,0.225786,32.531156,17.503949,17.503949,197.195474
8.742416,0.294685,34.050338,16.912817,16.912817,193.374069
7.847938,0.316697,35.091084,18.648041,18.648041,203.072120
16.341542,0.501773,65.804779,17.326511,17.326511,248.336622
15.742764,0.419828,48.459193,17.211943,17.211943,214.914963
9.514786,0.292920,39.082047,21.904652,21.904652,198.779474
7.257967,0.202391,32.678406,20.716782,20.716782,205.773348
7.574081,0.251689,32.243134,21.312260,21.312260,200.162923
14.181304,0.472423,39.237855,17.734384,17.734384,202.272113
11.742895,0.391641,40.927399,16.973456,16.973456,208.024455
10.379390,0.268840,54.001853,14.081740,14.081740,220.834482
15.942520,0.377122,34.334118,24.756119,24.756119,212.195023
9.267847,0.367944,39.311699,15.077322,15.077322,211.779209
9.430621,0.376014,35.219563,19.130394,19.130394,200.127900
7.925584,0.308513,32.857180,20.151936,20.151936,196.036670
13.400290,0.558402,44.393339,17.334808,17.334808,216.270254
7.478633,0.348102,33.764298,21.696079,21.696079,200.768837
8.936036,0.368166,28.555530,22.044884,22.044884,198.290966
9.271559,0.391378,27.461518,18.901391,18.901391,202.828642
8.934926,0.455246,29.397601,21.262652,21.262652,199.529543
8.746471,0.301857,31.137985,21.859125,21.859125,196.862358
7.996962,0.272071,30.581833,24.583448,24.583448,199.414191
7.426943,0.284655,23.009906,27.611472,27.611472,206.971721
5.200758,0.306912,16.900606,21.164311,21.164311,176.244518
11.998442,0.691199,33.905983,23.872578,23.872578,211.734134
10.946643,0.584968,35.359033,24.280285,24.280285,199.675228
7.593138,0.480089,31.062484,24.517889,24.517889,199.393716
7.818868,0.314923,29.800236,25.243574,25.243574,200.561007
8.454689,0.359535,29.983020,22.401568,22.401568,195.442231
7.935750,0.393906,32.052428,25.210846,25.210846,198.815990
6.704341,0.339645,27.346878,24.317165,24.317165,199.898548
7.011562,0.319246,26.310429,21.517945,21.517945,175.025882
8.867133,0.296411,33.515776,21.926941,21.926941,198.985050
6.474469,0.258963,24.663310,14.766517,14.766517,163.808791
8.189350,0.289688,31.553618,19.594165,19.594165,175.823642
6.077265,0.287236,29.075507,17.575632,17.575632,171.601168
7.575576,0.170922,33.475629,18.962723,18.962723,173.563893
6.696505,0.234582,32.323900,18.234814,18.234814,172.294409
7.587346,0.174552,29.492544,21.338393,21.338393,178.097101
6.845440,0.175887,26.804113,21.722895,21.722895,179.357890
8.187065,0.168516,26.120593,17.941383,17.941383,168.622878
7.945333,0.197902,28.470743,23.125341,23.125341,183.730998
7.012151,0.221230,26.216077,16.050840,16.050840,171.277891
12.916047,0.358702,33.820932,25.323219,25.323219,203.552157
7.894691,0.213894,42.358653,23.100898,23.100898,200.721604
15.507493,0.438864,64.524045,17.143479,17.143479,227.955856
8.047822,0.267560,37.314945,20.753538,20.753538,199.453135
8.431817,0.287823,31.004568,20.668296,20.668296,203.215856
6.844176,0.278743,27.702724,15.002297,15.002297,212.098456
8.843967,0.297260,28.232563,14.059005,14.059005,194.723966
7.207461,0.301613,27.480432,16.002929,16.002929,196.676280
6.015827,0.331768,26.885747,13.670953,13.670953,178.197500
13.714698,0.406970,36.913335,14.870622,14.870622,205.508285
8.031684,0.248010,26.449054,17.127876,17.127876,199.427008
7.993149,0.319955,26.610159,14.919374,14.919374,190.977713
7.357830,0.328283,28.338721,15.838939,15.838939,207.347710
7.450805,0.336802,23.874349,19.526337,19.526337,198.763915
7.908141,0.370890,25.874856,19.018653,19.018653,202.456443
9.850992,0.310634,35.939221,25.168225,25.168225,219.273511
8.145454,0.449501,40.299130,18.338313,18.338313,222.840848
9.495775,0.343967,42.924457,23.299497,23.299497,239.931695
7.185632,0.321881,35.140662,19.729485,19.729485,218.385225
13.309405,0.521922,53.513733,23.529534,23.529534,261.967587
7.232602,0.249010,44.430293,19.471944,19.471944,235.819621
7.460486,0.271106,39.065506,22.627010,22.627010,240.858728
6.105903,0.272029,34.198862,20.837818,20.837818,237.302623
5.264737,0.409849,28.505220,16.290316,16.290316,223.681154
5.409910,0.295631,33.300844,17.010677,17.010677,223.622482
6.610027,0.268802,31.533949,15.389752,15.389752,230.394078
6.882733,0.227977,36.287350,15.231918,15.231918,233.156201
6.189548,0.220495,31.283120,19.244189,19.244189,235.158391
5.764577,0.210407,35.821575,16.539394,16.539394,228.408763
8.230052,0.224492,38.587879,21.613303,21.613303,240.940860
7.587850,0.246595,32.781223,26.876025,26.876025,246.222500
6.876390,0.380224,34.384218,20.891640,20.891640,238.511328
8.572273,0.228822,38.182355,24.695804,24.695804,265.081675
7.878333,0.220769,37.332428,27.297066,27.297066,245.899729
7.437998,0.237078,36.545855,23.059518,23.059518,241.754634
8.434928,0.209464,36.660539,28.060866,28.060866,247.148584
7.451393,0.213281,35.334602,28.194136,28.194136,245.246488
7.586712,0.240114,34.939028,18.896888,18.896888,232.936256
7.359856,0.260522,33.321324,28.395015,28.395015,237.253810
5.160685,0.212804,26.802204,23.873220,23.873220,210.602554
6.105226,0.263041,33.487431,22.391736,22.391736,216.784725
7.772438,0.410466,38.417019,20.848861,20.848861,230.088012
7.237113,0.482896,32.406437,28.261527,28.261527,215.294040
6.367812,0.348102,37.478521,24.405691,24.405691,211.318189
5.833853,0.237152,35.744770,25.665188,25.665188,212.720505
6.013798,0.283979,30.381871,28.137058,28.137058,206.216366
6.074735,0.225913,28.942238,24.915899,24.915899,189.673208
10.562449,0.350303,41.514300,24.198888,24.198888,208.272627
12.564708,0.521882,31.338442,23.705258,23.705258,201.778268
7.695596,0.298355,29.680331,21.030980,21.030980,196.888813
7.900979,0.398835,34.412150,34.368267,34.368267,216.523261
8.370882,0.267111,30.266246,23.448476,23.448476,197.331137
8.510115,0.273879,31.681684,21.760405,21.760405,200.748589
13.826104,0.408409,46.453815,27.376500,27.376500,260.222376
8.484417,0.210355,30.003104,26.986627,26.986627,209.586597
9.041900,0.288226,28.057342,27.405733,27.405733,207.611570
9.048342,0.209397,30.236266,30.297690,30.297690,212.303918
8.890135,0.225053,29.645632,22.233204,22.233204,197.873556
8.098581,0.216167,31.005509,30.369977,30.369977,208.964531
8.818406,0.313245,32.222331,19.053636,19.053636,201.799479
8.905325,0.439933,31.670676,19.547460,19.547460,208.309784
15.810900,0.486976,32.026115,30.113049,30.113049,215.172123
10.058498,0.364642,29.124905,25.663182,25.663182,202.944325
5.909824,0.201563,18.707340,23.296191,23.296191,179.936273
9.440584,0.268205,40.715104,23.617664,23.617664,256.210816
9.614996,0.197773,31.649069,23.516345,23.516345,200.103806
7.881258,0.204938,29.327467,24.515484,24.515484,200.989201
6.393981,0.216445,27.176413,21.526247,21.526247,176.922576
7.484879,0.278454,31.610322,28.888017,28.888017,206.347823
7.386017,0.234736,30.123924,25.538219,25.538219,203.907697
7.818476,0.265373,33.185158,24.480861,24.480861,201.058246
6.784582,0.271844,36.440086,28.252399,28.252399,209.510787
6.047405,0.257944,33.205649,24.563246,24.563246,200.085544
6.065792,0.235385,29.942047,25.810095,25.810095,185.466285
6.251259,0.232542,30.427783,20.911316,20.911316,193.944442
6.150917,0.208949,30.917367,24.609767,24.609767,185.207859
6.019314,0.183937,31.057405,26.210360,26.210360,186.183547
6.906581,0.231031,32.338333,22.863815,22.863815,203.497872
13.358862,0.545202,34.258116,25.852012,25.852012,212.911122
11.032012,0.337005,33.731483,25.979184,25.979184,208.802470
7.283660,0.229084,28.934863,22.878942,22.878942,184.262896
8.733238,0.225014,27.348459,29.210887,29.210887,205.522020
8.099825,0.202003,23.447433,22.778878,22.778878,179.961657
7.748365,0.173571,21.476588,21.219301,21.219301,176.243507
9.124612,0.195928,23.052822,20.139225,20.139225,171.354021
6.417378,0.169834,18.374525,24.175907,24.175907,165.544788
8.249987,0.131215,17.614981,15.771603,15.771603,81.861699
6.010845,0.062405,13.665954,16.891455,16.891455,77.223874
6.299210,0.059828,13.245401,13.575337,13.575337,75.031883
7.854339,0.077951,14.087893,19.325598,19.325598,81.929984
7.991329,0.078611,14.309654,14.655480,14.655480,75.171328
8.908079,0.169350,15.646083,15.048139,15.048139,76.012927
7.034060,0.098171,13.578695,14.876040,14.876040,78.439740
5.756963,0.080061,11.326927,19.968899,19.968899,77.496572
6.668322,0.074862,17.401299,20.204542,20.204542,79.845202
6.013939,0.047480,13.235420,14.480749,14.480749,72.447421
9.615960,0.074878,23.502957,15.065693,15.065693,79.913979
9.552548,0.044369,24.730941,19.839914,19.839914,88.314208
10.306326,0.053502,24.504956,16.111542,16.111542,173.192439
10.906339,0.035226,23.116317,17.511012,17.511012,83.401931
