1413393216555760384.000000 0.020567697 0.295554191 -0.634992123 -0.587808728 -0.549354136 -0.426785231 0.412971497
1413393219455760384.000000 -0.552386165 -0.172319859 -0.344848961 -0.611650288 -0.552804708 -0.408335924 0.391858160
1413393222405760512.000000 -0.709812701 -0.043772928 0.069977924 -0.600195348 -0.558334529 -0.420359522 0.389006436
1413393223605760512.000000 -0.746930003 0.369685829 0.111623153 -0.587860107 -0.564893901 -0.422919065 0.395543724
1413393223905760512.000000 -0.770708203 0.518159747 0.028705085 -0.590877235 -0.557998121 -0.431001872 0.392096430
1413393224305760512.000000 -0.834490418 0.706084192 -0.002649229 -0.594042540 -0.549751759 -0.437941313 0.391272098
1413393227105760512.000000 -0.773070455 1.520480037 -0.384271860 -0.760808647 -0.301232398 -0.538258255 0.201760307
1413393229955760384.000000 0.216602147 2.206820726 -0.505312920 -0.822375417 -0.111143678 -0.549702644 0.095774487
1413393231605760512.000000 1.367510796 2.611112833 -0.485390335 0.801489294 -0.004416541 0.597692907 -0.018933723
1413393232005760512.000000 1.612838030 2.688885927 -0.544716954 0.809116960 -0.049127750 0.585392952 -0.015213966
1413393232405760512.000000 1.808405280 2.662914515 -0.568824232 0.808635116 -0.110199973 0.576149881 0.044904549
1413393232905760512.000000 2.045341253 2.534264565 -0.677822828 0.804203570 -0.157595247 0.567245960 0.081562318
1413393233705760512.000000 2.449004173 2.216730356 -0.581393123 0.787311792 -0.197415024 0.565461695 0.146357298
1413393233905760512.000000 2.539656162 2.151300669 -0.489786953 0.773491383 -0.224835545 0.567171454 0.171687961
1413393234055760384.000000 2.602772951 2.111330271 -0.422350794 0.762891531 -0.251542330 0.567936778 0.179362476
1413393234205760512.000000 2.658526421 2.076873302 -0.365486085 0.757633448 -0.279229999 0.560129583 0.185140848
1413393236955760384.000000 2.615654230 1.750951171 -0.281513542 0.543194592 -0.617172837 0.402531683 0.402499259
1413393239705760512.000000 2.768666267 0.837467909 -0.179420471 0.538971484 -0.614011586 0.392596662 0.422335654
1413393242655760384.000000 2.692104101 -0.344466865 -0.338958591 0.526988089 -0.625676751 0.404653251 0.408739567
1413393245455760384.000000 2.594506025 -0.232274249 -0.349893898 0.651904643 -0.494076431 0.458323717 0.347632378
1413393248105760512.000000 2.698865652 -0.035878401 -0.752134442 0.667280674 -0.440534621 0.517340779 0.304999053
1413393250955760384.000000 2.618897438 -0.065256186 -0.867053151 0.662611246 -0.476891726 0.483070374 0.316486329
1413393253355760384.000000 2.612211704 0.172768056 -0.677642882 0.390883386 -0.732427716 0.262259573 0.491914392
1413393254805760512.000000 2.501951218 -0.252778232 -0.406565100 0.308977813 -0.754068017 0.222783372 0.535052896
1413393256155760384.000000 2.336117506 -0.619062722 -0.274764687 0.303679943 -0.761837780 0.209877074 0.532290697
1413393257155760384.000000 2.047292709 -0.928200841 -0.295873255 0.309568465 -0.757638216 0.229677781 0.526687741
1413393258155760384.000000 1.674861908 -1.346830845 -0.408886015 0.305384517 -0.755849838 0.212791190 0.538657010
1413393260455760384.000000 1.315275908 -2.291882277 -0.325228512 0.690680802 -0.390563130 0.521125555 0.314401984
1413393262505760512.000000 1.604657531 -2.307057858 -0.306568235 0.771436036 -0.263724118 0.549716473 0.182065755
1413393265205760512.000000 2.080064774 -2.786185503 -0.727150202 0.776000679 -0.215801567 0.570823371 0.159416035
1413393267205760512.000000 2.154080868 -2.653869390 -0.495348871 -0.795185030 -0.165210232 -0.566849232 0.138087556
1413393269405760512.000000 2.065196753 -2.762358665 -0.541516840 -0.782698333 -0.174277529 -0.583323240 0.129400715
1413393269805760512.000000 2.021664381 -2.739080429 -0.626265705 -0.789536178 -0.188311398 -0.562906027 0.155911341
1413393270255760384.000000 1.982044458 -2.755688667 -0.766537309 -0.795635402 -0.205630168 -0.551715910 0.142443642
1413393272855760384.000000 1.952129126 -2.293713570 -0.718559206 0.809042335 -0.045592535 0.583541214 0.053399146
1413393275655760384.000000 1.692168355 -1.586187959 -0.463271707 0.584582269 -0.556144416 0.444208801 0.389416844
1413393278505760512.000000 1.111967564 -1.701820374 -0.480161726 0.451970369 -0.685855508 0.364156753 0.438993037
1413393278855760384.000000 0.919467568 -1.705650687 -0.460397065 0.457400650 -0.675215483 0.337667853 0.469945908
1413393279355760384.000000 0.630732775 -1.727776051 -0.435712785 0.481498301 -0.665932596 0.321545929 0.470426768
1413393279855760384.000000 0.423237979 -1.822427034 -0.459719896 0.486953229 -0.649981618 0.336985856 0.476278394
1413393280355760384.000000 0.296995163 -1.931589842 -0.459111363 0.478297114 -0.648434520 0.371587634 0.461180210
1413393280855760384.000000 0.131528109 -1.957244635 -0.469890088 0.474519044 -0.663954854 0.390160531 0.426345378
1413393281305760512.000000 -0.152541637 -1.948090315 -0.489547372 0.502756238 -0.644898474 0.353144199 0.454567283
1413393281705760512.000000 -0.393411458 -1.974169970 -0.451149613 0.495166212 -0.644588351 0.347561300 0.467458516
1413393282205760512.000000 -0.610475600 -2.011524916 -0.373860002 0.471810162 -0.663650155 0.358411640 0.456623346
1413393282705760512.000000 -0.821164668 -2.038888454 -0.297037154 0.484686702 -0.644477844 0.344882637 0.480398923
1413393283205760512.000000 -0.946732879 -2.058152437 -0.292672426 0.545331061 -0.611191809 0.377107322 0.432259887
1413393283705760512.000000 -0.979947567 -2.114261627 -0.305042416 0.623830378 -0.531487405 0.432737142 0.375626594
1413393284205760512.000000 -0.928966224 -2.193114281 -0.406695306 0.693855524 -0.432948261 0.483124703 0.312587500
1413393287005760512.000000 -0.228051916 -2.755842924 -0.459798992 -0.815719843 -0.032429747 -0.577410638 -0.012097378
1413393289955760384.000000 0.481224298 -2.715799809 -0.453823984 -0.757915556 -0.289193958 -0.545154333 0.211512551
1413393292555760384.000000 0.948412120 -2.690848827 -0.671818852 -0.725750327 -0.338222951 -0.546539187 0.245329902
1413393294555760384.000000 0.209326327 -2.739748955 -0.476724833 -0.723053932 -0.373705417 -0.522910118 0.253184557
1413393296205760512.000000 -0.613278270 -2.573541880 -0.455214232 -0.729120135 -0.375074774 -0.518376589 0.242875442
1413393297555760384.000000 -0.927650094 -2.139541149 -0.603766501 -0.761676610 -0.298665076 -0.528209150 0.227251381
1413393297855760384.000000 -0.922640383 -2.041394711 -0.630822420 -0.759845078 -0.290561020 -0.529033482 0.241522670
1413393299605760512.000000 -0.612817824 -1.530648112 -0.688767970 -0.741533458 -0.294308782 -0.554849625 0.235907644
1413393300705760512.000000 -0.683344007 -1.323182702 -0.585338533 -0.727076530 -0.365060002 -0.501513422 0.294236839
1413393302805760512.000000 -1.128715873 -1.271466613 -0.726672828 -0.632582545 -0.515244961 -0.430216253 0.386362463
1413393303305760512.000000 -1.253656745 -1.241951227 -0.639987409 -0.630166233 -0.517972052 -0.435776979 0.380386412
1413393304055760384.000000 -1.416579962 -1.166424990 -0.452363193 -0.633225739 -0.510077953 -0.440633327 0.380378574
1413393305105760512.000000 -1.579878449 -0.967093170 -0.487373412 -0.621253312 -0.535173655 -0.436578006 0.370180041
1413393305355760384.000000 -1.625399113 -0.887588322 -0.471533418 -0.621389151 -0.534648478 -0.443437427 0.362477273
1413393305755760384.000000 -1.719460011 -0.740217507 -0.428229004 -0.636233151 -0.516507208 -0.451640934 0.352772117
1413393307105760512.000000 -2.226977348 -0.137480676 -0.357518703 -0.725799680 -0.375853240 -0.488788366 0.305016786
1413393308255760384.000000 -2.209948063 0.299002588 -0.272885829 -0.799216151 -0.166110247 -0.567802668 0.106119074
1413393310605760512.000000 -1.970327377 0.965112209 -0.453373313 0.812639892 -0.057270352 0.578702569 0.037946314
1413393311105760512.000000 -1.855884671 0.964030921 -0.460767359 0.819372535 -0.067021206 0.567757845 0.042284016
1413393313655760384.000000 -1.007430911 0.885701239 -0.556201816 0.801170409 -0.030970247 0.597615898 -0.004701009
1413393314155760384.000000 -0.995423734 0.797330081 -0.568423927 0.814042151 -0.062459070 0.576218247 0.037506606
1413393317005760512.000000 -0.456142336 1.264654875 -0.275549054 -0.808199704 -0.115695626 -0.571936727 0.079474367
1413393317355760384.000000 -0.415315777 1.415925264 -0.304955631 -0.793362856 -0.118313394 -0.591521144 0.081732295
1413393317805760512.000000 -0.426558763 1.620324969 -0.376285732 -0.794116795 -0.109606117 -0.592325330 0.080720097
1413393318055760384.000000 -0.465769380 1.732136250 -0.431947768 -0.801002800 -0.104808211 -0.585115135 0.071064256
1413393318305760512.000000 -0.516287744 1.847832680 -0.492445469 -0.807745278 -0.085918143 -0.577875912 0.078899391
1413393318555760384.000000 -0.564231277 1.953794122 -0.562386930 -0.807634473 -0.075168259 -0.578764737 0.084307633
1413393318805760512.000000 -0.608187616 2.036486387 -0.628081679 -0.806777120 -0.073603824 -0.580014467 0.085301585
1413393319155760384.000000 -0.679075778 2.111226320 -0.668702662 -0.800362349 -0.078694873 -0.588329613 0.084235191
1413393319605760512.000000 -0.789805532 2.151911020 -0.712417901 -0.825143039 -0.079082124 -0.551697493 0.092276320
1413393320005760512.000000 -0.803186357 2.146936893 -0.815468907 -0.814903498 -0.101580277 -0.566207349 0.070873700
1413393320405760512.000000 -0.789770186 2.159989834 -0.925652683 -0.806375146 -0.097165510 -0.579095244 0.070474431
1413393320805760512.000000 -0.787686527 2.209365606 -0.992118955 -0.813477457 -0.093888782 -0.570528746 0.062740840
1413393321105760512.000000 -0.807684481 2.194624186 -0.991846919 -0.814845979 -0.101907320 -0.568621695 0.048066586
1413393321555760384.000000 -0.811189592 2.188606024 -0.995636940 -0.801742256 -0.083754592 -0.588751674 0.059717406
1413393322055760384.000000 -0.810078442 2.188519478 -0.996439219 -0.800091147 -0.083937228 -0.590976119 0.059632868
1413393322555760384.000000 -0.810467780 2.188481092 -0.996768177 -0.800100565 -0.084013380 -0.590949059 0.059666876
1413393323055760384.000000 -0.810901403 2.188417912 -0.996267021 -0.800181925 -0.083865203 -0.590833306 0.059929427
1413393323555760384.000000 -0.811320007 2.188323736 -0.996153116 -0.800243139 -0.083718009 -0.590743899 0.060199436
1413393324055760384.000000 -0.810831547 2.188355446 -0.996729016 -0.800335586 -0.083560795 -0.590637803 0.060228046
1413393324555760384.000000 -0.810751975 2.188462734 -0.996301770 -0.800437987 -0.083456345 -0.590500593 0.060359467
1413393325055760384.000000 -0.810982585 2.188267946 -0.995712459 -0.800483346 -0.083438054 -0.590428174 0.060490448
1413393325555760384.000000 -0.811398745 2.188377857 -0.996548176 -0.800511181 -0.083142363 -0.590419710 0.060612727
1413393326055760384.000000 -0.810926974 2.188219070 -0.996411979 -0.800504684 -0.083130077 -0.590413034 0.060780782
