#LBA time[ms],KF opt[#],KF fixed[#],MP[#],Edges[#]
0.008279,3,1,0,2431
0.003450,4,1,0,3035
0.681280,5,1,0,3729
1.021776,6,1,0,4329
1.410901,7,1,0,4854
1.595908,8,1,0,5432
1.477332,9,1,0,5882
1.640948,10,1,0,6324
1.983756,0,0,0,0
94.873401,0,0,0,0
3.422360,0,0,0,0
3.077857,0,0,0,0
3.563682,0,0,0,0
4.069320,0,0,0,0
4.790612,0,0,0,0
5.733678,0,0,0,0
7.899406,0,0,0,0
6.185765,0,0,0,0
6.889810,0,0,0,0
8.646631,0,0,0,0
8.725305,0,0,0,0
9.579448,0,0,0,0
9.045235,0,0,0,0
9.026877,0,0,0,0
8.758081,0,0,0,0
8.214672,0,0,0,0
10.260894,0,0,0,0
9.118883,0,0,0,0
10.048554,0,0,0,0
12.713073,0,0,0,0
8.602239,0,0,0,0
10.788574,0,0,0,0
7.792457,0,0,0,0
12.988049,0,0,0,0
7.951654,0,0,0,0
9.807830,0,0,0,0
7.185326,0,0,0,0
9.969117,0,0,0,0
8.411170,0,0,0,0
9.595223,0,0,0,0
8.913210,0,0,0,0
9.056635,0,0,0,0
10.641748,0,0,0,0
8.808817,0,0,0,0
7.545621,0,0,0,0
8.977937,0,0,0,0
10.107571,0,0,0,0
9.405460,0,0,0,0
6.487799,0,0,0,0
8.660548,0,0,0,0
6.965090,0,0,0,0
7.217609,0,0,0,0
9.940158,0,0,0,0
7.515280,0,0,0,0
9.668228,0,0,0,0
9.226669,0,0,0,0
6.461969,0,0,0,0
8.922198,0,0,0,0
6.999807,0,0,0,0
6.822704,0,0,0,0
8.924658,0,0,0,0
7.912791,0,0,0,0
8.665342,0,0,0,0
7.234291,0,0,0,0
8.952906,0,0,0,0
7.317045,0,0,0,0
7.407524,0,0,0,0
6.401953,0,0,0,0
7.560637,0,0,0,0
7.484242,0,0,0,0
7.982143,0,0,0,0
6.590142,0,0,0,0
6.498033,0,0,0,0
6.385473,0,0,0,0
5.619870,0,0,0,0
8.475858,0,0,0,0
6.132494,0,0,0,0
5.000458,0,0,0,0
4.175629,0,0,0,0
4.671107,0,0,0,0
4.158164,0,0,0,0
4.366725,0,0,0,0
3.616372,0,0,0,0
3.638268,0,0,0,0
2.816998,0,0,0,0
3.178036,0,0,0,0
4.397863,0,0,0,0
4.514068,0,0,0,0
5.236116,0,0,0,0
3.418329,0,0,0,0
5.117004,0,0,0,0
7.818161,0,0,0,0
5.494679,0,0,0,0
5.416352,0,0,0,0
8.030194,0,0,0,0
5.831220,0,0,0,0
8.321914,0,0,0,0
6.152044,0,0,0,0
6.528751,0,0,0,0
8.408321,0,0,0,0
10.695910,0,0,0,0
12.046871,0,0,0,0
12.158457,0,0,0,0
10.683052,0,0,0,0
8.980112,0,0,0,0
9.325528,0,0,0,0
8.375750,0,0,0,0
9.485414,0,0,0,0
10.789274,0,0,0,0
13.792963,0,0,0,0
10.991708,0,0,0,0
13.045740,0,0,0,0
10.318910,0,0,0,0
10.862748,0,0,0,0
10.339297,0,0,0,0
10.995605,0,0,0,0
10.360810,0,0,0,0
11.070896,0,0,0,0
10.259051,0,0,0,0
10.406537,0,0,0,0
10.731378,0,0,0,0
12.514794,0,0,0,0
9.441577,0,0,0,0
10.733780,0,0,0,0
9.306090,0,0,0,0
11.069206,0,0,0,0
10.676878,0,0,0,0
12.696121,0,0,0,0
8.489122,0,0,0,0
10.648790,0,0,0,0
9.634868,0,0,0,0
9.094845,0,0,0,0
9.527885,0,0,0,0
7.351372,0,0,0,0
5.901799,0,0,0,0
7.737480,0,0,0,0
12.613796,0,0,0,0
8.694419,0,0,0,0
10.668855,0,0,0,0
10.496186,0,0,0,0
8.891754,0,0,0,0
8.598936,0,0,0,0
10.477322,0,0,0,0
8.386787,0,0,0,0
8.412031,0,0,0,0
8.928324,0,0,0,0
8.570923,0,0,0,0
9.052036,0,0,0,0
8.068614,0,0,0,0
6.281584,0,0,0,0
5.351469,0,0,0,0
8.272984,0,0,0,0
5.521886,0,0,0,0
8.203404,0,0,0,0
6.716840,0,0,0,0
7.864641,0,0,0,0
8.343697,0,0,0,0
9.820296,0,0,0,0
5.337333,0,0,0,0
8.633290,0,0,0,0
6.509785,0,0,0,0
8.432693,0,0,0,0
9.511735,0,0,0,0
8.769044,0,0,0,0
7.827553,0,0,0,0
12.108958,0,0,0,0
8.661046,0,0,0,0
13.324461,0,0,0,0
11.473361,0,0,0,0
11.508663,0,0,0,0
9.276060,0,0,0,0
12.511537,0,0,0,0
8.908800,0,0,0,0
10.625513,0,0,0,0
10.432240,0,0,0,0
10.785779,0,0,0,0
10.912997,0,0,0,0
11.977521,0,0,0,0
7.237481,0,0,0,0
10.118268,0,0,0,0
9.550536,0,0,0,0
11.927135,0,0,0,0
7.461888,0,0,0,0
10.240028,0,0,0,0
10.110703,0,0,0,0
10.501652,0,0,0,0
16.326619,0,0,0,0
13.021515,0,0,0,0
12.787239,0,0,0,0
8.835893,0,0,0,0
6.323422,0,0,0,0
5.863667,0,0,0,0
5.916806,0,0,0,0
7.805026,0,0,0,0
5.812572,0,0,0,0
9.528274,0,0,0,0
7.384440,0,0,0,0
5.570535,0,0,0,0
10.003845,0,0,0,0
11.105277,0,0,0,0
6.148282,0,0,0,0
7.169606,0,0,0,0
9.799732,0,0,0,0
7.727819,0,0,0,0
6.703352,0,0,0,0
8.539182,0,0,0,0
8.209852,0,0,0,0
15.387626,0,0,0,0
16.162745,0,0,0,0
23.071385,0,0,0,0
14.659396,0,0,0,0
11.662756,0,0,0,0
13.771603,0,0,0,0
13.880896,0,0,0,0
9.572928,0,0,0,0
10.379249,0,0,0,0
10.451036,0,0,0,0
10.559311,0,0,0,0
8.340662,0,0,0,0
8.827433,0,0,0,0
8.987883,0,0,0,0
7.189363,0,0,0,0
7.145875,0,0,0,0
5.012723,0,0,0,0
7.301108,0,0,0,0
6.335245,0,0,0,0
5.716992,0,0,0,0
6.141853,0,0,0,0
6.668419,0,0,0,0
7.149143,0,0,0,0
6.304763,0,0,0,0
9.219539,0,0,0,0
9.221665,0,0,0,0
10.010469,0,0,0,0
11.995708,0,0,0,0
12.155465,0,0,0,0
12.468080,0,0,0,0
9.456321,0,0,0,0
9.309033,0,0,0,0
10.772527,0,0,0,0
11.665832,0,0,0,0
12.363032,0,0,0,0
11.348181,0,0,0,0
9.686401,0,0,0,0
10.318650,0,0,0,0
10.645568,0,0,0,0
10.222023,0,0,0,0
10.955214,0,0,0,0
10.859239,0,0,0,0
11.251247,0,0,0,0
9.821909,0,0,0,0
10.218438,0,0,0,0
8.338874,0,0,0,0
8.291456,0,0,0,0
9.761593,0,0,0,0
8.221903,0,0,0,0
10.079054,0,0,0,0
9.968275,0,0,0,0
10.050228,0,0,0,0
7.572390,0,0,0,0
8.435564,0,0,0,0
8.824382,0,0,0,0
7.396437,0,0,0,0
8.143681,0,0,0,0
7.334311,0,0,0,0
8.865326,0,0,0,0
8.795856,0,0,0,0
6.953694,0,0,0,0
7.814377,0,0,0,0
6.036675,0,0,0,0
8.146544,0,0,0,0
10.071033,0,0,0,0
5.908143,0,0,0,0
7.622718,0,0,0,0
7.735236,0,0,0,0
6.694032,0,0,0,0
9.070528,0,0,0,0
5.604482,0,0,0,0
9.533737,0,0,0,0
8.432892,0,0,0,0
7.667130,0,0,0,0
9.795498,0,0,0,0
13.606823,0,0,0,0
6.637503,0,0,0,0
9.999529,0,0,0,0
14.152733,0,0,0,0
30.733819,0,0,0,0
19.297088,0,0,0,0
18.879523,0,0,0,0
12.586507,0,0,0,0
15.773123,0,0,0,0
19.265100,0,0,0,0
13.344116,0,0,0,0
17.477365,0,0,0,0
13.854903,0,0,0,0
17.452606,0,0,0,0
15.896686,0,0,0,0
15.910382,0,0,0,0
14.911505,0,0,0,0
18.774726,0,0,0,0
16.947350,0,0,0,0
16.418998,0,0,0,0
18.362862,0,0,0,0
14.681673,0,0,0,0
16.484789,0,0,0,0
14.952740,0,0,0,0
15.260411,0,0,0,0
20.551159,0,0,0,0
22.445797,0,0,0,0
21.186658,0,0,0,0
21.619637,0,0,0,0
18.448314,0,0,0,0
16.936544,0,0,0,0
16.353022,0,0,0,0
19.956888,0,0,0,0
20.835893,0,0,0,0
23.275095,0,0,0,0
23.713168,0,0,0,0
18.336414,0,0,0,0
18.084841,0,0,0,0
16.111191,0,0,0,0
18.935132,0,0,0,0
16.266285,0,0,0,0
12.695225,0,0,0,0
14.219277,0,0,0,0
13.103790,0,0,0,0
16.998596,0,0,0,0
14.250121,0,0,0,0
13.852715,0,0,0,0
16.758767,0,0,0,0
15.586634,0,0,0,0
13.364033,0,0,0,0
15.645970,0,0,0,0
14.152829,0,0,0,0
15.744634,0,0,0,0
12.936772,0,0,0,0
15.142240,0,0,0,0
16.865826,31129,0,-1051506327,1080099297
11.004235,1670812296,68,-887284423,582741163
