1403637149738319104.000000 -1.534359336 4.662247658 6.458030701 -0.624976397 -0.507658422 -0.430903792 0.407442600
1403637150038319104.000000 -1.515455127 4.653807640 6.464969635 -0.638331294 -0.534375072 -0.407626539 0.375255972
1403637152888318976.000000 -0.985162258 5.214000225 6.969158649 -0.631326079 -0.517026246 -0.437372178 0.377911150
1403637155638319104.000000 -0.215711445 5.943437099 7.033621311 -0.686520517 -0.435684949 -0.480863363 0.328083217
1403637156988318976.000000 0.505918503 6.154436588 6.768119812 -0.796332598 -0.208904028 -0.543485105 0.163821101
1403637159938319104.000000 3.223187208 4.525368690 6.544820309 -0.814920545 -0.116016485 -0.559863448 0.094855092
1403637161238319104.000000 4.476332664 3.363977432 6.374489307 0.818154871 -0.116016321 0.562404990 0.029383834
1403637163688318976.000000 5.025610924 0.733098626 6.434349537 0.722136736 -0.364270627 0.549945116 0.208292872
1403637164688318976.000000 3.792340994 -0.334208339 6.600172997 0.729503989 -0.368223578 0.542435169 0.194934577
1403637167538319104.000000 1.231956244 -1.972161412 6.381210327 0.734949946 -0.344529629 0.485609233 0.324548364
1403637169038319104.000000 2.674016953 -0.441075057 5.962333679 0.749702275 -0.332238108 0.510679364 0.258400768
1403637171138319104.000000 4.664009094 2.960474014 5.527075768 -0.771147072 -0.145632848 -0.609019518 0.114971876
1403637173838319104.000000 2.386707306 5.503164768 5.467108727 0.844941497 -0.066320889 0.525868177 -0.071680650
1403637174038319104.000000 2.390062094 5.404906750 5.411072254 0.851991177 -0.074114241 0.517494440 -0.028592834
1403637174238319104.000000 2.450129986 5.258597851 5.424039841 0.818051040 -0.062308524 0.571705818 0.007911845
1403637174688318976.000000 2.564327955 4.858557224 5.540572643 0.795186102 -0.101742409 0.597763896 0.002457638
1403637177638319104.000000 0.172837615 0.904106617 5.551106930 0.821467936 -0.240907907 0.490541846 0.162857383
1403637180188318976.000000 1.887179613 -0.587898135 5.193386078 0.750168681 -0.303684711 0.529541731 0.254181683
1403637182138319104.000000 4.521080971 1.189017177 5.624159813 0.727440059 -0.340223372 0.539072633 0.253928721
1403637183738319104.000000 5.253036976 3.618758202 5.867284775 0.693115234 -0.368989557 0.587351799 0.196101725
1403637183988318976.000000 5.023935318 3.985014915 5.808798790 0.698841035 -0.386656016 0.577200711 0.170169696
1403637185088318976.000000 3.295719147 4.877896786 5.643522739 0.762668908 -0.367514104 0.492465168 0.201860353
1403637185338319104.000000 2.951433897 4.914156437 5.672365189 0.768822491 -0.367955685 0.482130408 0.202659667
1403637185838319104.000000 2.424250841 4.796141624 5.850384235 0.755211294 -0.352608055 0.501597166 0.231783822
1403637186238319104.000000 2.112845421 4.632521629 5.955431461 0.744069278 -0.346965104 0.517948151 0.240220547
1403637187138319104.000000 1.513963938 4.266612530 6.288080692 0.725956023 -0.382365495 0.536882162 0.196321592
1403637187538319104.000000 1.173108339 4.000983238 6.289549351 0.745548427 -0.384244621 0.494993180 0.226925939
1403637187988318976.000000 0.843262732 3.589117527 6.241912842 0.747980952 -0.391549945 0.484352559 0.229381487
1403637188488318976.000000 0.601186872 3.007254124 6.138032436 0.731020033 -0.370830417 0.508598387 0.263481021
1403637191388318976.000000 -0.946902156 0.110046118 5.856279373 0.704644680 -0.391923159 0.522321880 0.277582467
1403637192088318976.000000 -1.322640061 -0.190658450 5.922203541 0.728587627 -0.390007555 0.478062570 0.297507048
1403637192388318976.000000 -1.373795033 -0.277612925 6.050941944 0.735532403 -0.386646181 0.464850962 0.305631191
1403637192888318976.000000 -1.270507932 -0.425302505 6.191574097 0.729429483 -0.408936262 0.473784864 0.276101083
1403637193538319104.000000 -0.984701037 -0.749544382 6.379913330 0.722634792 -0.409858257 0.485114098 0.272909224
1403637193838319104.000000 -0.826265275 -0.958806992 6.460399151 0.727798939 -0.399019837 0.479096442 0.285584360
1403637194238319104.000000 -0.554355741 -1.229767203 6.520366192 0.719143152 -0.397951037 0.491187602 0.288448989
1403637194638319104.000000 -0.234174371 -1.471700430 6.556381702 0.722724617 -0.402415901 0.484543681 0.284513652
1403637197438319104.000000 2.934184074 -1.027407050 6.558373928 0.740461767 -0.311461359 0.545453608 0.239141613
1403637200288318976.000000 3.937932730 5.522727966 6.734896660 -0.703681171 -0.262198180 -0.607985139 0.257757664
1403637202838319104.000000 1.950774074 6.254092693 6.539046764 -0.780689120 -0.251667887 -0.539408982 0.190330803
1403637205588318976.000000 1.997211814 5.329747200 6.476959229 -0.773271978 -0.265943736 -0.547349572 0.178137392
1403637208088318976.000000 1.431967020 5.238184929 6.549429417 -0.777474046 -0.256725937 -0.543655276 0.184566513
1403637209088318976.000000 1.262222290 5.087144852 6.621036530 -0.769263566 -0.266356230 -0.557905912 0.161335453
1403637211938319104.000000 2.868058920 7.539889336 6.020217896 -0.785022914 -0.287162393 -0.499668300 0.227174878
1403637212538319104.000000 3.696811438 8.232708931 6.031881809 -0.761612594 -0.286815047 -0.538643718 0.218051270
1403637212738319104.000000 3.950912714 8.433108330 6.070652485 -0.771641910 -0.290044844 -0.525856912 0.209564731
1403637212938319104.000000 4.205189228 8.633484840 6.119690895 -0.772498429 -0.295510709 -0.524535835 0.201945066
1403637213138319104.000000 4.457097054 8.838621140 6.172164917 -0.772597134 -0.297706157 -0.522119343 0.204587519
1403637213338319104.000000 4.707777023 9.047671318 6.202854633 -0.771983802 -0.297053367 -0.521347940 0.209753543
1403637213538319104.000000 4.956507683 9.256276131 6.214856148 -0.766971409 -0.297278017 -0.528397083 0.210183933
1403637213738319104.000000 5.196409702 9.463118553 6.206674576 -0.760409296 -0.310516030 -0.537147641 0.191910997
1403637213988318976.000000 5.467412949 9.734231949 6.166917324 -0.758645058 -0.317445070 -0.537774920 0.185700163
1403637214438319104.000000 5.861117840 10.279483795 6.172655106 -0.721001685 -0.355147362 -0.545252740 0.238173023
1403637214688318976.000000 6.000270844 10.569243431 6.228983402 -0.680838704 -0.412913352 -0.551037788 0.249637261
1403637214938319104.000000 6.046175480 10.851231575 6.309239388 -0.661797881 -0.436185718 -0.552940845 0.256947398
1403637215238319104.000000 5.963657379 11.170135498 6.368669510 -0.656137586 -0.431137860 -0.557238638 0.270349413
1403637216438319104.000000 4.600567341 11.751523018 6.617603779 -0.585227787 -0.536727011 -0.442656875 0.416518271
1403637216788318976.000000 4.164673805 11.691710472 6.647789955 -0.577205598 -0.519092381 -0.454215795 0.437109768
1403637217188318976.000000 3.714560032 11.429177284 6.702378750 -0.595120609 -0.508476794 -0.442984045 0.437090248
1403637217938319104.000000 3.148523569 10.489281654 6.658814907 -0.539369643 -0.561753392 -0.443261892 0.443883359
1403637218188318976.000000 2.994892597 10.053329468 6.667655945 -0.522159636 -0.590961874 -0.416090876 0.452749163
1403637218438319104.000000 2.842693806 9.577308655 6.652585030 -0.515556335 -0.599622607 -0.408854306 0.455513477
1403637218638319104.000000 2.720323324 9.170688629 6.636632919 -0.516328156 -0.600950003 -0.408526570 0.453178138
1403637219038319104.000000 2.468279123 8.306109428 6.567121983 -0.517970920 -0.611119807 -0.416616559 0.429731637
1403637219238319104.000000 2.318685055 7.867140293 6.493536472 -0.518965960 -0.610969603 -0.417411447 0.427969873
1403637220938319104.000000 0.666125715 4.711500645 6.777349472 -0.563535988 -0.602910697 -0.368895769 0.427600056
1403637223888318976.000000 -0.186093867 3.335903168 6.665824890 -0.657925546 -0.484207958 -0.463178843 0.343717933
1403637224888318976.000000 -0.198704094 3.408295393 6.593356609 -0.657655537 -0.479231358 -0.464753985 0.349041820
1403637227138319104.000000 -0.726060212 3.316352606 6.605800629 -0.670551062 -0.477592617 -0.441702515 0.356602639
1403637228138319104.000000 -0.832006216 3.464326382 6.568564892 -0.654381275 -0.476114541 -0.471816897 0.349984199
1403637229138319104.000000 -0.936420739 3.450200558 6.596606255 -0.651243389 -0.484324336 -0.472995430 0.342910141
1403637229488318976.000000 -1.013867378 3.409091711 6.555460453 -0.675362468 -0.465693265 -0.465645164 0.331948817
1403637230388318976.000000 -1.037142754 3.327332020 6.388304234 -0.773368359 -0.292605251 -0.525613129 0.200035930
1403637230788318976.000000 -1.020657182 3.346483469 6.448949814 -0.771913171 -0.244725689 -0.555644155 0.188464552
1403637231038319104.000000 -1.016508102 3.338645220 6.491963387 -0.809509993 -0.184712023 -0.536556602 0.150606111
1403637231288318976.000000 -0.986393809 3.315360785 6.473541737 -0.827977419 -0.098110698 -0.542962015 0.100100033
1403637231688318976.000000 -0.889737427 3.232838392 6.251664162 0.831988990 -0.067945920 0.550596476 -0.004592651
1403637232188318976.000000 -0.685981035 2.988918304 6.020813942 0.789927304 -0.219524905 0.565282047 0.090994664
1403637232588318976.000000 -0.557129979 2.676751614 5.982077599 0.757610977 -0.308081925 0.554224730 0.154745534
1403637233088318976.000000 -0.523242056 2.132235765 6.053003788 0.754282534 -0.399109632 0.484580725 0.192226350
1403637233388318976.000000 -0.499526322 1.666190863 6.110104084 0.771055102 -0.398776948 0.456431627 0.195245981
1403637236238319104.000000 3.511294127 0.936310530 5.324989796 0.804020584 -0.032758866 0.579460621 0.129240632
1403637238988318976.000000 2.516658306 5.059617996 6.872305393 0.845155120 -0.238016143 0.476024896 -0.049612004
1403637239238319104.000000 2.207916737 4.727549076 6.966452122 0.848843098 -0.221250236 0.479956895 0.012456154
1403637239488318976.000000 2.002053976 4.245214939 7.037983894 0.827948213 -0.243366882 0.501753032 0.059314534
1403637239738319104.000000 1.845902085 3.678349972 7.011716366 0.798656642 -0.291093051 0.514226794 0.113943852
1403637241038319104.000000 1.230362892 0.593969941 6.416951656 0.709373772 -0.405305177 0.488320410 0.306691825
1403637241288318976.000000 1.200674772 0.055223692 6.335803509 0.717080414 -0.397797227 0.485277802 0.303411573
1403637241538319104.000000 1.208185554 -0.443120480 6.238773346 0.722358286 -0.376398355 0.483026922 0.321259677
1403637241788318976.000000 1.274744749 -0.873525143 6.174507618 0.714079082 -0.360115469 0.498644769 0.334307432
1403637242038319104.000000 1.386887431 -1.202841401 6.148788929 0.691655934 -0.366822720 0.533173740 0.320591629
1403637242288318976.000000 1.503969789 -1.431867957 6.156661510 0.699123740 -0.362849057 0.518588305 0.332615137
1403637242638319104.000000 1.699458480 -1.576190710 6.155782700 0.701024771 -0.341699511 0.517411351 0.352265984
1403637242888318976.000000 1.878956079 -1.527685285 6.172665119 0.707402229 -0.326792955 0.544153988 0.310941905
1403637243138319104.000000 2.055808306 -1.376360059 6.214338779 0.716289520 -0.306900620 0.548304796 0.303485036
1403637243388318976.000000 2.226748466 -1.139403462 6.218783855 0.729494631 -0.315616667 0.536802769 0.282960385
1403637243638319104.000000 2.394376755 -0.838619411 6.211437225 0.733167350 -0.328626394 0.532365978 0.266565025
1403637243888318976.000000 2.562572718 -0.509640336 6.250170231 0.737496912 -0.356711596 0.523507595 0.234083220
1403637244188318976.000000 2.738230705 -0.137695596 6.375436783 0.735026360 -0.366646469 0.521568358 0.230809733
1403637244438319104.000000 2.862242460 0.135258123 6.523443699 0.738529384 -0.369443089 0.516029775 0.227595046
1403637244688318976.000000 2.979289055 0.374868631 6.685038567 0.759972811 -0.335368842 0.506812751 0.230455980
1403637244938319104.000000 3.114305496 0.591711044 6.809613705 0.774396122 -0.309699506 0.506898284 0.217832521
1403637245188318976.000000 3.275741816 0.784059048 6.892443180 0.783282697 -0.323701859 0.499167889 0.180324361
1403637245488318976.000000 3.507678270 0.940476894 6.962709904 0.783770502 -0.301539272 0.503642440 0.202786252
1403637245738319104.000000 3.741687775 1.040713549 6.986198902 0.793178558 -0.273356259 0.510462284 0.188606590
1403637245988318976.000000 4.007386684 1.132987022 6.980265617 0.792764843 -0.211054921 0.549800932 0.157158390
1403637246238319104.000000 4.275297165 1.239704728 6.940870285 0.803816974 -0.121754877 0.573866248 0.098649263
1403637246488318976.000000 4.528687000 1.366675973 6.874871731 0.808544397 -0.009816126 0.587011039 0.039721031
1403637246738319104.000000 4.748347282 1.523361921 6.787653923 -0.790396690 -0.087972514 -0.606010437 0.016890364
1403637246988318976.000000 4.898025513 1.720540762 6.719427109 -0.784349382 -0.163567379 -0.594173193 0.070711352
1403637247438319104.000000 5.033588886 2.135082722 6.620800018 -0.777986884 -0.187985510 -0.588274777 0.115458660
1403637247888318976.000000 5.024708271 2.584883928 6.473414421 -0.757722974 -0.227970436 -0.599643648 0.119636059
1403637248188318976.000000 4.880979538 2.907317877 6.430783272 -0.759398937 -0.260374695 -0.573326170 0.163754448
1403637248688318976.000000 4.516880512 3.438150406 6.334279060 -0.755690873 -0.277637213 -0.564392090 0.182511792
1403637249038319104.000000 4.195446491 3.798832893 6.339203835 -0.769911051 -0.270364821 -0.551823318 0.172136322
1403637249888318976.000000 3.339258194 4.744633198 6.376633167 -0.758435011 -0.264151841 -0.567921698 0.180180445
1403637250138319104.000000 3.051782608 5.017385483 6.363715649 -0.761050224 -0.281285405 -0.546922386 0.206293747
1403637252988318976.000000 1.402180672 6.241882801 6.669155121 -0.721924305 -0.385910422 -0.495438159 0.290584654
1403637253988318976.000000 1.250961304 6.067592144 6.665766239 -0.710296154 -0.388755709 -0.515552759 0.280274421
1403637254988318976.000000 0.944509327 5.799238682 6.829267979 -0.689947665 -0.422563940 -0.502121210 0.305428207
1403637256988318976.000000 -0.106132917 5.129603386 6.869746685 -0.623211563 -0.531227708 -0.427100688 0.383392096
1403637257338319104.000000 -0.305522382 5.007568836 6.878322601 -0.601014376 -0.553168714 -0.426751345 0.388161600
1403637257638319104.000000 -0.477676392 4.909472466 6.907631397 -0.596143007 -0.564812839 -0.420342058 0.385891855
1403637257888318976.000000 -0.629225135 4.840876102 6.892723560 -0.597829342 -0.575938165 -0.402163684 0.386212111
1403637258138319104.000000 -0.782572150 4.798236847 6.861308575 -0.578484893 -0.595845282 -0.383081526 0.404440522
1403637258488318976.000000 -0.993116915 4.781386852 6.846708298 -0.538092971 -0.617376149 -0.372624427 0.436410159
1403637258888318976.000000 -1.209865928 4.777311802 6.773610115 -0.532305360 -0.615429223 -0.367049545 0.450746715
1403637259238319104.000000 -1.359784007 4.774964809 6.771078587 -0.536478460 -0.610760510 -0.366684347 0.452443451
1403637259488318976.000000 -1.441395879 4.770631790 6.804394722 -0.542755842 -0.603141129 -0.361717224 0.459127069
1403637259988318976.000000 -1.508105516 4.748312473 6.805312157 -0.543613613 -0.604172528 -0.363613218 0.455241978
1403637260338319104.000000 -1.500122309 4.723636150 6.752161980 -0.532144666 -0.616391420 -0.378624469 0.439917296
1403637260588318976.000000 -1.496843457 4.699240208 6.697958946 -0.531199455 -0.627006412 -0.378235966 0.426178068
1403637260938319104.000000 -1.525675774 4.679072857 6.619232178 -0.530097485 -0.619600236 -0.377859265 0.438536823
1403637261388318976.000000 -1.587479353 4.659305096 6.530408859 -0.535979390 -0.625658035 -0.368994385 0.430257261
1403637261788318976.000000 -1.649397969 4.672433853 6.519115448 -0.540508568 -0.626800299 -0.363708705 0.427420110
1403637262188318976.000000 -1.709057212 4.719337940 6.508448124 -0.535576284 -0.609259427 -0.375572473 0.448225766
1403637262588318976.000000 -1.705896497 4.707090855 6.482273579 -0.551545918 -0.564510763 -0.396537483 0.468916565
1403637262788318976.000000 -1.703805923 4.708946228 6.475273132 -0.558680952 -0.568889737 -0.390151352 0.460458517
1403637263288318976.000000 -1.704102874 4.709935665 6.473752022 -0.558621168 -0.570077240 -0.389541924 0.459577471
1403637263788318976.000000 -1.704459906 4.709782124 6.474237442 -0.558937311 -0.569760978 -0.389093727 0.459964782
1403637264288318976.000000 -1.704142690 4.709193230 6.474365234 -0.559008896 -0.569802105 -0.389064699 0.459851414
1403637264788318976.000000 -1.704300165 4.709657669 6.474161625 -0.559191525 -0.569749713 -0.388811797 0.459908098
1403637265288318976.000000 -1.704161644 4.709506989 6.474439621 -0.559359789 -0.569802582 -0.388690203 0.459740847
