#LBA time[ms],KF opt[#],KF fixed[#],MP[#],Edges[#]
0.005775,3,1,0,707
0.002633,4,1,0,909
0.314377,5,1,0,1144
0.217844,6,1,0,1358
0.680759,7,1,0,1545
0.390102,8,1,0,1743
1.299719,9,1,0,1949
1.894954,10,1,0,2139
1.753281,0,0,0,0
58.655804,0,0,0,0
1.270169,0,0,0,0
1.696260,0,0,0,0
1.717080,0,0,0,0
2.224974,0,0,0,0
2.048150,0,0,0,0
2.347633,0,0,0,0
3.523090,0,0,0,0
2.322659,0,0,0,0
2.083387,0,0,0,0
3.208632,0,0,0,0
2.909789,0,0,0,0
3.143128,0,0,0,0
3.323211,0,0,0,0
3.339360,0,0,0,0
3.091846,0,0,0,0
2.981847,0,0,0,0
3.498787,0,0,0,0
2.943062,0,0,0,0
3.785152,0,0,0,0
4.549383,0,0,0,0
3.252148,0,0,0,0
2.965907,0,0,0,0
3.647336,0,0,0,0
3.048409,0,0,0,0
3.309454,0,0,0,0
3.262670,0,0,0,0
3.504370,0,0,0,0
3.369269,0,0,0,0
3.049920,0,0,0,0
2.866173,0,0,0,0
2.950216,0,0,0,0
2.965893,0,0,0,0
3.123691,0,0,0,0
4.457481,0,0,0,0
4.120139,0,0,0,0
4.109975,0,0,0,0
3.615697,0,0,0,0
4.802468,0,0,0,0
3.470559,0,0,0,0
3.487201,3,1,0,605
4.449836,4,1,0,796
0.001719,5,1,0,1021
0.002826,6,1,0,1264
0.193393,7,1,0,1473
0.552199,8,1,0,1677
0.426984,9,1,0,1881
1.020312,10,1,0,2114
1.564751,0,0,0,0
2.063139,3,1,0,860
1.093827,4,1,0,1071
43.126673,5,1,0,1328
2.456001,6,1,0,1580
0.001508,7,1,0,1869
0.002707,8,1,0,2137
0.440131,9,1,0,2407
0.323319,10,1,0,2608
0.655753,0,0,0,0
0.510108,3,1,0,561
0.659205,4,1,0,870
1.286888,5,1,0,1182
1.959341,6,1,0,1473
40.911465,7,1,0,1906
2.157777,8,1,0,2330
0.003527,9,1,0,2712
0.002853,10,1,0,3023
0.385192,0,0,0,0
0.358666,0,0,0,0
0.393854,0,0,0,0
0.475103,0,0,0,0
0.935739,0,0,0,0
1.174489,0,0,0,0
1.352534,0,0,0,0
59.097450,0,0,0,0
0.938743,0,0,0,0
0.916634,0,0,0,0
1.151679,0,0,0,0
1.370890,0,0,0,0
1.437702,0,0,0,0
1.507758,0,0,0,0
1.678785,0,0,0,0
2.054501,0,0,0,0
2.197076,0,0,0,0
2.428299,0,0,0,0
2.145046,0,0,0,0
3.028738,0,0,0,0
3.261766,0,0,0,0
3.298444,0,0,0,0
3.697226,0,0,0,0
4.332436,0,0,0,0
2.811897,0,0,0,0
4.134919,0,0,0,0
2.621252,0,0,0,0
4.198734,0,0,0,0
2.807957,0,0,0,0
4.369083,0,0,0,0
4.342267,0,0,0,0
6.157198,0,0,0,0
3.162711,0,0,0,0
6.145766,0,0,0,0
3.932761,0,0,0,0
5.127472,0,0,0,0
4.017543,0,0,0,0
4.748528,0,0,0,0
5.252264,0,0,0,0
3.748645,0,0,0,0
4.653198,0,0,0,0
3.248781,0,0,0,0
4.792870,0,0,0,0
3.099176,0,0,0,0
3.379740,0,0,0,0
3.239757,0,0,0,0
3.429559,0,0,0,0
3.158057,0,0,0,0
4.520447,0,0,0,0
4.492356,0,0,0,0
2.708674,0,0,0,0
3.247316,0,0,0,0
3.509914,0,0,0,0
6.002129,0,0,0,0
2.307903,0,0,0,0
4.884798,0,0,0,0
3.819865,0,0,0,0
4.004833,0,0,0,0
3.723663,0,0,0,0
3.272295,0,0,0,0
2.827971,0,0,0,0
4.501436,0,0,0,0
3.487648,0,0,0,0
4.082211,0,0,0,0
3.955259,0,0,0,0
3.977440,0,0,0,0
5.286399,0,0,0,0
3.989174,0,0,0,0
5.306389,0,0,0,0
5.966638,0,0,0,0
1.511991,0,0,0,0
1.868194,0,0,0,0
3.258801,0,0,0,0
3.064500,0,0,0,0
3.494980,0,0,0,0
3.554381,0,0,0,0
4.639939,0,0,0,0
5.570735,0,0,0,0
4.515811,0,0,0,0
3.633846,0,0,0,0
4.838735,0,0,0,0
6.493180,0,0,0,0
4.202967,0,0,0,0
5.521890,0,0,0,0
5.266928,0,0,0,0
6.095340,0,0,0,0
3.861605,0,0,0,0
5.582360,0,0,0,0
6.243436,0,0,0,0
7.090567,0,0,0,0
5.937715,0,0,0,0
6.644907,0,0,0,0
5.363645,0,0,0,0
5.668005,0,0,0,0
5.886099,0,0,0,0
6.793867,0,0,0,0
6.581552,0,0,0,0
6.994830,0,0,0,0
8.670262,0,0,0,0
7.946554,0,0,0,0
8.195480,0,0,0,0
9.443184,0,0,0,0
6.267305,0,0,0,0
9.889539,0,0,0,0
6.445529,0,0,0,0
5.549325,0,0,0,0
6.814316,0,0,0,0
7.161921,0,0,0,0
4.253113,0,0,0,0
3.585583,0,0,0,0
6.153892,0,0,0,0
7.886751,0,0,0,0
8.368995,0,0,0,0
10.713688,0,0,0,0
9.657258,0,0,0,0
8.809949,0,0,0,0
5.031298,0,0,0,0
8.941686,0,0,0,0
7.251931,0,0,0,0
5.252371,0,0,0,0
5.999187,0,0,0,0
10.838614,0,0,0,0
11.270047,0,0,0,0
6.621801,0,0,0,0
8.822737,0,0,0,0
13.305117,0,0,0,0
10.661097,0,0,0,0
9.623574,0,0,0,0
13.755759,0,0,0,0
10.419525,0,0,0,0
9.960627,0,0,0,0
10.337617,0,0,0,0
13.067360,0,0,0,0
8.745961,0,0,0,0
12.269012,0,0,0,0
11.194227,0,0,0,0
7.981699,0,0,0,0
6.711575,0,0,0,0
7.521369,0,0,0,0
9.506368,0,0,0,0
10.282562,0,0,0,0
7.452617,0,0,0,0
10.868100,0,0,0,0
11.434673,0,0,0,0
8.981698,0,0,0,0
9.105503,0,0,0,0
7.557314,0,0,0,0
13.959968,0,0,0,0
14.448049,0,0,0,0
11.984633,0,0,0,0
11.090154,0,0,0,0
11.327986,0,0,0,0
11.080596,0,0,0,0
11.559401,0,0,0,0
17.002656,0,0,0,0
13.640302,0,0,0,0
14.038075,0,0,0,0
15.205346,0,0,0,0
14.711047,0,0,0,0
13.518131,0,0,0,0
16.908970,0,0,0,0
14.675517,0,0,0,0
14.893692,0,0,0,0
14.410721,0,0,0,0
16.804117,0,0,0,0
15.841751,0,0,0,0
17.541095,0,0,0,0
15.312698,0,0,0,0
18.752619,0,0,0,0
14.443771,0,0,0,0
14.289173,0,0,0,0
12.675712,0,0,0,0
16.526501,0,0,0,0
13.939246,0,0,0,0
15.272879,0,0,0,0
16.489442,0,0,0,0
13.510732,0,0,0,0
12.174282,0,0,0,0
10.940571,0,0,0,0
12.690299,0,0,0,0
7.842271,0,0,0,0
13.253062,0,0,0,0
12.724717,0,0,0,0
6.688871,0,0,0,0
13.112250,0,0,0,0
9.630249,0,0,0,0
9.019859,0,0,0,0
9.859279,0,0,0,0
11.210075,0,0,0,0
7.354967,0,0,0,0
12.019722,0,0,0,0
11.701759,0,0,0,0
11.763999,0,0,0,0
8.261910,0,0,0,0
14.190095,0,0,0,0
13.739808,0,0,0,0
11.423037,0,0,0,0
13.335295,0,0,0,0
11.454637,0,0,0,0
10.989501,0,0,0,0
13.368070,0,0,0,0
13.605224,0,0,0,0
12.167874,0,0,0,0
11.561816,0,0,0,0
18.643145,0,0,0,0
13.166754,0,0,0,0
13.414865,0,0,0,0
11.123960,0,0,0,0
14.697955,0,0,0,0
15.947411,0,0,0,0
16.989540,0,0,0,0
12.926084,0,0,0,0
9.791945,0,0,0,0
11.600640,0,0,0,0
12.398423,0,0,0,0
9.502725,0,0,0,0
10.159764,0,0,0,0
12.562316,0,0,0,0
13.768245,0,0,0,0
10.737561,0,0,0,0
10.282086,0,0,0,0
6.632856,0,0,0,0
5.463959,0,0,0,0
5.929845,0,0,0,0
9.033928,0,0,0,0
9.519386,0,0,0,0
7.720172,0,0,0,0
7.163535,0,0,0,0
8.741278,0,0,0,0
11.348887,0,0,0,0
9.391031,0,0,0,0
7.776579,0,0,0,0
10.697997,0,0,0,0
7.717157,0,0,0,0
10.458039,0,0,0,0
6.826281,0,0,0,0
8.010225,0,0,0,0
12.128427,0,0,0,0
11.426727,0,0,0,0
9.204222,0,0,0,0
8.891028,0,0,0,0
11.981574,0,0,0,0
10.235112,0,0,0,0
17.305296,0,0,0,0
13.858811,0,0,0,0
10.829652,0,0,0,0
13.945676,0,0,0,0
14.239999,0,0,0,0
15.813731,0,0,0,0
11.052839,0,0,0,0
14.406696,0,0,0,0
16.426712,0,0,0,0
11.974800,0,0,0,0
9.253815,0,0,0,0
10.455199,0,0,0,0
15.376674,0,0,0,0
12.786933,0,0,0,0
10.005458,0,0,0,0
10.097565,0,0,0,0
9.890588,0,0,0,0
9.721488,0,0,0,0
9.599991,0,0,0,0
12.326967,0,0,0,0
8.130693,0,0,0,0
10.953820,0,0,0,0
9.756653,0,0,0,0
8.410334,0,0,0,0
12.677038,0,0,0,0
7.144910,0,0,0,0
7.658516,0,0,0,0
9.798096,0,0,0,0
9.191796,0,0,0,0
6.733672,0,0,0,0
8.676167,0,0,0,0
5.651240,0,0,0,0
11.107372,0,0,0,0
12.290500,0,0,0,0
10.471958,0,0,0,0
10.535882,0,0,0,0
9.672982,0,0,0,0
7.079355,0,0,0,0
8.047337,0,0,0,0
10.535773,0,0,0,0
9.354626,0,0,0,0
10.405940,0,0,0,0
13.530800,0,0,0,0
10.013893,0,0,0,0
10.866179,0,0,0,0
13.675396,0,0,0,0
9.347494,0,0,0,0
13.642936,0,0,0,0
8.870904,0,0,0,0
14.295274,0,0,0,0
11.857266,0,0,0,0
12.699995,0,0,0,0
14.416262,0,0,0,0
10.105349,0,0,0,0
12.864807,0,0,0,0
10.682860,0,0,0,0
14.560142,0,0,0,0
12.004534,0,0,0,0
11.416312,0,0,0,0
12.311224,0,0,0,0
8.985646,0,0,0,0
15.511590,0,0,0,0
12.516527,0,0,0,0
13.637044,0,0,0,0
8.649669,0,0,0,0
9.182806,0,0,0,0
11.520722,0,0,0,0
12.511037,0,0,0,0
10.963655,0,0,0,0
11.397624,0,0,0,0
14.543545,0,0,0,0
19.510107,0,0,0,0
17.745251,0,0,0,0
22.325413,0,0,0,0
15.334624,0,0,0,0
18.025608,0,0,0,0
20.080896,0,0,0,0
21.349638,0,0,0,0
13.907691,0,0,0,0
8.291975,0,0,0,0
16.927473,0,0,0,0
11.321831,0,0,0,0
14.595013,0,0,0,0
9.225328,0,0,0,0
11.704261,0,0,0,0
20.755296,0,0,0,0
17.061083,0,0,0,0
17.888338,0,0,0,0
14.072149,0,0,0,0
10.662105,0,0,0,0
15.411543,0,0,0,0
17.289231,0,0,0,0
12.608673,0,0,0,0
21.749336,0,0,0,0
16.476758,0,0,0,0
10.176822,0,0,0,0
18.614064,0,0,0,0
18.516569,0,0,0,0
12.547877,0,0,0,0
21.174234,0,0,0,0
14.953813,0,0,0,0
14.631114,0,0,0,0
23.799761,0,0,0,0
23.034842,0,0,0,0
24.041767,0,0,0,0
16.662424,0,0,0,0
18.323733,0,0,0,0
19.869977,0,0,0,0
19.174674,0,0,0,0
13.939226,0,0,0,0
14.880065,0,0,0,0
14.238392,0,0,0,0
14.925837,0,0,0,0
10.823930,0,0,0,0
13.373633,0,0,0,0
18.268863,0,0,0,0
15.842019,0,0,0,0
16.315008,0,0,0,0
15.735014,0,0,0,0
23.133999,0,0,0,0
19.342646,0,0,0,0
22.508907,0,0,0,0
22.355411,0,0,0,0
21.090970,0,0,0,0
27.641042,0,0,0,0
22.204387,0,0,0,0
18.248152,0,0,0,0
18.718134,0,0,0,0
24.334323,0,0,0,0
12.774616,0,0,0,0
21.629106,0,0,0,0
18.219168,0,0,0,0
28.457552,0,0,0,0
17.211021,0,0,0,0
15.891257,0,0,0,0
16.218714,0,0,0,0
15.538421,0,0,0,0
17.482219,0,0,0,0
18.108214,0,0,0,0
13.760672,0,0,0,0
12.993389,0,0,0,0
14.720331,0,0,0,0
18.469918,0,0,0,0
17.808457,0,0,0,0
13.939512,0,0,0,0
11.447253,0,0,0,0
18.684309,0,0,0,0
13.666683,0,0,0,0
20.319040,0,0,0,0
21.447564,0,0,0,0
15.053949,0,0,0,0
17.039472,0,0,0,0
16.821556,0,0,0,0
15.354935,0,0,0,0
18.665200,0,0,0,0
12.296370,0,0,0,0
22.424705,0,0,0,0
15.691257,0,0,0,0
17.538069,0,0,0,0
15.163748,0,0,0,0
20.537874,0,0,0,0
20.290245,0,0,0,0
13.598105,0,0,0,0
13.749916,0,0,0,0
13.759060,0,0,0,0
9.320555,0,0,0,0
14.059958,0,0,0,0
11.306012,0,0,0,0
12.224501,0,0,0,0
13.561071,0,0,0,0
12.437863,0,0,0,0
11.100587,0,0,0,0
12.816172,0,0,0,0
13.883901,0,0,0,0
12.035855,0,0,0,0
8.791041,-1080386261,32333,32333,1080185700
11.815344,-1073741824,-1439362880,-1423710544,-1993689459
14.102144,-1089104675,32333,32333,1080120172
9.707199,-2147483648,15,2000,-41781442
13.351549,-1076889175,32333,0,1080162519
15.887957,-1073741824,-1439362592,36,-670427215
14.504638,-1082624306,32333,0,1080203790
10.460294,-1610612736,16,-455427129,-998081680
