#Stereo rect[ms], MP culling[ms], MP creation[ms], LBA[ms], KF culling[ms], Total[ms]
7.429398,0.070578,0.463867,0.008366,0.008366,7.979277
8.201232,0.076539,1.013315,0.003256,0.003256,9.296426
8.899854,0.101188,1.378425,0.276021,0.276021,20.356553
9.008169,0.098145,1.759896,0.374380,0.374380,21.360699
11.672373,0.073375,3.486464,0.458796,0.458796,26.833551
9.483722,0.024746,2.708370,0.946064,0.946064,34.308918
9.959065,0.027150,3.153044,1.181292,1.181292,38.138834
10.002598,0.030899,4.286058,1.439116,1.439116,31.698280
5.848740,0.018044,1.980713,0.958616,0.958616,17.087215
9.820268,0.028546,5.463303,70.167824,70.167824,102.930805
10.599008,0.047306,4.079447,1.542010,1.542010,43.298973
11.119448,0.015283,8.235525,1.860482,1.860482,61.629345
7.879302,0.045882,0.490383,0.002930,0.002930,8.420207
6.644684,0.072239,0.589685,0.001355,0.001355,7.308984
8.680326,0.228038,6.863700,0.216822,0.216822,31.682092
11.523300,0.533255,11.205220,0.552680,0.552680,45.143128
9.408554,0.321853,10.836181,0.684238,0.684238,48.229391
9.544034,0.311523,14.129472,0.867028,0.867028,60.818335
9.476933,0.384918,13.425310,0.773354,0.773354,59.936095
5.181814,0.134337,8.195197,0.899123,0.899123,38.129774
5.280962,0.103226,7.355973,1.112744,1.112744,31.488431
9.999878,0.250465,22.853557,59.128149,59.128149,128.678161
9.915779,0.262721,16.329526,1.116546,1.116546,64.186716
6.011592,0.163620,8.014478,1.019563,1.019563,37.673001
4.793520,0.095880,7.932608,1.023055,1.023055,41.980507
5.664703,0.101477,9.925469,1.477269,1.477269,44.443846
5.085558,0.051520,8.456090,1.842316,1.842316,43.968701
5.401169,0.045610,8.015257,1.805741,1.805741,44.370375
5.397886,0.005708,7.977504,1.805789,1.805789,45.774858
5.400341,0.005053,7.716773,1.714596,1.714596,56.147667
11.201620,0.101651,36.398362,2.203248,2.203248,99.317473
8.044341,0.094555,21.522376,2.080590,2.080590,78.715693
8.481725,0.196022,24.592732,2.386771,2.386771,83.313613
8.742720,0.198546,17.839384,2.947955,2.947955,83.069650
7.742694,0.141440,18.904577,2.813124,2.813124,79.162072
6.604155,0.113663,14.897038,3.050470,3.050470,81.028001
6.092042,0.110702,12.009240,2.851566,2.851566,72.747368
6.511734,0.154612,8.965612,2.601437,2.601437,66.477180
8.190902,0.056864,12.102317,2.653605,2.653605,75.473319
6.352444,0.043275,10.577146,2.850611,2.850611,73.821616
6.193670,0.063392,12.601501,2.435987,2.435987,69.725205
13.112430,0.275022,30.520561,3.001528,3.001528,104.444851
13.899527,0.288884,38.137394,3.038306,3.038306,124.967700
8.593602,0.139202,22.710623,3.465743,3.465743,96.682679
5.950383,0.083690,14.723551,2.886077,2.886077,76.427995
7.341240,0.065901,15.850460,2.708179,2.708179,77.468244
10.397930,0.074305,16.961837,2.706618,2.706618,81.161993
5.677925,0.027697,13.547262,4.652196,4.652196,75.401475
5.839765,0.020087,0.215766,0.002010,0.002010,6.078636
8.613137,0.138650,1.208789,0.002990,0.002990,9.965569
8.966520,0.185713,1.835965,0.436113,0.436113,20.179695
8.793836,0.165993,2.433073,0.488976,0.488976,22.465915
8.232415,0.098495,2.713370,0.488588,0.488588,25.236109
9.394930,0.067139,3.392537,0.878415,0.878415,27.356268
9.582553,0.051012,4.232482,2.042490,2.042490,31.397696
9.669322,0.035909,4.566355,2.036528,2.036528,35.197219
10.813591,0.034476,5.258624,2.470318,2.470318,38.742776
10.521158,0.050333,4.662967,52.323713,52.323713,88.305235
11.184970,0.045846,6.490368,2.201865,2.201865,58.774105
10.103226,0.015499,7.417072,2.369616,2.369616,57.601906
4.525584,0.028464,0.268100,0.001804,0.001804,4.824979
8.135847,0.119851,1.224878,0.002620,0.002620,9.484856
9.044798,0.156490,1.667312,0.530853,0.530853,24.802073
9.469596,0.146977,2.272166,0.792074,0.792074,31.028946
9.458249,0.041716,2.793121,1.087042,1.087042,33.816833
9.118159,0.029616,3.342544,1.157864,1.157864,29.647616
8.392611,0.027297,3.322004,1.553449,1.553449,43.530353
11.009317,0.030173,4.907074,3.550789,3.550789,43.794927
11.108415,0.030249,4.857514,2.345105,2.345105,34.789849
11.678937,0.026469,5.359246,48.821974,48.821974,103.185548
6.659296,0.014844,2.925976,1.727968,1.727968,30.134710
7.783928,0.003792,3.308155,2.571595,2.571595,35.922540
7.497646,0.005441,3.963174,2.313951,2.313951,68.701549
5.238675,0.045295,0.343889,0.002172,0.002172,5.631175
7.695587,0.191522,1.409468,0.004843,0.004843,9.303676
7.556676,0.259524,1.890647,0.313647,0.313647,18.682400
9.209001,0.222522,9.938589,0.524809,0.524809,35.196705
9.580750,0.289968,8.275508,0.853783,0.853783,33.199315
8.642503,0.202428,6.088287,0.919926,0.919926,30.799815
9.663665,0.322677,14.266195,0.703541,0.703541,49.979512
10.252610,0.345559,20.191039,1.055008,1.055008,66.134979
10.310642,0.322493,12.839364,1.058319,1.058319,58.671395
11.034366,0.290057,27.778017,40.885445,40.885445,112.116250
4.993867,0.133870,9.929523,0.807789,0.807789,45.009105
6.182256,0.163439,13.028206,0.998625,0.998625,52.670748
10.974374,0.277708,25.924369,1.119900,1.119900,75.002161
10.077775,0.208855,24.499151,1.268293,1.268293,78.322734
9.248695,0.235717,30.763966,1.250069,1.250069,108.734108
7.635529,0.178960,16.339500,1.175985,1.175985,69.337250
8.715416,0.205126,15.683165,1.204658,1.204658,182.848308
10.879017,0.258604,22.857968,1.654776,1.654776,88.992493
10.721406,0.334547,31.792821,1.726972,1.726972,102.724114
10.368780,0.255687,26.260426,1.972932,1.972932,104.349778
11.051057,0.254878,31.239514,1.861563,1.861563,118.334635
6.189679,0.141675,15.569033,2.879871,2.879871,84.084190
11.447114,0.277477,30.053967,2.760609,2.760609,108.754291
6.345640,0.137569,16.242759,3.436197,3.436197,100.720103
6.267197,0.172216,16.554172,2.984085,2.984085,93.110802
11.202516,0.308177,35.439774,2.215778,2.215778,132.242982
7.305222,0.181897,17.039135,2.926824,2.926824,123.613162
8.868214,0.222142,21.720469,2.339306,2.339306,126.671552
7.247082,0.171209,18.752706,3.321555,3.321555,123.194458
6.429817,0.146507,15.096656,2.549308,2.549308,128.255021
7.668892,0.228572,16.144941,3.363115,3.363115,117.249717
13.446026,0.415161,28.330969,3.327173,3.327173,148.389505
12.668629,0.309450,34.228950,3.397226,3.397226,149.855998
6.429096,0.113527,18.569798,3.753068,3.753068,132.282309
7.875614,0.138118,18.644271,2.354278,2.354278,118.928177
8.304338,0.136094,16.699397,3.679291,3.679291,124.597867
7.963015,0.168903,20.835733,2.887649,2.887649,127.602960
8.742827,0.188572,22.455880,2.872486,2.872486,133.689083
6.394185,0.169374,19.307210,2.814830,2.814830,129.681537
8.196392,0.238747,18.305478,3.097564,3.097564,128.885270
7.223006,0.243941,17.249330,3.474034,3.474034,124.203290
6.116130,0.224847,15.285445,2.757611,2.757611,128.127783
7.805967,0.256482,20.767072,2.534023,2.534023,127.348482
16.189586,0.743788,32.066013,2.578195,2.578195,155.525997
6.125804,0.184533,14.757187,3.922294,3.922294,131.748222
6.326072,0.282921,17.644733,2.203239,2.203239,129.414260
6.047634,0.280919,14.580501,3.100110,3.100110,121.295918
5.660584,0.256747,16.873732,3.020792,3.020792,120.503352
5.610539,0.250611,15.648773,2.662501,2.662501,128.770825
5.670269,0.395669,17.995285,2.885360,2.885360,125.417363
5.321987,0.276605,12.105842,1.841466,1.841466,123.867388
5.737370,0.480755,17.298561,2.545607,2.545607,136.993143
5.850355,0.313084,13.753994,2.155739,2.155739,115.692902
5.631419,0.275129,11.864294,2.135828,2.135828,116.851003
9.921326,0.525239,31.377402,2.266537,2.266537,163.073491
5.773768,0.230857,13.440887,3.216639,3.216639,126.871195
6.907357,0.265575,15.396794,2.219210,2.219210,129.546191
5.610453,0.240289,13.546332,2.184949,2.184949,129.794914
7.041559,0.298639,20.811148,4.066240,4.066240,141.549991
5.068046,0.232913,11.955099,2.402315,2.402315,116.775826
5.557283,0.249654,12.577294,5.193382,5.193382,138.731260
5.888147,0.247058,14.878941,3.122376,3.122376,124.751424
5.574886,0.215009,13.209738,4.326764,4.326764,131.788937
6.239374,0.265179,16.393886,3.429089,3.429089,123.003392
6.779421,0.232068,18.404400,2.031104,2.031104,127.356636
7.554288,0.288082,19.201882,5.846184,5.846184,139.567918
5.244954,0.243376,14.661753,3.819969,3.819969,123.311035
5.411911,0.230845,13.370383,3.760773,3.760773,122.088781
5.191020,0.275430,14.027677,1.797411,1.797411,115.366716
6.967168,0.417863,19.664385,5.915280,5.915280,134.812732
5.534163,0.315376,13.173312,2.095400,2.095400,123.531169
5.240296,0.325280,15.792697,3.620178,3.620178,127.499583
6.533538,0.261398,12.896128,3.482345,3.482345,113.466827
7.152577,0.411926,22.741740,2.176618,2.176618,126.709141
6.701073,0.326757,19.215310,3.497609,3.497609,129.494056
6.840211,0.302911,17.367416,3.707503,3.707503,125.147535
6.812213,0.250796,16.338896,3.328385,3.328385,123.048543
7.111468,0.387298,22.166967,3.909124,3.909124,124.925220
4.810823,0.248274,14.265345,4.408937,4.408937,110.336618
5.034810,0.230924,12.353885,4.017162,4.017162,563.562199
6.922792,0.947961,25.153415,1.189200,1.189200,129.256180
4.882163,0.302420,12.277344,1.551638,1.551638,107.858312
5.515907,0.361563,15.712872,2.787605,2.787605,128.416347
4.209452,0.260666,12.389440,2.952337,2.952337,98.381760
8.779219,0.452161,24.008582,2.721260,2.721260,119.400624
5.774819,0.287368,14.725337,2.615871,2.615871,114.834571
6.738173,0.314182,15.933846,2.923950,2.923950,105.594076
6.208946,0.279326,15.824002,2.484199,2.484199,105.511208
5.969297,0.175117,16.843929,4.069326,4.069326,120.738601
5.274603,0.216011,15.891769,3.942055,3.942055,111.580088
10.089570,0.382046,20.480763,3.914162,3.914162,127.805972
10.349168,0.381178,35.445746,3.291557,3.291557,135.780700
5.801413,0.178459,20.143347,3.965814,3.965814,118.308899
6.449930,0.226595,17.424043,2.808801,2.808801,123.040293
7.165001,0.291159,20.004358,4.047420,4.047420,121.680975
8.570446,0.349121,24.469906,3.395778,3.395778,121.169201
6.447233,0.268709,20.774626,3.498339,3.498339,119.964261
7.094516,0.262410,17.037968,4.191149,4.191149,120.549852
7.635293,0.298462,22.670147,3.786264,3.786264,119.465021
7.477578,0.275402,23.367734,3.829037,3.829037,127.292201
5.869971,0.238670,18.190986,4.187148,4.187148,125.639272
7.628755,0.271249,22.606139,5.629255,5.629255,129.135655
5.514606,0.242833,18.518443,5.268232,5.268232,128.604743
5.430176,0.213600,17.634378,6.265060,6.265060,126.055437
7.236919,0.306002,25.080380,5.772685,5.772685,125.005668
7.734900,0.350509,24.911958,8.442651,8.442651,135.701595
7.547805,0.264070,24.844261,6.379577,6.379577,127.897516
6.587461,0.277664,23.620382,7.756748,7.756748,137.027983
6.356912,0.272756,24.397899,6.651283,6.651283,131.076889
6.432524,0.248329,22.760445,7.081961,7.081961,132.118765
5.873391,0.238726,24.398162,5.372230,5.372230,129.717614
6.576693,0.248703,25.459983,7.782730,7.782730,137.780744
6.380822,0.224871,21.856481,7.362970,7.362970,158.973519
5.992696,0.274531,26.051094,8.841378,8.841378,171.451843
7.297133,0.485227,27.408930,9.016856,9.016856,155.423854
5.959723,0.262920,23.601947,5.778949,5.778949,143.876874
5.842958,0.367422,22.281106,6.625120,6.625120,145.203484
6.023778,0.373739,20.786606,5.636940,5.636940,163.216442
6.159285,0.583611,22.178794,5.815547,5.815547,161.455441
6.246295,0.433289,24.803530,5.475323,5.475323,160.304187
7.461488,0.389917,23.611461,6.985549,6.985549,162.406388
5.932322,0.265278,22.249923,5.323535,5.323535,151.542042
5.534017,0.226508,20.894856,7.436465,7.436465,152.985399
4.875682,0.221961,18.346907,8.556754,8.556754,156.077728
6.205044,0.350227,20.405430,9.412950,9.412950,155.068586
4.932326,0.180102,17.658036,9.166812,9.166812,165.612997
6.163467,0.212770,25.607034,6.670976,6.670976,158.950928
5.576375,0.269939,19.996968,8.341837,8.341837,148.078267
4.049393,0.149027,14.560280,6.282663,6.282663,138.981532
4.950175,0.173191,14.801744,11.685129,11.685129,158.523293
4.769953,0.197248,12.547284,8.233738,8.233738,141.834662
6.276107,0.208317,14.278470,11.005193,11.005193,144.374740
4.778567,0.161547,14.350141,8.726522,8.726522,133.988635
4.655498,0.193705,13.150265,8.583610,8.583610,131.692386
4.609196,0.173722,12.047540,6.687620,6.687620,135.274033
4.680831,0.206763,14.155864,11.187551,11.187551,147.564579
6.604000,0.328483,18.535697,12.149897,12.149897,153.132982
11.690332,0.405502,35.108283,9.725501,9.725501,162.041343
7.771198,0.334094,21.076615,12.482408,12.482408,143.606654
6.714009,0.249126,29.481677,12.152415,12.152415,143.964352
6.379764,0.327129,25.250835,9.147053,9.147053,152.419228
8.688661,0.473924,30.357533,10.723344,10.723344,162.327722
7.905244,0.294866,31.544176,11.130674,11.130674,156.530168
6.833033,0.190597,22.546867,14.153107,14.153107,143.469222
6.920817,0.239255,27.871483,12.956409,12.956409,158.612243
6.577317,0.237146,24.398651,10.738039,10.738039,163.608160
10.071260,0.391004,32.672772,12.413284,12.413284,189.116143
7.559104,0.239769,27.268958,14.441652,14.441652,157.357007
6.817985,0.161469,26.218094,10.677880,10.677880,153.529772
6.160294,0.182943,27.683489,10.842542,10.842542,156.072374
6.698047,0.179642,26.558248,11.949379,11.949379,163.327201
6.992072,0.205219,27.027628,11.000182,11.000182,157.466358
6.757815,0.176750,28.356195,8.664312,8.664312,167.296357
6.848867,0.259110,25.164682,12.281657,12.281657,161.201198
6.923957,0.180462,25.748291,10.567761,10.567761,157.172306
6.792653,0.250177,24.177360,13.549797,13.549797,159.020101
6.780277,0.189414,26.191353,8.297711,8.297711,166.405003
8.552894,0.272801,31.414256,11.944332,11.944332,192.481380
7.016603,0.232123,26.222144,12.587091,12.587091,172.419357
8.192771,0.315505,24.189192,10.827671,10.827671,157.277466
6.110769,0.240082,21.070423,11.354086,11.354086,152.895406
12.061948,0.541149,45.612382,8.570162,8.570162,209.335504
6.620591,0.284044,27.912082,7.784521,7.784521,167.541880
8.089646,0.213661,26.600181,9.056409,9.056409,176.193938
8.159371,0.232026,30.074423,12.928090,12.928090,194.660452
7.586574,0.223114,25.915066,12.938639,12.938639,192.478264
8.065095,0.256882,29.264760,9.793985,9.793985,179.110470
8.780542,0.219996,27.796140,8.546073,8.546073,170.728234
7.542899,0.237350,33.268628,12.830338,12.830338,185.937128
7.258539,0.238114,23.170332,8.202328,8.202328,168.554090
10.230803,0.414667,32.211858,12.114055,12.114055,212.063633
7.467435,0.304133,24.490072,11.030723,11.030723,169.733276
8.785693,0.283031,35.241261,9.734686,9.734686,189.893918
7.194739,0.256218,31.700501,12.283785,12.283785,175.574979
7.352075,0.286693,30.455644,15.309491,15.309491,196.023486
7.530383,0.214985,32.980754,15.728771,15.728771,193.265949
7.559440,0.257814,35.793972,14.837044,14.837044,203.112526
7.576623,0.208862,37.007675,13.334034,13.334034,192.121301
7.874550,0.243088,34.820797,12.556357,12.556357,194.092902
6.957263,0.262025,36.486466,14.976901,14.976901,206.917876
7.421529,0.238941,32.333131,16.325229,16.325229,197.309318
6.453271,0.209966,28.716092,13.802192,13.802192,180.722879
7.792357,0.320572,31.257365,12.941267,12.941267,172.737177
9.234427,0.273413,31.894839,12.464090,12.464090,177.189311
8.147018,0.220559,31.923019,15.380057,15.380057,195.159561
6.894675,0.203543,35.544656,14.763284,14.763284,182.547347
8.363752,0.216657,30.316440,13.233049,13.233049,172.898341
9.524106,0.233255,31.688886,15.763879,15.763879,177.914684
9.110973,0.202410,35.963441,19.738126,19.738126,201.919059
7.547870,0.244086,32.473933,14.050487,14.050487,192.852960
8.079716,0.189274,32.180730,19.174018,19.174018,195.038114
7.315938,0.170381,31.315929,14.641693,14.641693,174.295383
9.526304,0.233687,33.947419,16.490991,16.490991,193.355235
8.376414,0.239080,30.266390,18.535583,18.535583,203.754908
7.857022,0.213703,29.903151,22.652501,22.652501,203.170321
14.855250,0.404601,45.792618,15.213814,15.213814,202.871704
13.273323,0.330877,36.828446,18.784504,18.784504,207.578002
11.520671,0.237071,35.106514,17.907347,17.907347,203.086181
16.379148,0.440001,46.209682,14.241027,14.241027,203.407151
12.553232,0.155553,34.961820,13.350834,13.350834,189.482314
7.992882,0.132237,31.679538,16.010213,16.010213,179.648309
11.534302,0.280814,30.569516,18.952648,18.952648,190.008015
7.939345,0.135816,28.096896,9.485512,9.485512,165.248828
9.613167,0.144832,32.077016,12.469817,12.469817,189.615124
8.017969,0.138386,30.077592,11.505857,11.505857,167.563255
15.723479,0.324433,41.035634,17.811169,17.811169,207.130328
7.955098,0.141387,30.550168,11.410374,11.410374,175.682222
8.153595,0.144819,32.673836,11.914627,11.914627,171.151278
9.398830,0.167639,30.444152,11.891801,11.891801,171.314809
12.719671,0.333077,36.542944,13.581606,13.581606,202.564266
9.930141,0.180976,30.029389,12.827010,12.827010,187.976036
7.086371,0.207132,31.053801,10.531873,10.531873,170.414672
9.009634,0.252067,38.103912,10.827372,10.827372,184.588866
8.272136,0.196877,29.405402,13.604955,13.604955,197.917394
7.587295,0.197192,30.557530,12.702771,12.702771,205.801825
8.864220,0.191331,29.980584,11.566250,11.566250,175.107558
8.844217,0.237181,32.160322,9.836326,9.836326,184.964163
7.971640,0.184178,26.786697,12.863712,12.863712,173.009375
13.727973,0.330765,38.735617,17.184101,17.184101,194.914466
7.139718,0.195489,28.557424,15.293953,15.293953,185.254852
7.330982,0.158628,26.958683,8.217792,8.217792,177.400032
8.559885,0.180322,32.627571,11.953305,11.953305,195.634242
6.497932,0.183924,25.712821,10.519437,10.519437,180.165172
8.517818,0.226387,30.067241,9.783554,9.783554,188.787915
6.990001,0.176237,23.253932,7.104302,7.104302,168.744154
7.827635,0.192221,20.870921,7.557018,7.557018,171.204184
15.118776,0.528220,44.091375,9.367377,9.367377,217.028245
7.155240,0.184721,20.067258,8.401487,8.401487,170.418100
9.490731,0.242181,29.960824,11.012582,11.012582,188.830424
6.997915,0.151711,20.707247,11.185500,11.185500,192.148069
6.417753,0.175583,23.504450,10.941699,10.941699,197.905832
7.765682,0.206778,25.311448,13.368697,13.368697,189.815926
6.581780,0.180298,20.522490,10.243938,10.243938,173.307278
7.298034,0.198503,24.535346,8.471870,8.471870,176.989490
8.501727,0.279608,28.869522,10.285707,10.285707,191.695273
6.369977,0.184913,21.810526,12.779016,12.779016,191.825167
6.934424,0.221550,23.441182,9.727295,9.727295,184.309279
7.381853,0.217530,22.363203,11.182036,11.182036,169.536563
8.210402,0.238423,23.076237,11.409600,11.409600,183.216318
7.235817,0.221357,23.554448,13.665417,13.665417,192.877642
6.750583,0.181258,21.010541,8.864195,8.864195,171.995471
9.062138,0.253996,26.889121,11.877875,11.877875,191.129671
6.381888,0.184631,18.557917,8.977205,8.977205,177.620984
5.568764,0.187359,22.276737,12.159530,12.159530,171.283889
6.759895,0.213185,19.665226,9.440178,9.440178,180.279879
6.445188,0.220364,20.688872,11.844192,11.844192,173.951750
7.883225,0.260175,24.270333,11.913730,11.913730,184.443956
6.302885,0.251155,19.129748,11.617998,11.617998,164.384066
6.207344,0.224993,30.793256,14.209486,14.209486,194.047089
6.257012,0.373507,27.226823,11.808423,11.808423,178.686523
8.582556,0.522131,33.366361,12.858202,12.858202,175.436838
6.948492,0.312167,34.748382,15.119300,15.119300,177.758756
8.380105,0.263693,31.567515,15.478519,15.478519,180.713905
6.773424,0.286842,30.162069,12.490198,12.490198,168.709960
6.075697,0.223308,26.816022,11.626359,11.626359,171.445517
7.053275,0.276887,34.433218,10.738818,10.738818,170.436041
8.368023,0.268103,33.939945,11.760508,11.760508,168.871366
5.609700,0.192656,26.847589,10.957259,10.957259,188.006832
6.600228,0.277673,26.259292,12.225616,12.225616,160.757101
6.256210,0.256552,26.046256,7.135926,7.135926,165.396176
7.262822,0.409160,24.268227,9.933058,9.933058,159.497011
5.043500,0.254892,19.225924,9.616792,9.616792,148.025563
5.675117,0.287205,21.750304,7.578009,7.578009,159.624975
5.630909,0.301484,20.358148,9.014767,9.014767,146.331666
4.843157,0.325508,19.854152,7.392925,7.392925,139.731210
5.593220,0.296103,21.693354,8.212144,8.212144,156.046139
5.417432,0.207877,20.405528,7.875748,7.875748,145.518137
6.103713,0.212241,21.347717,8.732021,8.732021,147.454149
5.846844,0.179565,20.233803,8.807491,8.807491,150.693216
6.563985,0.170068,19.701091,8.289425,8.289425,149.615396
6.783213,0.189878,21.456420,6.899127,6.899127,145.894420
7.515544,0.203294,22.368739,8.290831,8.290831,156.314130
7.167219,0.140215,21.235843,8.890996,8.890996,151.635053
7.365866,0.159799,22.917947,9.415566,9.415566,152.205522
15.104058,0.390846,44.163976,9.442460,9.442460,188.331418
11.389821,0.235379,42.421827,9.877251,9.877251,189.808892
14.700260,0.315927,30.494593,10.338211,10.338211,184.597324
16.067185,0.350640,48.786263,9.754536,9.754536,214.881773
16.152860,0.356136,48.947743,11.518159,11.518159,207.967187
14.714317,0.285784,32.662725,9.038189,9.038189,178.293258
16.278634,0.359839,41.552480,11.221901,11.221901,196.637094
13.933289,0.193420,36.704286,8.816955,8.816955,187.205713
11.181207,0.165556,27.522057,8.517109,8.517109,169.073579
11.818852,0.162123,30.313846,7.862998,7.862998,183.431406
13.691481,0.180740,40.414724,9.628414,9.628414,185.017909
11.694539,0.147956,28.384792,8.284302,8.284302,169.517869
14.156381,0.158981,29.447543,10.236369,10.236369,187.995721
15.797294,0.232615,48.528363,10.547089,10.547089,216.686742
10.951196,0.230569,28.457085,11.653945,11.653945,172.652180
12.313167,0.149636,31.533796,10.558756,10.558756,202.170054
10.594207,0.143683,27.208919,9.729093,9.729093,187.029556
12.181437,0.129777,38.006731,11.475544,11.475544,194.129459
10.561402,0.125595,27.454988,13.394806,13.394806,197.450189
9.344464,0.126106,24.206960,12.685149,12.685149,181.397137
11.989181,0.176724,24.676271,13.829753,13.829753,192.744101
12.758567,0.226292,33.277353,10.864641,10.864641,194.038790
17.292169,0.440368,36.448518,10.750703,10.750703,213.587004
17.976269,0.340341,38.097470,12.824387,12.824387,213.296337
10.151006,0.220249,28.681560,9.841362,9.841362,190.469221
9.137268,0.167683,25.045046,12.843166,12.843166,199.503870
7.998050,0.186985,24.895501,10.305206,10.305206,203.490106
7.914656,0.240368,23.924579,7.995764,7.995764,188.350525
8.540258,0.199823,24.407442,8.677867,8.677867,178.765417
11.618015,0.269089,28.618381,8.773974,8.773974,191.053066
8.496668,0.187652,23.863261,13.841349,13.841349,218.237519
7.252353,0.182646,21.090610,9.144400,9.144400,168.245415
7.453546,0.152752,21.298529,11.385757,11.385757,195.042169
7.695769,0.191968,20.840084,8.842158,8.842158,169.453016
7.252599,0.154991,21.169524,7.574441,7.574441,170.580646
7.817740,0.189688,27.377038,8.089627,8.089627,185.025304
7.591504,0.164535,25.512915,8.241528,8.241528,172.561451
7.248305,0.133687,23.759888,8.313306,8.313306,185.987580
7.519774,0.214511,19.782384,8.205194,8.205194,164.448915
7.354338,0.160046,19.638807,11.383829,11.383829,157.036988
7.523847,0.177222,21.536249,8.365803,8.365803,164.745602
9.755039,0.294539,20.310463,5.453356,5.453356,160.077759
7.263626,0.153004,21.236542,5.209996,5.209996,165.535622
10.148735,0.199193,21.954052,6.953341,6.953341,172.133067
9.769638,0.230490,28.377068,7.294764,7.294764,175.867502
8.835265,0.212966,26.812799,5.870070,5.870070,175.632822
7.704926,0.198910,20.169096,8.332571,8.332571,168.530730
9.852674,0.304174,22.995505,7.541803,7.541803,164.423269
7.535004,0.267159,21.539559,7.488078,7.488078,161.039849
6.599463,0.284505,16.627891,11.822356,11.822356,155.877942
6.071076,0.251200,16.726857,7.074459,7.074459,167.586657
6.295286,0.254383,16.533629,7.364228,7.364228,157.065500
6.288649,0.222783,17.407059,9.898961,9.898961,168.571340
8.377701,0.330768,20.211807,7.141123,7.141123,159.935244
6.605626,0.219067,16.561360,11.650393,11.650393,162.557017
7.580920,0.265910,22.478606,9.899674,9.899674,188.889067
7.571008,0.239609,18.988723,8.872636,8.872636,162.943067
9.292718,0.189454,23.980746,8.506617,8.506617,173.433396
7.323478,0.165445,17.049486,8.304403,8.304403,154.724078
6.815564,0.160806,16.236339,9.647518,9.647518,165.609981
6.665669,0.215384,17.737356,9.367988,9.367988,166.757602
6.624133,0.234408,20.517407,9.196325,9.196325,162.828279
8.693584,0.319838,19.985486,7.486244,7.486244,171.969873
8.003045,0.238469,22.407110,9.450898,9.450898,163.950758
7.590650,0.153371,18.029144,11.375696,11.375696,152.839506
7.560897,0.172192,17.681631,8.809906,8.809906,177.660575
7.589114,0.218563,21.093638,9.032022,9.032022,168.096008
8.976715,0.171750,21.841509,7.821002,7.821002,162.855868
7.581004,0.206000,25.855397,9.510546,9.510546,165.466449
7.124311,0.243533,27.414395,8.766049,8.766049,211.749417
6.808259,0.241960,28.639790,10.464997,10.464997,198.881745
7.150880,0.313099,31.529820,15.606409,15.606409,206.796149
15.505410,0.555985,57.891080,12.729025,12.729025,234.448588
15.630887,0.668383,43.534235,9.637049,9.637049,219.384828
15.939085,0.581282,42.976182,11.919197,11.919197,215.616203
9.107517,0.221373,28.104541,8.159621,8.159621,165.546043
8.738728,0.201789,39.478521,9.270905,9.270905,195.178012
13.406856,0.177265,26.476329,9.383306,9.383306,190.805771
9.453933,0.156430,29.418324,10.822500,10.822500,165.257577
12.139323,0.198900,34.370791,11.368995,11.368995,175.235827
17.823408,0.299691,43.569102,11.650201,11.650201,206.606659
8.897681,0.144168,28.490638,10.547358,10.547358,176.325450
10.605985,0.162149,41.526920,14.876848,14.876848,199.027601
17.640625,0.463821,46.943237,12.734124,12.734124,205.868618
20.321663,0.219546,52.295738,14.336535,14.336535,217.157476
12.086444,0.101354,26.254153,11.719079,11.719079,175.529715
12.280742,0.105859,46.687486,15.701300,15.701300,211.145317
13.767631,0.154367,40.321584,12.897728,12.897728,192.084911
21.950636,0.229208,45.254547,12.920478,12.920478,229.746095
11.636349,0.149338,27.197377,11.011657,11.011657,195.881027
20.155512,0.373208,40.738759,17.835727,17.835727,208.626011
15.185433,0.156028,34.899717,12.940427,12.940427,195.372933
10.725798,0.124748,24.569987,13.429006,13.429006,180.026961
11.151573,0.138346,23.492498,13.689737,13.689737,175.380146
24.014643,0.384345,44.894770,16.123016,16.123016,217.125282
24.111127,0.231702,41.531844,12.622819,12.622819,229.694444
12.665783,0.123330,27.625278,15.174891,15.174891,191.523204
24.184591,0.178701,36.945995,15.672886,15.672886,215.134450
9.702193,0.129259,27.389948,16.925718,16.925718,197.811816
10.915050,0.122480,25.477763,16.555300,16.555300,194.089521
10.821738,0.180779,26.857437,21.521707,21.521707,195.771750
9.398845,0.127281,21.757129,16.070645,16.070645,182.087959
12.394703,0.192200,25.419839,20.326175,20.326175,201.489039
10.727533,0.082242,28.471757,19.571111,19.571111,200.711918
22.248006,0.143385,38.745262,16.695235,16.695235,225.415412
11.920672,0.083666,32.719529,29.502582,29.502582,222.174975
11.062577,0.087446,30.153407,17.184500,17.184500,193.155408
7.733198,0.110288,28.027184,20.681548,20.681548,202.244356
8.257784,0.130638,30.880420,20.817239,20.817239,216.910548
8.586619,0.135578,33.009961,24.839412,24.839412,216.384494
8.188527,0.172442,30.371750,19.280115,19.280115,220.109860
8.161963,0.196833,31.789164,16.833384,16.833384,203.182173
9.015960,0.156766,31.761174,15.533422,15.533422,221.470728
8.716444,0.146280,33.090713,13.236036,13.236036,214.096679
8.642229,0.151949,33.237126,16.243951,16.243951,241.015776
8.475867,0.170716,34.790409,12.315018,12.315018,226.793029
8.013099,0.146830,31.017742,15.181067,15.181067,228.166879
10.252768,0.236013,34.902148,9.261322,9.261322,225.214990
7.877453,0.196772,31.149171,15.119093,15.119093,231.577101
9.077509,0.261580,37.057063,14.462681,14.462681,235.957651
8.444331,0.278904,32.501621,11.030784,11.030784,233.055649
7.988394,0.246488,29.751814,9.451114,9.451114,221.416673
11.500289,0.394346,31.907731,11.970890,11.970890,239.016539
9.829602,0.250152,29.393417,13.029597,13.029597,234.584859
9.724918,0.386643,40.111887,18.122379,18.122379,266.698756
9.389477,0.239195,25.127632,14.795469,14.795469,231.428052
9.846160,0.355263,42.464613,15.882595,15.882595,256.168567
7.273921,0.261895,38.755656,17.619844,17.619844,238.976561
8.427765,0.240120,37.553441,13.829169,13.829169,234.014830
7.676950,0.334102,33.739086,18.898083,18.898083,238.399014
7.488055,0.278367,35.806044,14.244007,14.244007,230.181290
7.800475,0.374078,31.785414,15.742245,15.742245,221.285403
7.460853,0.401750,27.152319,17.280670,17.280670,204.396607
6.824889,0.282804,24.035153,19.831718,19.831718,211.084773
7.548707,0.391680,23.418721,16.331294,16.331294,203.108203
7.090834,0.304018,22.809187,20.197288,20.197288,206.857505
12.302689,0.429376,35.387240,16.737633,16.737633,211.719582
7.399113,0.245992,26.895471,18.726328,18.726328,205.939149
7.467546,0.246871,31.542926,18.759543,18.759543,210.083101
7.239981,0.254757,34.847809,21.986777,21.986777,208.281849
7.133593,0.233153,36.248681,29.726115,29.726115,227.113792
9.647383,0.292704,37.949919,21.553035,21.553035,217.291863
8.329874,0.337122,36.695575,18.997340,18.997340,223.319441
8.650654,0.301075,36.631023,20.191927,20.191927,208.486014
9.703185,0.260875,38.920862,17.310188,17.310188,237.642640
8.411391,0.201634,37.089611,19.136948,19.136948,203.909522
8.312305,0.156111,34.801334,17.007828,17.007828,219.443404
15.779606,0.414485,43.810382,13.779540,13.779540,219.123379
9.590772,0.335356,34.501081,15.450688,15.450688,218.758163
9.121895,0.264537,34.104145,17.104317,17.104317,201.383266
6.686658,0.231094,32.945529,15.122902,15.122902,205.002476
11.498817,0.372588,39.452117,12.784314,12.784314,208.717435
7.425330,0.266525,26.544023,13.906770,13.906770,194.461849
6.616988,0.218409,24.167985,15.320726,15.320726,204.726981
7.975664,0.187923,25.320549,16.132115,16.132115,206.472857
7.021994,0.206755,25.982412,15.996269,15.996269,196.204198
6.757521,0.177415,24.349122,16.109814,16.109814,191.913700
7.330655,0.214752,29.860313,15.952024,15.952024,206.438462
7.313024,0.237827,22.856069,15.043168,15.043168,198.909793
7.386787,0.201169,26.343514,15.647703,15.647703,197.923621
7.308591,0.280525,25.575221,15.691811,15.691811,193.992909
7.738832,0.231623,24.917589,16.136891,16.136891,207.464675
9.342838,0.272493,29.597855,19.955056,19.955056,206.188202
7.785215,0.232682,30.018236,16.538686,16.538686,199.764072
7.865993,0.249092,33.670554,22.635736,22.635736,205.364428
7.732195,0.192530,34.205095,19.081514,19.081514,199.562037
7.873156,0.214181,36.342988,22.685469,22.685469,247.271871
8.837795,0.256044,41.457085,16.509447,16.509447,210.206031
8.485302,0.228758,40.188541,19.171599,19.171599,227.592041
8.583148,0.228026,35.085987,21.484700,21.484700,212.211167
8.059757,0.224605,37.377860,19.232724,19.232724,218.184882
8.157796,0.193443,38.185930,18.211144,18.211144,211.591816
8.345199,0.217466,34.932840,19.686002,19.686002,215.115948
7.884517,0.246735,33.156222,18.283811,18.283811,201.170491
7.756684,0.250107,31.692425,18.447956,18.447956,201.847872
7.853983,0.317957,35.848575,19.856830,19.856830,208.844225
7.248286,0.264505,34.679247,18.426618,18.426618,204.168651
7.058164,0.277159,32.914039,14.906863,14.906863,195.825990
8.275361,0.327792,32.415521,15.948280,15.948280,198.476610
8.759588,0.393051,30.216841,16.248905,16.248905,203.672097
11.352013,0.457288,35.475849,21.210010,21.210010,229.790197
8.770797,0.324213,32.840370,17.321629,17.321629,201.224290
10.016054,0.462101,31.632390,18.771879,18.771879,205.635993
7.371134,0.302278,28.303021,15.041779,15.041779,195.201830
7.524714,0.342332,29.056100,25.231864,25.231864,214.576389
7.824650,0.310522,30.140671,18.633297,18.633297,203.466500
6.272616,0.238778,28.434009,17.448165,17.448165,207.477008
7.383695,0.243488,30.967376,18.332981,18.332981,203.887111
8.515263,0.248968,34.523779,20.183142,20.183142,225.847186
9.962821,0.222917,37.387751,15.828333,15.828333,215.164605
9.485408,0.178931,38.354213,17.716478,17.716478,230.603130
10.936628,0.325528,37.540639,16.515468,16.515468,229.320091
10.033605,0.166565,36.349881,12.294192,12.294192,234.326741
12.030550,0.174780,34.762482,13.933366,13.933366,243.368593
13.810903,0.159473,32.889336,17.161840,17.161840,264.518327
16.182304,0.252011,38.687269,16.659893,16.659893,248.812759
10.705777,0.177106,31.147972,15.295053,15.295053,235.383028
10.358715,0.153096,34.627826,16.235156,16.235156,267.616950
10.639528,0.166786,40.957003,12.299210,12.299210,237.010838
23.646584,0.284844,43.865998,14.070600,14.070600,257.105056
24.084068,0.438688,53.911457,20.615311,20.615311,282.394410
23.344205,0.149025,41.630026,15.834079,15.834079,275.222342
24.408197,0.257488,57.582125,12.564461,12.564461,292.410999
12.319720,0.140450,37.658129,11.624692,11.624692,243.032271
13.084013,0.168705,35.801618,11.019503,11.019503,236.413094
10.929091,0.135945,39.147860,12.938492,12.938492,242.133996
11.118354,0.141661,37.448931,15.466263,15.466263,266.523413
11.643708,0.169859,39.540029,20.738188,20.738188,268.802385
10.186443,0.174554,37.304631,14.860548,14.860548,262.740117
10.513595,0.168810,36.473557,13.139620,13.139620,241.267356
10.043336,0.152284,47.635510,17.426248,17.426248,264.471642
10.888934,0.195554,37.411986,16.966461,16.966461,260.085316
9.995651,0.149125,35.429938,18.842457,18.842457,238.704145
10.507808,0.162030,37.243762,17.764767,17.764767,287.038994
12.346305,0.243291,37.328409,18.640128,18.640128,265.629199
10.043624,0.229456,31.697519,16.707769,16.707769,238.272225
6.920512,0.183906,29.049496,17.685241,17.685241,223.563177
12.814223,0.415852,34.951243,16.336610,16.336610,242.048170
14.302456,0.452460,29.743595,14.473809,14.473809,238.133450
13.344179,0.408529,29.065743,14.310551,14.310551,214.990857
9.772477,0.208157,22.158810,16.062014,16.062014,205.577646
13.757283,0.308871,44.105886,14.764815,14.764815,233.118667
13.759113,0.232692,36.127283,13.009417,13.009417,227.961377
9.628450,0.146341,20.152685,7.971289,7.971289,183.161094
8.456101,0.133248,18.002755,12.052391,12.052391,179.531374
8.819196,0.131892,21.666100,10.246193,10.246193,176.142727
9.767048,0.150456,21.899246,10.447003,10.447003,197.222766
6.211949,0.108197,14.403491,18.505884,18.505884,169.195794
6.376104,0.087344,13.995436,14.994607,14.994607,156.988394
6.218317,0.068345,17.291154,16.526201,16.526201,183.457672
7.449292,0.115912,18.475673,12.493342,12.493342,173.318066
6.854987,0.091153,17.131037,13.237251,13.237251,162.175196
6.821780,0.052541,15.009282,13.035666,13.035666,161.046644
6.344957,0.074951,14.834418,8.116242,8.116242,142.737288
6.700461,0.060306,13.925472,12.954439,12.954439,84.275989
7.250888,0.064972,14.276115,11.747303,11.747303,143.139683
7.006021,0.052443,15.299054,10.003357,10.003357,140.816240
7.421387,0.061084,14.255467,15.332719,15.332719,159.983143
13.541474,0.165190,39.196200,12.738193,12.738193,201.996268
11.936871,0.057219,30.941145,10.028978,10.028978,163.249726
12.981270,0.037816,31.591379,12.246664,12.246664,159.037737
13.969882,0.029970,20.837278,13.438652,13.438652,150.017484
