1403715906084058112.000000 1.340615749 -1.237063766 -1.046073675 -0.596561193 -0.595392644 -0.363838673 0.396539778
1403715906334057984.000000 1.255731702 -1.189141393 -1.115756869 -0.493114203 -0.670940995 -0.341708601 0.435788721
1403715906584058112.000000 1.134598374 -1.129249454 -1.177245378 -0.401567489 -0.721105397 -0.294534177 0.481664032
1403715906834057984.000000 0.979895830 -1.081838012 -1.182808518 -0.326774925 -0.750385225 -0.215490773 0.532638609
1403715907084058112.000000 0.834210992 -1.049489498 -1.198654175 -0.225941926 -0.779026806 -0.152622819 0.564600468
1403715907334057984.000000 0.702974021 -1.040409327 -1.207286119 -0.104937293 -0.804760873 -0.090458162 0.577204823
1403715908334057984.000000 0.440726370 -1.357485175 -0.909927428 0.253698528 -0.762093723 0.193289101 0.563462198
1403715908834057984.000000 0.532771170 -1.489230990 -0.888683975 0.441132098 -0.665049791 0.330577046 0.503815591
1403715910834057984.000000 1.705614805 -1.021423221 -1.237546206 0.790178239 -0.027487246 0.611289382 0.034467597
1403715913634057984.000000 0.342942268 0.319077730 -1.082944870 -0.478698522 -0.626330793 -0.431015342 0.439070940
1403715915134057984.000000 -1.302145123 -0.079705410 -1.044827223 -0.698972523 -0.510643840 -0.326451212 0.379618347
1403715915384058112.000000 -1.376852274 0.057125248 -1.017422318 -0.665241718 -0.518162608 -0.384889096 0.375261724
1403715915834057984.000000 -1.398202777 0.390638351 -1.118133903 -0.631555557 -0.543602228 -0.418848038 0.360833108
1403715916134057984.000000 -1.409249902 0.653759062 -1.207407355 -0.632703483 -0.541618943 -0.414771825 0.366469145
1403715918784058112.000000 -0.916318059 1.458541751 -1.712799907 -0.786085188 -0.229357958 -0.538243949 0.199395388
1403715919184058112.000000 -0.884904563 1.200895786 -1.714088798 -0.805239916 -0.267615527 -0.511227846 0.136443213
1403715919384058112.000000 -0.838406682 1.138218880 -1.680048466 -0.782215834 -0.287179589 -0.539645731 0.120203122
1403715919634057984.000000 -0.791251123 1.122557163 -1.705301762 -0.779585481 -0.264980137 -0.546018898 0.154581532
1403715920034057984.000000 -0.736898661 1.179009676 -1.855049729 -0.784251213 -0.268251061 -0.538942933 0.150106117
1403715922784058112.000000 -0.424708992 1.914399266 -0.488115549 -0.736972034 -0.323051393 -0.539389908 0.248130098
1403715923034057984.000000 -0.421888173 1.911339283 -0.398783058 -0.735829413 -0.332224339 -0.540321887 0.237138122
1403715923434057984.000000 -0.469199598 1.895160079 -0.242948994 -0.751671791 -0.329868287 -0.517014503 0.242636234
1403715923834057984.000000 -0.504987955 1.868444681 -0.209069669 -0.753360808 -0.307230860 -0.511552334 0.276352853
1403715924234057984.000000 -0.485135019 1.753454089 -0.411053747 -0.732314050 -0.317637086 -0.541655898 0.263498962
1403715924434057984.000000 -0.482030720 1.654748559 -0.528686404 -0.739957750 -0.324683696 -0.532350838 0.252280831
1403715924534057984.000000 -0.482829630 1.600955725 -0.586019814 -0.747995257 -0.327639103 -0.521965802 0.246388972
1403715924634057984.000000 -0.482611090 1.546135306 -0.641667902 -0.754306793 -0.325048655 -0.514536560 0.246204898
1403715925034057984.000000 -0.431488097 1.300266385 -0.851772249 -0.771453977 -0.249326587 -0.541263282 0.223000422
1403715925084058112.000000 -0.419911534 1.263823628 -0.872525036 -0.769543409 -0.237994671 -0.552973151 0.213031277
1403715925184058112.000000 -0.399168104 1.185255527 -0.904850721 -0.768382668 -0.215067610 -0.571447253 0.191786602
1403715925284058112.000000 -0.382476389 1.100643635 -0.924213231 -0.774397850 -0.188807458 -0.578078806 0.174598411
1403715926384058112.000000 -0.317386389 -0.186602056 -1.069698334 0.782291174 -0.137321457 0.605570853 0.049470261
1403715926534057984.000000 -0.353541911 -0.394613564 -1.137827873 0.765172720 -0.175563008 0.611482680 0.098880894
1403715926634057984.000000 -0.392937422 -0.530313969 -1.186188579 0.762339711 -0.202017784 0.601613760 0.126838401
1403715929084058112.000000 -1.552461505 -0.621825039 -1.672018170 0.506195486 -0.705865443 0.299388528 0.394824892
1403715929234057984.000000 -1.624353290 -0.539419472 -1.592316747 0.536605716 -0.697700739 0.292664915 0.373651326
1403715931984058112.000000 -2.032763481 -1.742643952 -1.127602458 0.513449371 -0.645108700 0.344958216 0.448562652
1403715934534057984.000000 -1.985048652 -2.053539038 -0.285706520 -0.408661604 0.550987363 -0.429636836 -0.587214410
1403715934784058112.000000 -1.960206389 -2.045817137 -0.273535043 -0.389215410 0.522770107 -0.460757792 -0.602432668
1403715934934057984.000000 -1.901022315 -1.888280272 -0.257030159 -0.419006616 0.560747206 -0.437807620 -0.564198971
1403715934984058112.000000 -1.875976205 -1.814604878 -0.250880122 0.433128029 -0.581123769 0.423951656 0.543102443
1403715935884058112.000000 -1.498226166 -0.619323790 -0.494630605 0.545360088 -0.731322706 0.242240459 0.330256134
1403715936084058112.000000 -1.501490474 -0.680537641 -0.530721903 0.529134035 -0.711853802 0.270546347 0.374280661
1403715936384058112.000000 -1.537816525 -0.928513408 -0.547603250 0.464455932 -0.632255197 0.361531824 0.503814399
1403715936884058112.000000 -1.502818704 -1.097268105 -0.620665491 0.440438718 -0.627367616 0.380381852 0.517429590
1403715938134057984.000000 -1.155400276 -0.731294334 -1.111500144 0.652192891 -0.570336461 0.381789356 0.321865797
1403715940834057984.000000 -0.138647810 -1.774608731 -0.708802283 0.784940183 -0.500001669 0.316231847 0.184023663
1403715941534057984.000000 0.430929333 -2.538775444 -0.333834082 -0.592121780 0.384665608 -0.606593490 -0.365333319
1403715941684058112.000000 0.502429485 -2.614734888 -0.332152277 -0.568434715 0.375705570 -0.631952465 -0.369274259
1403715941934057984.000000 0.499486715 -2.557097912 -0.367545724 -0.541440070 0.360704571 -0.658622742 -0.378088534
1403715944834057984.000000 -0.142660603 -1.585253596 -1.186562657 0.840766311 -0.328047335 0.411827445 0.126075611
1403715946334057984.000000 0.016529378 -1.597672701 -0.752064526 0.878946841 -0.205518231 0.420494020 0.091648467
1403715946884058112.000000 0.507400513 -1.630456686 -0.541445315 0.757137954 -0.117883958 0.633687794 0.106232479
1403715947034057984.000000 0.604769111 -1.622996449 -0.500920594 0.736912847 -0.111403048 0.657554030 0.110324770
1403715947184058112.000000 0.650672257 -1.596768141 -0.463260680 -0.697763622 0.110131688 -0.698401749 -0.115030989
1403715947434057984.000000 0.571633458 -1.501921773 -0.449768692 0.715024471 -0.127665833 0.678109169 0.112292118
1403715947584058112.000000 0.443866700 -1.417974353 -0.482430607 0.771435797 -0.147010282 0.612282693 0.091568604
1403715948184058112.000000 0.023233429 -1.188754559 -0.793805718 0.895633698 -0.151357397 0.413760424 0.061102659
1403715948334057984.000000 0.074747697 -1.196009994 -0.852817178 0.884375215 -0.147044897 0.438526660 0.062870421
1403715949684058112.000000 0.550841689 -1.292654514 -1.176933289 0.875138044 -0.042996000 0.481651366 0.017223036
1403715950934057984.000000 1.374828815 -0.996327102 -1.087131262 -0.700480342 -0.071432427 -0.707899034 0.055711243
1403715951034057984.000000 1.307148337 -0.972734511 -1.074989319 -0.732030392 -0.071106456 -0.674680233 0.062305927
1403715952734057984.000000 1.351988673 -0.371578038 -0.668022394 -0.661186576 -0.239763707 -0.662376702 0.258075237
1403715952834057984.000000 1.335165262 -0.411344260 -0.636324704 -0.642104208 -0.239403024 -0.677699208 0.266668826
1403715953784058112.000000 0.879340291 -1.093200445 -0.743306279 -0.823173344 -0.400947034 -0.354026109 0.190506592
1403715953984058112.000000 1.008850217 -0.993535399 -0.740332842 -0.774428010 -0.446871668 -0.407981604 0.184710741
1403715954734057984.000000 1.269309878 -0.263776779 -0.813332081 -0.598397553 -0.344596744 -0.631671727 0.352369636
1403715955134057984.000000 0.971284986 -0.384299546 -0.849931359 -0.698506474 -0.393988609 -0.522655904 0.289296687
1403715955434057984.000000 0.698009729 -0.559902847 -0.862095892 -0.774061739 -0.413570255 -0.414127082 0.241426855
1403715955584058112.000000 0.603826225 -0.598536730 -0.858123660 -0.796344519 -0.416927546 -0.369165927 0.236058027
1403715955734057984.000000 0.563765287 -0.577189863 -0.841438949 -0.795761704 -0.434935153 -0.348342240 0.237175792
1403715955884058112.000000 0.580691993 -0.487301826 -0.799847007 -0.746447504 -0.450055301 -0.404447794 0.276926875
1403715956584058112.000000 0.644021213 -0.129499212 -0.603787124 -0.480679005 -0.521696389 -0.514210939 0.482045442
1403715956734057984.000000 0.606108963 -0.209650591 -0.566179395 -0.472088009 -0.536471367 -0.491781741 0.497475713
1403715956884058112.000000 0.561852098 -0.362408847 -0.535690188 -0.499277234 -0.564179361 -0.448239326 0.481150091
1403715957534057984.000000 0.351827741 -1.118022680 -0.626096308 -0.632127106 -0.659138680 -0.265200704 0.309225291
1403715957684058112.000000 0.303763896 -1.140501142 -0.684949398 -0.637182415 -0.669207811 -0.251948357 0.287544191
1403715957834057984.000000 0.252871037 -1.054724693 -0.731246173 -0.617854059 -0.658826292 -0.286945134 0.319165915
1403715958234057984.000000 0.085296325 -0.590872288 -0.800758958 -0.479273140 -0.591430187 -0.414348990 0.498821050
1403715960334057984.000000 -0.278160095 -0.845793903 -0.985008121 -0.214923009 -0.676107645 -0.225205123 0.667809248
1403715960484058112.000000 -0.276580393 -0.866370022 -0.958865345 -0.207872510 -0.659438908 -0.231627598 0.684308469
1403715961134057984.000000 0.123952039 -1.360876560 -0.868798852 -0.291753203 -0.854058266 -0.160759687 0.399525940
1403715961434057984.000000 0.042770635 -1.447546124 -0.781342447 -0.316483885 -0.839963436 -0.133366376 0.420134395
1403715962084058112.000000 -0.511203766 -1.236229420 -0.558645666 -0.137992606 -0.688066959 -0.155990556 0.695117950
1403715962184058112.000000 -0.531476319 -1.235718131 -0.558938861 -0.119461820 -0.669263959 -0.144855574 0.718909979
1403715962284058112.000000 -0.515023410 -1.252702713 -0.569843411 -0.107358396 -0.670285761 -0.124939643 0.723589182
1403715964134057984.000000 0.653426409 -1.296538353 -1.806651473 0.165960565 -0.810836911 0.095652841 0.553038001
1403715965684058112.000000 0.461366653 -1.452776909 -1.378861070 0.183542803 -0.858711839 0.093698114 0.469197959
1403715965984058112.000000 0.258727908 -1.543773770 -1.261239529 0.163283318 -0.751609921 0.130317256 0.625650585
1403715967584058112.000000 0.337399274 -1.865319133 -0.751460433 0.129334807 -0.719476283 0.133673131 0.669147253
1403715969334057984.000000 1.266999483 -1.411217451 -1.115448475 0.252548993 -0.843253314 0.140358686 0.453257471
1403715969534057984.000000 1.362029910 -1.318214178 -1.194922805 0.269463360 -0.871770561 0.103061840 0.395959586
1403715969834057984.000000 1.281544805 -1.395398855 -1.247366071 0.310846269 -0.813876271 0.069316767 0.485978633
1403715970984058112.000000 1.537981868 -1.890510082 -1.235823274 0.226926923 -0.862908304 0.204373717 0.402647316
1403715972134057984.000000 0.985636890 -2.395802498 -0.769388080 0.437199265 -0.621695876 0.357089460 0.542990029
1403715972284058112.000000 1.001503587 -2.427009106 -0.718637645 0.433015227 -0.591405511 0.386945367 0.559473574
1403715974134057984.000000 1.311674356 -0.998164713 -0.659762144 0.466418236 -0.710731447 0.319530308 0.418587327
1403715976284058112.000000 -0.145146176 -1.086032391 -0.737448752 0.490021765 -0.659621716 0.327693522 0.466256201
1403715976684058112.000000 -0.225356713 -1.218290687 -0.706719220 0.514112413 -0.638211250 0.332306236 0.466848314
1403715978334057984.000000 0.457523257 -1.859088182 -0.762264907 0.764571548 -0.260442287 0.525263965 0.267764658
1403715980034057984.000000 1.313745975 -0.803901851 -0.730407894 -0.698905349 -0.352151275 -0.582969844 0.218327835
1403715980234057984.000000 1.187457800 -0.624736249 -0.705351710 -0.659444690 -0.415824831 -0.560896456 0.278599322
1403715980634057984.000000 0.775596142 -0.361744195 -0.675349236 -0.575217128 -0.526476085 -0.474333435 0.408602387
1403715980734057984.000000 0.655031621 -0.325069010 -0.671712756 -0.548576713 -0.554766178 -0.448263407 0.436300457
1403715981034057984.000000 0.296597928 -0.291584641 -0.668838263 -0.459640801 -0.633581161 -0.356837124 0.509874940
1403715981384058112.000000 -0.050794132 -0.388930857 -0.659314156 -0.316765964 -0.707425237 -0.242837638 0.583299935
1403715981684058112.000000 -0.220315218 -0.569144011 -0.633236229 -0.172229841 -0.739299953 -0.133906156 0.637057066
1403715981984058112.000000 -0.220999688 -0.813058197 -0.620869458 -0.032965697 -0.790594757 -0.033714283 0.610521615
1403715982384058112.000000 -0.065933377 -1.169271946 -0.598141670 0.121309236 -0.789667070 0.079641752 0.596126914
1403715982684058112.000000 0.134129643 -1.440278530 -0.584416807 0.236509398 -0.762881935 0.163961679 0.578956783
1403715982834057984.000000 0.261539131 -1.572500944 -0.581270874 0.295774251 -0.742612898 0.209977672 0.562985837
1403715983134057984.000000 0.563338995 -1.801523328 -0.577774882 0.406610161 -0.689333022 0.294787765 0.522099972
1403715983284058112.000000 0.731212974 -1.897410512 -0.577312410 0.457918078 -0.654994309 0.339267552 0.496176362
1403715983434057984.000000 0.906132936 -1.976362824 -0.578247607 0.510327578 -0.612435341 0.381694287 0.467758834
1403715983734057984.000000 1.259311557 -2.063992023 -0.573310316 0.579179943 -0.507527769 0.491271108 0.406963170
1403715983984058112.000000 1.513895273 -2.026336193 -0.567316711 0.629775465 -0.430384457 0.548132896 0.343078017
1403715984284058112.000000 1.722095132 -1.853021979 -0.554452658 0.689792931 -0.354107976 0.577234924 0.256111562
1403715984484058112.000000 1.789441586 -1.688166499 -0.537345588 0.717739880 -0.295129269 0.594225466 0.211292073
1403715984534057984.000000 1.797257662 -1.642684817 -0.533221126 0.726718783 -0.279968143 0.594625890 0.199794203
1403715984584058112.000000 1.801915050 -1.595892429 -0.529717386 0.738213837 -0.264411449 0.591282070 0.188447401
1403715984784058112.000000 1.798800468 -1.397929549 -0.518705010 0.776866972 -0.197198048 0.583273470 0.131843731
1403715984834057984.000000 1.794436574 -1.347252011 -0.516116321 0.781071246 -0.181247368 0.586718500 0.113307290
1403715984884058112.000000 1.788234830 -1.296997070 -0.513414919 0.784593999 -0.164512515 0.590060711 0.095793091
1403715986134057984.000000 1.244152308 -0.192064911 -0.576733768 0.820763528 -0.164125025 0.544704556 0.052029289
1403715986534057984.000000 1.152248502 0.001114417 -0.764157236 0.809801400 -0.146120280 0.562273920 0.081967041
1403715986834057984.000000 1.107955933 0.100987852 -0.922432959 0.838747442 -0.142019972 0.519811988 0.078285456
1403715987284058112.000000 1.162845016 0.176906332 -1.104604125 0.782002866 -0.191624537 0.587494254 0.081254438
1403715987584058112.000000 1.150709987 0.178134054 -1.210271597 0.788512528 -0.194056451 0.571480691 0.118321538
1403715987784058112.000000 1.124120951 0.174975961 -1.270185947 0.796937585 -0.188283160 0.560121059 0.125316545
1403715988134057984.000000 1.096277714 0.168512940 -1.363573790 0.811726093 -0.180123165 0.542570472 0.119472310
1403715988634057984.000000 1.113321543 0.162214756 -1.439939499 0.788735867 -0.183881119 0.577198505 0.104524270
1403715989034057984.000000 1.079132795 0.139894277 -1.466369629 0.803775966 -0.187125072 0.554398596 0.107567362
1403715989184058112.000000 1.063689828 0.117835440 -1.467427135 0.804606318 -0.185988992 0.552581072 0.112564988
1403715989584058112.000000 1.044481039 0.045990817 -1.467880130 0.803283930 -0.186701119 0.553254306 0.117419712
1403715989834057984.000000 1.044869423 -0.004829872 -1.471861839 0.793195665 -0.179759964 0.568088472 0.125708356
1403715990234057984.000000 1.037449121 -0.058344334 -1.510986924 0.796986341 -0.170449406 0.564694166 0.129924268
1403715990634057984.000000 1.031009316 -0.060811635 -1.604832053 0.803618848 -0.165968508 0.556277752 0.131173089
1403715991034057984.000000 1.071905971 -0.010390289 -1.722930312 0.810516953 -0.163986504 0.546795845 0.131092027
1403715991534057984.000000 1.095734596 0.013113435 -1.736643553 0.801021338 -0.166332662 0.560914695 0.126779929
1403715992034057984.000000 1.093070626 0.014645092 -1.741150498 0.800642610 -0.167147771 0.561432898 0.125802621
1403715992534057984.000000 1.090637207 0.017029531 -1.741333485 0.800601542 -0.167323917 0.561476767 0.125633791
1403715993034057984.000000 1.088371873 0.018810876 -1.740674496 0.800656319 -0.167546287 0.561373055 0.125451356
1403715993384058112.000000 1.087964416 0.018944450 -1.740600944 0.800705731 -0.167603225 0.561329305 0.125255972
1403715993734057984.000000 1.088586807 0.018469639 -1.740694761 0.800240517 -0.167587176 0.561936498 0.125526637
1403715993884058112.000000 1.089402318 0.017310210 -1.740656257 0.800643504 -0.167827904 0.561388254 0.125087902
