#Stereo rect[ms], MP culling[ms], MP creation[ms], LBA[ms], KF culling[ms], Total[ms]
5.786120,0.017762,0.137380,0.005457,0.005457,5.950471
7.845414,0.153270,2.575326,0.003296,0.003296,10.579754
7.511127,0.235375,4.168094,0.391702,0.391702,31.263661
8.972714,0.300241,6.115953,0.730876,0.730876,36.976664
5.720202,0.232605,6.975107,0.888147,0.888147,63.007272
10.571880,0.377379,12.651181,0.836521,0.836521,54.270495
8.268612,0.207570,7.626521,1.063647,1.063647,47.415393
4.666758,0.192231,11.269291,0.776485,0.776485,55.134312
4.407658,0.199520,8.875968,1.102937,1.102937,48.616406
6.190888,0.601061,19.957586,62.733963,62.733963,124.345735
3.796578,0.047749,0.515042,0.003616,0.003616,4.364799
4.066612,0.243105,2.325288,0.002999,0.002999,6.639848
2.331363,0.206540,1.492299,0.117439,0.117439,8.945788
2.687560,0.161449,1.825446,0.136878,0.136878,9.035567
2.960055,0.191896,2.350967,0.175745,0.175745,11.114036
7.898426,0.414168,11.815972,0.282192,0.282192,35.576920
3.461044,0.249128,4.224210,0.503032,0.503032,20.286659
4.517137,0.461123,4.437900,0.575152,0.575152,22.214198
8.824907,0.574302,14.226754,0.530321,0.530321,63.028272
8.794491,0.582778,18.279297,52.287806,52.287806,107.819189
6.296113,0.120088,1.115056,0.003430,0.003430,7.536364
5.387950,0.236500,1.734729,0.001464,0.001464,7.362048
3.310721,0.337413,2.537268,0.201799,0.201799,14.014261
4.424685,0.481526,5.698886,0.256990,0.256990,21.908193
3.403856,0.368269,3.561346,0.220331,0.220331,14.638302
1.978265,0.149299,2.892333,0.430367,0.430367,15.432507
3.013521,0.213695,5.139034,0.533835,0.533835,20.269220
2.378423,0.122941,4.004828,0.333064,0.333064,15.524652
1.642370,0.154365,3.243903,0.397034,0.397034,13.590811
2.850648,0.237765,9.052122,29.788964,29.788964,62.578854
3.362143,0.008547,0.096791,0.003430,0.003430,3.472661
4.585711,0.049190,0.404234,0.001646,0.001646,5.042113
7.538580,0.373319,4.742349,0.002970,0.002970,12.662654
3.720171,0.485786,2.508486,0.387615,0.387615,15.436668
3.404722,0.268496,2.578284,0.323490,0.323490,14.523196
4.508157,0.355043,7.113992,0.638373,0.638373,29.862764
2.374614,0.329233,4.040166,0.555509,0.555509,21.504054
1.869953,0.183012,2.685529,0.319024,0.319024,13.357768
2.262774,0.135473,2.605636,0.196226,0.196226,12.192716
4.404479,0.321550,7.963481,0.366916,0.366916,26.853756
3.483704,0.319320,6.255144,35.022328,35.022328,61.607239
3.148182,0.068605,0.734258,0.002690,0.002690,3.955445
2.154798,0.147143,0.700919,0.001791,0.001791,3.005459
4.246461,0.238263,1.836106,0.165510,0.165510,13.836985
2.763737,0.188872,1.941114,0.287460,0.287460,12.733999
4.994914,0.493950,5.600576,0.683690,0.683690,32.089555
3.166207,0.212556,2.781465,0.677295,0.677295,18.948109
3.587013,0.412271,3.580443,0.498960,0.498960,19.925041
6.838945,0.399262,11.088173,0.497154,0.497154,50.774620
4.010496,0.293662,6.006904,0.420971,0.420971,35.489158
5.743744,0.546646,11.149088,58.967674,58.967674,108.330356
4.622330,0.278009,6.479368,0.445006,0.445006,62.119136
6.740606,0.482566,9.095503,0.573828,0.573828,51.680006
5.556951,0.354497,8.085618,0.677444,0.677444,53.982771
5.927945,0.297390,10.354526,1.101189,1.101189,60.636467
5.354417,0.547922,16.111914,0.903943,0.903943,62.738357
4.631371,0.300350,10.783773,1.089890,1.089890,62.150355
6.073627,0.354808,14.354416,1.607161,1.607161,69.138407
5.229757,0.330472,10.030379,1.635093,1.635093,69.406787
6.101250,0.306394,10.904370,0.966379,0.966379,66.869197
7.331764,0.453173,17.099270,1.932205,1.932205,78.101112
7.169159,0.431138,16.493374,1.919551,1.919551,84.100828
5.319323,0.267685,13.176814,3.097931,3.097931,87.881040
5.218969,0.323740,12.528268,2.516870,2.516870,77.201447
5.720287,0.259728,13.222454,1.552010,1.552010,78.505363
5.585277,0.315291,13.806325,2.780026,2.780026,85.779056
3.919665,0.310966,8.671549,1.824499,1.824499,65.558635
2.948585,0.279127,8.401081,0.874677,0.874677,64.471231
3.702451,0.213109,8.979600,0.826007,0.826007,54.596460
3.971409,0.168855,8.037240,0.931628,0.931628,64.282087
4.327946,0.422423,9.064011,1.185487,1.185487,65.112231
5.377995,0.546752,11.684026,0.516330,0.516330,68.082288
5.938636,0.500883,12.483949,0.569475,0.569475,65.856356
2.779445,0.290419,8.115817,0.403973,0.403973,64.972454
4.170080,0.411066,13.278355,0.526498,0.526498,61.559762
3.263955,0.271804,10.108048,0.714304,0.714304,52.879325
2.394904,0.177633,7.602275,0.515123,0.515123,34.548380
2.308201,0.162159,6.779533,0.471767,0.471767,39.568849
2.488045,0.153219,5.665066,0.982148,0.982148,35.758892
1.911852,0.083153,6.202378,1.103261,1.103261,28.872316
2.209251,0.092974,6.939926,0.640231,0.640231,34.271054
2.544939,0.089447,7.339402,0.605036,0.605036,145.208218
1.666500,0.138586,6.153441,0.921157,0.921157,35.545486
1.354712,0.097032,4.130024,0.991584,0.991584,29.715309
1.038843,0.084414,3.109093,0.518524,0.518524,24.589102
0.858697,0.060887,2.241946,0.628796,0.628796,22.019871
1.259487,0.070311,3.854649,0.806917,0.806917,27.568922
1.922067,0.096612,4.357517,1.046123,1.046123,29.158781
1.368496,0.062365,2.867363,0.852528,0.852528,20.626304
1.908353,0.079149,3.017021,0.860906,0.860906,22.404352
2.522914,0.110070,5.526025,1.109059,1.109059,34.487190
1.807602,0.101268,4.535414,0.613300,0.613300,32.214075
2.347379,0.135327,5.043957,0.845556,0.845556,34.048097
3.268329,0.117393,4.285451,1.060127,1.060127,50.074729
1.874297,0.061598,3.743194,0.676865,0.676865,18.604568
2.141838,0.065452,3.604537,0.843203,0.843203,20.426028
2.707463,0.097925,5.668512,1.079163,1.079163,32.464691
2.124463,0.055422,3.404949,1.007538,1.007538,24.634841
2.003854,0.062184,3.801751,0.832911,0.832911,23.632892
1.885212,0.069551,3.323247,0.798311,0.798311,25.365041
2.861368,0.091913,5.934295,0.894280,0.894280,34.732275
2.493705,0.084232,4.087267,1.160304,1.160304,26.863944
2.466353,0.072444,5.143168,1.248651,1.248651,37.047584
2.807778,0.076458,3.939320,0.793078,0.793078,24.789506
2.378197,0.052411,3.186345,0.558975,0.558975,23.210427
3.180037,0.144131,5.931465,1.185005,1.185005,31.181663
3.242495,0.096154,6.871205,0.874396,0.874396,37.790717
2.733808,0.102137,3.778389,0.723535,0.723535,26.458172
2.127552,0.072612,3.558897,0.654482,0.654482,25.310597
3.468265,0.123377,4.639914,0.394117,0.394117,32.166136
3.018485,0.097920,6.353191,1.050944,1.050944,51.921441
2.064838,0.099642,3.897626,0.446180,0.446180,28.994836
2.260575,0.157135,4.252412,0.521515,0.521515,31.699850
3.047782,0.111172,4.040826,0.791535,0.791535,26.747392
2.716434,0.088339,4.168397,0.508753,0.508753,29.652636
2.694436,0.077007,4.388973,1.226747,1.226747,27.530942
2.199290,0.083355,4.422503,0.910315,0.910315,30.586434
3.583809,0.108364,4.833966,0.584282,0.584282,46.943312
3.367865,0.087728,5.078766,0.983256,0.983256,42.217114
2.736069,0.073832,4.773607,0.947434,0.947434,41.542344
2.830230,0.117049,4.678622,1.313557,1.313557,43.492422
2.545158,0.088998,4.819983,1.056599,1.056599,39.733193
2.603678,0.076200,5.092281,1.043356,1.043356,42.878607
2.745876,0.086688,5.945077,0.875823,0.875823,41.648457
2.663749,0.081443,4.782114,1.287109,1.287109,42.206983
3.779616,0.127102,6.403114,1.173817,1.173817,47.521003
3.255918,0.109304,7.475115,0.771978,0.771978,55.011618
5.953656,0.288234,10.640511,0.905668,0.905668,55.654509
7.793431,0.344343,15.186508,1.344712,1.344712,74.669987
5.935785,0.281134,11.649074,0.992910,0.992910,66.140414
4.962903,0.216223,8.656954,1.169055,1.169055,62.599267
5.067668,0.229372,10.157767,1.645536,1.645536,69.236826
4.300131,0.151988,9.551874,2.653451,2.653451,67.029499
5.533074,0.180344,11.586846,1.397350,1.397350,69.644641
6.178339,0.186646,11.447130,2.256310,2.256310,69.413984
5.906872,0.275601,13.403392,1.851687,1.851687,73.230087
5.987141,0.202365,12.337903,1.361665,1.361665,73.564086
6.654174,0.185449,12.942347,1.919641,1.919641,76.864330
6.078234,0.222601,11.517333,2.394406,2.394406,69.872546
9.177080,0.306417,26.388648,1.602582,1.602582,99.359237
10.293014,0.463320,24.619919,1.787898,1.787898,88.059578
10.929236,0.270515,20.533625,2.548339,2.548339,99.319020
5.479359,0.186170,11.187487,2.060737,2.060737,73.487593
10.756203,0.416368,30.670975,1.303758,1.303758,116.630890
8.315235,0.210460,19.940323,3.405248,3.405248,90.366566
5.815717,0.176474,11.692160,2.330394,2.330394,73.061403
5.983223,0.198715,17.710031,2.583899,2.583899,83.552978
10.445670,0.290937,19.801471,2.033470,2.033470,88.084169
4.120769,0.203305,10.359278,2.995466,2.995466,73.945013
3.762964,0.180807,9.514356,1.808090,1.808090,69.725183
3.206567,0.149324,7.662006,2.204767,2.204767,64.315824
3.062615,0.161799,9.577727,2.682732,2.682732,68.857290
2.513209,0.127041,6.400804,2.081298,2.081298,68.291766
2.111665,0.077530,5.831436,2.095172,2.095172,58.933245
2.094258,0.092888,7.407580,1.843666,1.843666,62.945105
2.308434,0.095140,8.671720,1.622655,1.622655,64.998039
2.306023,0.083986,5.801626,2.099028,2.099028,57.031934
1.966359,0.079382,6.663570,2.619515,2.619515,49.681787
1.523822,0.064088,4.633108,2.559503,2.559503,63.617182
2.603719,0.048929,4.933715,1.981466,1.981466,47.910173
2.643755,0.068948,5.790438,2.706728,2.706728,56.712700
2.278385,0.071239,5.969089,2.020011,2.020011,65.217103
2.497193,0.082028,8.059149,2.284635,2.284635,54.531470
2.530970,0.073928,7.195756,2.665648,2.665648,54.641170
2.737699,0.066654,5.540832,3.346561,3.346561,55.073446
2.964869,0.066206,7.275370,2.488719,2.488719,45.406820
2.323857,0.044361,4.941406,3.752171,3.752171,36.225854
2.056951,0.044557,5.235010,1.917849,1.917849,57.874757
2.865648,0.047767,5.561617,2.550545,2.550545,59.383162
2.845591,0.063994,7.321765,1.950906,1.950906,58.494915
2.509739,0.068290,5.350220,2.391785,2.391785,62.562907
2.084192,0.066285,5.677068,2.192295,2.192295,50.000357
3.556066,0.114778,8.793887,3.172047,3.172047,49.209321
2.097036,0.062517,5.557437,2.631422,2.631422,38.675759
2.554037,0.082859,6.235603,2.148669,2.148669,34.444282
2.119794,0.061498,6.860254,3.029412,3.029412,37.690024
2.063184,0.053743,5.787534,3.278519,3.278519,37.770074
2.119162,0.047437,5.828723,4.111605,4.111605,38.033524
2.097107,0.035786,5.484699,2.704544,2.704544,39.726544
3.841428,0.057056,5.933835,4.192047,4.192047,35.781585
3.908258,0.067318,7.171764,2.451407,2.451407,32.233703
3.032012,0.069538,8.371653,3.080280,3.080280,33.943366
4.659399,0.121065,8.617458,2.094928,2.094928,54.231934
4.320244,0.166438,8.404392,1.951133,1.951133,65.439919
4.165030,0.162837,8.403445,4.237761,4.237761,49.557220
4.465057,0.169028,8.867702,3.137435,3.137435,68.641517
4.318756,0.133440,11.098634,2.749049,2.749049,73.077550
6.275798,0.335280,12.227899,3.177912,3.177912,80.035946
5.909459,0.164322,13.013231,3.599677,3.599677,87.272618
5.401365,0.166849,12.054965,3.851745,3.851745,84.261297
5.694684,0.162338,18.128027,4.794152,4.794152,97.103177
9.429104,0.212691,22.590426,4.473651,4.473651,100.288247
6.268115,0.128268,19.570237,3.828592,3.828592,93.109061
5.695152,0.130713,14.015025,4.173889,4.173889,90.758887
5.174055,0.129866,12.313901,3.951277,3.951277,87.510387
6.014843,0.147882,11.128360,2.518939,2.518939,83.625406
5.114000,0.118023,11.966634,3.567464,3.567464,80.364802
4.832948,0.131276,13.514855,3.813947,3.813947,85.261282
4.631783,0.187131,12.953962,3.217392,3.217392,80.389290
4.234556,0.154032,11.172677,2.688202,2.688202,77.214099
4.459061,0.217396,9.754027,3.821595,3.821595,72.994929
5.017869,0.182000,14.673458,3.892746,3.892746,53.152221
5.201087,0.140693,16.011096,3.868329,3.868329,57.600791
3.535572,0.101497,10.819335,3.492583,3.492583,48.062658
5.474799,0.199388,13.032031,7.279808,7.279808,85.317312
3.551627,0.120630,11.437100,3.737584,3.737584,80.577025
4.551790,0.156707,10.261165,2.468461,2.468461,80.524955
3.077612,0.103358,8.524924,5.108453,5.108453,51.307172
2.691521,0.102227,7.225989,3.532311,3.532311,71.356707
2.929244,0.057627,7.325713,4.882471,4.882471,393.148396
2.312650,0.102795,8.097154,3.208177,3.208177,36.929314
3.616464,0.078376,8.043549,2.789055,2.789055,74.271296
3.028520,0.094293,9.288090,3.625753,3.625753,75.591256
2.410325,0.084831,6.856256,4.426445,4.426445,37.970878
2.385769,0.061649,6.715425,6.241570,6.241570,38.658299
2.379186,0.057259,6.724675,3.791984,3.791984,67.795819
4.497422,0.082409,7.644127,4.758739,4.758739,42.581677
2.816498,0.075981,7.145677,3.803964,3.803964,69.592548
2.270084,0.080084,6.883596,5.548204,5.548204,41.815213
2.699320,0.072628,7.056526,3.114352,3.114352,67.078678
2.958030,0.082537,9.270846,5.083414,5.083414,44.351575
2.848528,0.098620,7.856123,4.513583,4.513583,67.857230
2.662223,0.062266,9.553249,3.359481,3.359481,40.276837
4.126056,0.082798,7.515971,3.863160,3.863160,71.572784
3.417127,0.078034,8.325573,3.764245,3.764245,72.222777
3.030083,0.055870,8.961787,2.984218,2.984218,76.639200
3.084515,0.053761,8.034789,3.612498,3.612498,72.798423
3.618751,0.085356,7.713880,4.118810,4.118810,72.856744
3.401041,0.066719,8.879457,3.088101,3.088101,73.617862
3.074471,0.102314,9.114943,2.819131,2.819131,71.520088
3.977198,0.107159,10.383379,4.777434,4.777434,77.796104
3.352741,0.080495,7.640226,2.681364,2.681364,69.048607
3.963833,0.097113,9.400683,4.267638,4.267638,69.341908
3.955823,0.097024,9.536024,3.545686,3.545686,74.685396
3.901558,0.082432,7.571796,3.888652,3.888652,72.460977
3.456603,0.070403,10.388597,3.714727,3.714727,71.170631
4.393926,0.132485,11.971132,1.673300,1.673300,73.908571
3.469518,0.111643,10.051699,5.621422,5.621422,73.915292
3.767360,0.142031,10.071388,4.039896,4.039896,75.616998
4.899627,0.134214,11.360719,4.427136,4.427136,81.477874
4.001120,0.165419,10.835722,3.322856,3.322856,78.218501
3.814043,0.127415,10.766567,4.775554,4.775554,77.017526
4.438000,0.172701,11.993768,2.971230,2.971230,84.635259
4.071823,0.132691,11.810784,4.766406,4.766406,78.968872
3.435759,0.144202,12.175816,4.284775,4.284775,80.896154
3.492587,0.160430,15.205491,4.703023,4.703023,55.289586
3.395249,0.107898,12.354723,4.860464,4.860464,73.034183
4.310747,0.128823,15.729156,3.814028,3.814028,80.399128
3.799109,0.159362,13.980569,4.602103,4.602103,77.529752
3.784464,0.169864,14.734144,5.107333,5.107333,76.632848
3.702823,0.147305,13.077384,3.799219,3.799219,71.438966
4.982043,0.194081,11.263139,4.759205,4.759205,63.883132
3.951055,0.182882,13.339604,4.082457,4.082457,78.424646
3.158565,0.098666,11.180582,5.242892,5.242892,51.485919
3.259341,0.102075,10.587271,4.482076,4.482076,70.507386
3.941349,0.174261,10.433760,4.219984,4.219984,76.355650
2.671201,0.161123,8.688597,5.558511,5.558511,46.609165
2.906805,0.132509,7.958431,5.751679,5.751679,70.618467
3.232869,0.168812,7.897998,3.649642,3.649642,40.067030
2.737745,0.128744,8.511118,3.177673,3.177673,66.765373
1.956650,0.075132,6.753234,2.609831,2.609831,33.690090
2.730032,0.114753,9.497953,3.011876,3.011876,68.781882
2.839916,0.094079,8.420188,3.380908,3.380908,40.642017
3.596761,0.115592,10.525734,3.947448,3.947448,74.418001
3.734024,0.179044,13.088322,2.948195,2.948195,78.641369
4.668272,0.207975,13.278421,3.362491,3.362491,77.451355
5.216759,0.268945,14.803898,3.846024,3.846024,87.233939
5.698548,0.289215,20.621033,3.711114,3.711114,94.822301
5.860286,0.245176,17.964182,4.943612,4.943612,94.826879
6.594130,0.319885,16.804409,4.637966,4.637966,101.195436
6.188590,0.350540,17.596826,4.088419,4.088419,104.169147
5.976223,0.277822,18.516666,2.961170,2.961170,122.593709
5.853513,0.283114,19.913263,4.041257,4.041257,117.363692
8.310313,0.329197,23.620356,4.233039,4.233039,129.590904
7.238688,0.311867,18.457757,4.510404,4.510404,112.943150
8.712787,0.369101,25.087514,3.682512,3.682512,122.399188
7.026179,0.270138,18.129155,3.635932,3.635932,115.091052
6.980615,0.264061,16.208074,2.912183,2.912183,110.885650
6.082686,0.308133,17.012098,3.913367,3.913367,124.275140
4.481435,0.295026,17.869616,4.235723,4.235723,110.769089
4.533613,0.314904,15.282215,3.799158,3.799158,107.955284
6.008349,0.457412,16.909262,4.158841,4.158841,114.021765
6.300335,0.412478,15.922863,1.944714,1.944714,105.554182
5.354785,0.335855,15.193891,3.258959,3.258959,112.680691
5.501026,0.383948,17.207333,4.247906,4.247906,110.778468
8.328432,0.422580,25.218380,3.985657,3.985657,116.329069
5.406168,0.511442,22.847143,5.364865,5.364865,126.552064
6.324693,0.307100,19.953110,4.173094,4.173094,126.992582
10.166493,0.655413,32.407900,5.793584,5.793584,140.394442
5.622457,0.368856,21.495411,4.440723,4.440723,133.722454
6.546290,0.265801,21.585128,5.485047,5.485047,127.185196
7.771740,0.362408,22.010017,4.873549,4.873549,132.557962
11.610039,0.365280,42.684002,5.700021,5.700021,161.345186
6.679461,0.180826,19.192602,4.368446,4.368446,124.913027
7.407931,0.240326,19.759591,4.494038,4.494038,127.814559
7.693511,0.344197,21.392233,4.974995,4.974995,136.357482
7.047646,0.270790,18.825651,5.808072,5.808072,128.702907
5.611967,0.251472,19.199838,4.842518,4.842518,132.488031
5.913995,0.251632,17.601851,4.614803,4.614803,124.667099
4.704211,0.299828,16.177020,5.207283,5.207283,124.503235
4.314559,0.241450,15.506483,4.401070,4.401070,118.262844
3.553710,0.230446,11.907164,3.896072,3.896072,121.072637
5.163622,0.421725,17.144339,4.426312,4.426312,126.056254
6.421200,0.318010,20.169232,3.621901,3.621901,130.680778
2.597344,0.139717,9.579331,5.701348,5.701348,106.749808
6.193489,0.313551,16.719590,5.823238,5.823238,119.190891
4.381922,0.210106,16.374058,5.403551,5.403551,117.370806
5.201565,0.182221,17.590967,5.078177,5.078177,129.333416
7.293734,0.302004,18.848678,8.852709,8.852709,137.326218
11.193342,0.458814,32.388624,4.697367,4.697367,150.654241
7.036069,0.276611,19.996440,4.924549,4.924549,130.911666
4.169976,0.301164,14.316429,4.735373,4.735373,67.648436
3.668035,0.247168,10.486485,6.163279,6.163279,68.289293
3.729166,0.202226,8.631846,4.498170,4.498170,67.963316
2.462290,0.105626,8.806613,7.008648,7.008648,109.213502
5.238925,0.269544,17.202440,3.556381,3.556381,125.432104
2.000540,0.140894,6.683312,4.358548,4.358548,51.013120
1.841611,0.208803,7.242836,7.255214,7.255214,49.932064
2.532102,0.148613,8.267185,4.274441,4.274441,48.111878
3.309483,0.098166,10.950078,5.903277,5.903277,102.257824
8.763612,0.273981,33.260104,6.857669,6.857669,139.773960
5.830465,0.159696,19.416404,8.141510,8.141510,123.593796
11.008382,0.498431,37.194104,8.020552,8.020552,149.990300
13.211870,0.459060,36.774767,7.307897,7.307897,148.046934
10.503782,0.341050,31.819523,7.164843,7.164843,143.589647
5.461897,0.290275,19.203156,8.689299,8.689299,129.416406
4.404531,0.243338,17.999941,6.459480,6.459480,115.294552
10.680749,0.541896,28.765110,8.884475,8.884475,132.867075
7.587947,0.274334,25.994989,6.957757,6.957757,128.913924
6.453538,0.167575,19.148509,9.016551,9.016551,130.983767
6.682122,0.191044,24.464830,8.276920,8.276920,131.534768
6.264974,0.228165,23.144464,7.276501,7.276501,130.841483
6.691719,0.307629,23.247289,8.374905,8.374905,128.541233
8.979429,0.341822,28.934321,6.887247,6.887247,137.669286
7.874052,0.285150,25.786271,7.603682,7.603682,129.340789
7.371033,0.285412,25.023226,9.881602,9.881602,137.225513
6.983898,0.251510,27.316196,10.367574,10.367574,131.927043
6.858274,0.271922,26.007528,8.966417,8.966417,130.876496
8.153483,0.311080,24.815950,7.252892,7.252892,130.745382
7.221216,0.312864,24.420925,8.346990,8.346990,132.443225
6.836659,0.271845,20.934855,8.185932,8.185932,136.708286
7.557041,0.289510,21.686358,5.431905,5.431905,127.389529
6.829443,0.290889,25.098572,6.192291,6.192291,123.861387
6.859470,0.390635,26.298211,5.995467,5.995467,129.825681
5.390246,0.298000,18.492433,7.401121,7.401121,128.804864
5.614039,0.412655,16.839403,5.698855,5.698855,130.758270
5.856597,0.530064,19.422745,4.533544,4.533544,125.971419
9.278541,0.531346,37.823395,6.877443,6.877443,151.084906
6.477405,0.283917,18.122315,8.122305,8.122305,124.505210
7.920427,0.305090,22.502922,6.731559,6.731559,129.389955
8.064421,0.276188,21.915213,9.551698,9.551698,136.544511
6.784064,0.286379,23.447199,7.820576,7.820576,134.210388
6.294102,0.299156,22.449515,6.337808,6.337808,134.184038
5.345729,0.369881,16.919516,6.758763,6.758763,128.516546
4.380670,0.376921,13.930262,5.017789,5.017789,121.914026
4.163779,0.329644,10.592830,4.196222,4.196222,71.527166
3.300115,0.291434,11.779289,6.359363,6.359363,123.591053
2.486030,0.239404,6.835129,4.687382,4.687382,108.073936
3.953113,0.363593,16.671427,4.248393,4.248393,133.489249
2.222285,0.122461,7.908704,5.295788,5.295788,58.825576
3.596556,0.288427,11.010070,7.219397,7.219397,113.823656
5.414020,0.179336,15.953124,6.555126,6.555126,72.630292
11.202971,0.491700,42.016656,6.350660,6.350660,173.847223
7.977332,0.296434,27.080920,9.041248,9.041248,144.168555
7.716751,0.225026,23.120972,8.174940,8.174940,137.432287
10.996361,0.461107,33.199725,6.652990,6.652990,157.815715
7.376553,0.335650,21.065288,7.004182,7.004182,138.377100
6.642349,0.292910,20.839888,7.167171,7.167171,145.539596
5.070569,0.307266,17.106084,7.039194,7.039194,133.552371
5.068974,0.374409,18.242678,6.771665,6.771665,128.689232
8.995533,0.284690,17.363810,11.847867,11.847867,132.699878
6.120919,0.224289,18.560572,7.186789,7.186789,173.230378
8.936009,0.419477,27.863175,9.101280,9.101280,143.752206
6.462640,0.231265,22.695573,7.059770,7.059770,130.832922
6.178808,0.338539,19.560789,6.627669,6.627669,139.277734
8.426442,0.443569,21.409112,6.423529,6.423529,139.225272
6.601528,0.369586,21.259407,8.775204,8.775204,138.978965
5.312765,0.293694,17.711169,6.129638,6.129638,136.595378
4.467872,0.335147,15.111812,9.120757,9.120757,132.396193
4.436942,0.314425,13.411213,6.606045,6.606045,124.232045
4.384660,0.261862,12.126657,6.644770,6.644770,115.894030
5.078568,0.233203,15.674213,7.302939,7.302939,117.889100
7.652826,0.306603,28.526256,6.739690,6.739690,137.103338
6.751168,0.286059,25.824588,8.265586,8.265586,137.395072
6.781500,0.344228,21.930215,10.003644,10.003644,134.272312
6.248988,0.332287,23.682995,7.945318,7.945318,130.460830
6.624530,0.509501,24.515356,5.992799,5.992799,134.000735
4.253646,0.320599,13.011815,5.732624,5.732624,79.792326
4.358868,0.330621,16.104541,5.819236,5.819236,133.090588
4.879313,0.366891,15.273080,5.266628,5.266628,115.442351
3.509566,0.252148,13.836692,5.420936,5.420936,113.556223
2.637379,0.286179,10.761105,7.090121,7.090121,113.398940
3.158396,0.211413,11.843342,7.185755,7.185755,130.497480
3.312791,0.139542,12.513776,6.233667,6.233667,113.587915
3.251830,0.148550,12.893317,7.486697,7.486697,112.779268
4.309400,0.229142,14.051440,5.543024,5.543024,111.395101
6.541008,0.115986,21.426688,8.183274,8.183274,122.723622
7.958122,0.197681,32.614128,7.166884,7.166884,136.792033
6.759935,0.169051,25.996672,5.279888,5.279888,126.089455
8.485473,0.342289,24.676148,6.785571,6.785571,129.032599
5.047043,0.269591,21.053485,6.607157,6.607157,128.092453
5.326867,0.348105,20.895784,5.439597,5.439597,138.248056
4.611903,0.287783,24.201289,7.250196,7.250196,139.207106
4.317602,0.351611,15.966336,5.693231,5.693231,122.653657
3.917757,0.295842,12.835576,4.948405,4.948405,116.572787
2.443882,0.185183,9.570173,5.624625,5.624625,74.374376
4.702704,0.125103,18.513783,7.928698,7.928698,118.448435
8.536420,0.265255,36.941146,8.103399,8.103399,146.244990
6.303592,0.273932,19.933093,7.188281,7.188281,128.220099
6.343135,0.361480,19.540153,9.635179,9.635179,140.660235
6.914771,0.311233,20.834968,6.445013,6.445013,135.872768
4.439729,0.340003,17.979969,7.996047,7.996047,126.983039
4.083320,0.274473,16.681768,6.562107,6.562107,125.755608
1.705081,0.328792,6.025182,7.378295,7.378295,68.403068
1.721031,0.209701,7.272701,6.179123,6.179123,59.019362
1.463681,0.078692,6.043820,4.527061,4.527061,54.220118
1.751418,0.061391,7.405249,6.126035,6.126035,49.912815
1.750493,0.071233,6.555885,7.466287,7.466287,47.431426
1.702401,0.069751,7.208916,5.832398,5.832398,60.230732
1.926571,0.096009,7.560343,4.601451,4.601451,52.135143
4.227488,0.172868,18.073433,8.097451,8.097451,70.065304
3.907540,0.143684,16.948832,6.098319,6.098319,74.219378
4.144760,0.171809,16.039157,8.899873,8.899873,110.290228
6.813221,0.217665,21.779254,7.751609,7.751609,129.315198
6.340671,0.228807,22.298746,8.577294,8.577294,130.502385
6.091296,0.291847,21.430252,6.912113,6.912113,123.160685
4.770163,0.293748,17.452582,8.939466,8.939466,72.023312
3.760262,0.248703,15.626640,5.276296,5.276296,60.064026
2.793456,0.187656,12.488195,6.368901,6.368901,56.372660
2.954713,0.251207,12.732674,5.228695,5.228695,65.444628
2.490771,0.116950,11.553106,5.241571,5.241571,72.864361
3.041836,0.068861,11.301205,6.649647,6.649647,56.022332
2.788357,0.078558,12.630148,6.492324,6.492324,99.785517
3.385760,0.135744,9.682995,5.415575,5.415575,56.605594
3.111239,0.168724,13.629960,4.536851,4.536851,58.675619
4.639174,0.296950,14.190518,3.820493,3.820493,112.650362
3.214785,0.228647,12.942058,6.847355,6.847355,103.303409
3.383506,0.212676,12.042894,4.703400,4.703400,51.542539
2.751540,0.130826,10.044028,6.850195,6.850195,44.888632
3.310939,0.181796,15.752256,8.416204,8.416204,106.539058
2.839974,0.113129,9.978839,7.137393,7.137393,87.786227
3.128169,0.108505,11.666020,10.246430,10.246430,97.253266
2.822911,0.115831,12.255352,10.003027,10.003027,94.243688
3.108810,0.087276,14.136950,9.748110,9.748110,96.333200
6.112850,0.137963,16.274126,7.404829,7.404829,104.504007
8.315624,0.349343,32.024894,7.316580,7.316580,133.673231
3.640836,0.233258,17.227203,5.782861,5.782861,67.981306
4.603441,0.333953,13.803722,9.319424,9.319424,102.597420
3.373800,0.196164,13.275736,9.051181,9.051181,101.068813
3.282582,0.184819,12.510934,6.381632,6.381632,94.804309
3.102708,0.130742,10.989351,5.171743,5.171743,84.918118
3.254309,0.146310,11.070033,5.313911,5.313911,79.796182
3.623727,0.131737,10.776163,4.793435,4.793435,78.738952
3.425366,0.126275,14.335177,5.248752,5.248752,85.474800
4.004445,0.219045,11.990075,4.182240,4.182240,82.299657
3.918736,0.167983,13.244600,5.635340,5.635340,87.392162
3.374763,0.140276,12.232909,8.857767,8.857767,94.249687
2.945978,0.130879,11.792744,7.751624,7.751624,88.548125
3.158764,0.110896,11.696464,6.886822,6.886822,88.028819
5.203066,0.167494,16.803484,9.319477,9.319477,101.070281
6.541254,0.176992,25.222004,6.567397,6.567397,110.956064
7.323750,0.356006,24.331720,8.120975,8.120975,109.325517
6.676856,0.415065,24.568550,6.305073,6.305073,81.120296
4.779959,0.247842,21.359864,6.398383,6.398383,108.457850
4.205881,0.195143,16.443753,8.603529,8.603529,98.581494
5.781755,0.208079,20.123906,4.802020,4.802020,104.509617
4.120004,0.195191,17.298029,7.111184,7.111184,100.634788
3.892896,0.195070,16.578464,7.852108,7.852108,100.204363
3.578173,0.200187,17.381718,6.223027,6.223027,101.212751
3.929007,0.205861,11.693520,4.342226,4.342226,89.623278
5.338167,0.221022,22.161794,6.243769,6.243769,120.217563
6.036022,0.314228,17.377362,5.914725,5.914725,110.925927
5.173459,0.425216,17.864176,7.154624,7.154624,113.899990
4.492174,0.235151,17.325474,7.209520,7.209520,108.936575
6.172342,0.218386,18.561870,5.120527,5.120527,122.038386
4.250953,0.194365,12.652604,9.384618,9.384618,105.596963
6.815944,0.183382,14.963703,5.768583,5.768583,108.573404
4.806777,0.155971,16.933021,5.566993,5.566993,113.539061
6.983080,0.305750,18.696762,6.630944,6.630944,111.596579
10.028355,0.706309,40.455759,9.789941,9.789941,150.043268
6.773822,0.209363,23.291885,6.824371,6.824371,131.660626
6.796580,0.324901,22.217196,7.528076,7.528076,123.016340
4.694809,0.340044,14.676047,5.803632,5.803632,108.158646
6.533430,0.441965,19.729206,5.000430,5.000430,127.792599
3.844770,0.247552,12.458282,6.178730,6.178730,100.827418
3.814440,0.231201,11.491804,7.245676,7.245676,98.582036
4.635324,0.150696,10.468896,8.070861,8.070861,100.498129
3.673191,0.173004,11.030068,8.662361,8.662361,104.332140
3.634630,0.174877,11.372901,6.321086,6.321086,103.076330
3.075811,0.157785,9.578259,7.895578,7.895578,95.268997
3.319659,0.188769,8.216073,4.785139,4.785139,95.612708
4.730640,0.181473,12.588314,4.584634,4.584634,106.135098
10.162810,0.533269,17.066188,4.862941,4.862941,123.037978
6.006821,0.353253,18.481851,5.553557,5.553557,121.217448
6.167509,0.420839,23.191277,5.533626,5.533626,126.378097
9.810754,0.538465,24.818259,4.836116,4.836116,127.860768
6.029641,0.288693,13.791419,6.154848,6.154848,121.851416
4.152136,0.285244,12.289746,5.228515,5.228515,113.508884
3.668790,0.290894,11.058296,8.719012,8.719012,98.261354
3.913458,0.140950,11.240371,6.246970,6.246970,101.093522
3.760406,0.135786,10.792185,7.987057,7.987057,97.765627
4.322076,0.149491,14.944004,6.124654,6.124654,109.588042
4.183849,0.133834,11.605984,6.433971,6.433971,102.174541
6.434706,0.279213,18.268125,5.598870,5.598870,117.464910
5.892585,0.285387,17.056397,3.842594,3.842594,112.934794
6.651956,0.534997,20.698040,4.490442,4.490442,129.936828
4.403133,0.265570,14.323664,5.376332,5.376332,123.751657
3.976170,0.369697,9.791933,4.469441,4.469441,105.238291
2.459285,0.173726,8.055874,4.631613,4.631613,91.855613
2.575982,0.128872,6.191716,3.383816,3.383816,53.237711
2.224508,0.113086,6.114418,5.109696,5.109696,94.508849
1.943271,0.154658,5.695689,2.487456,2.487456,87.373409
1.884387,0.139457,5.599705,3.421068,3.421068,86.160606
1.940203,0.097210,5.348490,4.769245,4.769245,43.722623
1.981722,0.079263,6.153889,3.000438,3.000438,87.076201
2.599232,0.093361,7.418914,3.394418,3.394418,51.987544
2.460015,0.147144,7.728790,4.521996,4.521996,83.665660
6.164412,0.332150,19.230240,5.611361,5.611361,110.296401
3.582069,0.144078,9.696098,4.149904,4.149904,91.142675
4.300505,0.245798,12.248686,3.567886,3.567886,106.374459
5.281157,0.307398,13.882746,3.506402,3.506402,105.137101
5.707061,0.373774,13.428971,3.943091,3.943091,116.807169
5.967116,0.337011,13.953416,2.655079,2.655079,106.754002
8.207786,0.355957,18.430645,3.413255,3.413255,122.742020
5.466343,0.288318,15.915004,6.616296,6.616296,126.720624
5.743004,0.413445,14.630503,3.390859,3.390859,121.413503
5.307297,0.257606,14.738298,4.907130,4.907130,122.238751
8.099343,0.502965,16.332528,2.491839,2.491839,126.867275
8.535150,0.512569,15.919448,7.456640,7.456640,123.655827
5.482418,0.229077,12.710601,4.604886,4.604886,113.399917
6.833052,0.321045,18.052300,4.921576,4.921576,129.066284
5.282826,0.394482,16.983855,5.281031,5.281031,131.827373
6.288994,0.335361,14.093565,5.161467,5.161467,132.940409
7.620865,0.336205,19.547442,3.501269,3.501269,127.671623
6.968101,0.286958,14.923240,4.967651,4.967651,123.577271
4.877009,0.287702,17.661552,5.896939,5.896939,132.591253
4.910877,0.261967,14.116149,4.489511,4.489511,128.722416
6.755296,0.315232,27.246821,12.252405,12.252405,151.168882
4.653408,0.220360,20.189037,8.281594,8.281594,136.156879
5.546760,0.390002,18.935355,7.430628,7.430628,136.694888
7.398075,0.272535,23.778998,12.477324,12.477324,149.504426
7.755107,0.233636,24.045344,11.899238,11.899238,151.865906
6.294851,0.276984,23.181496,5.569381,5.569381,138.461819
6.370191,0.246150,25.952883,9.006760,9.006760,141.051468
5.298535,0.215523,18.220565,9.874927,9.874927,141.958921
7.290776,0.328928,20.976114,9.365306,9.365306,134.730062
5.350757,0.255756,16.782471,8.165995,8.165995,134.844259
3.460710,0.268370,15.658085,9.909955,9.909955,159.100465
4.755831,0.180461,17.838740,7.383706,7.383706,129.110886
5.396315,0.157241,22.349836,9.988739,9.988739,135.239070
10.904376,0.347419,37.227448,9.178264,9.178264,167.678153
7.272483,0.237665,30.425037,11.615988,11.615988,155.344647
6.024928,0.217443,18.047317,9.126444,9.126444,135.651561
5.477195,0.255746,17.589164,9.335570,9.335570,135.628126
5.663845,0.162331,18.069494,11.680767,11.680767,136.097261
4.649223,0.189560,17.140817,11.034245,11.034245,98.908855
7.887321,0.279203,28.272478,12.646411,12.646411,151.064437
7.146734,0.270556,24.186355,10.808977,10.808977,164.080383
13.954238,0.483030,41.652644,10.117151,10.117151,188.119162
7.746730,0.339471,23.546511,11.587229,11.587229,151.102483
7.764258,0.270395,27.041130,11.035447,11.035447,161.747967
7.329904,0.326925,21.608478,12.106502,12.106502,157.688010
4.778649,0.237177,16.886581,9.728452,9.728452,139.097131
4.799343,0.300676,16.470882,9.843152,9.843152,136.661691
7.754139,0.194425,21.580409,12.667002,12.667002,152.248097
6.835773,0.243652,25.101940,9.484693,9.484693,165.588083
6.647000,0.320607,25.933717,11.082771,11.082771,155.887043
6.078171,0.320044,25.923818,7.837903,7.837903,155.031620
7.288886,0.337157,27.454018,11.487849,11.487849,163.642679
8.611005,0.470473,24.055093,11.006685,11.006685,149.716949
5.679433,0.251475,21.452860,14.045071,14.045071,150.971254
6.039258,0.301623,24.972920,9.362666,9.362666,162.197774
6.824524,0.572034,23.884066,10.307639,10.307639,147.433634
5.178272,0.205280,19.346731,11.503393,11.503393,145.122150
8.122844,0.522293,25.644745,10.839627,10.839627,157.725134
6.590051,0.203883,21.672259,10.320083,10.320083,151.887921
5.399150,0.260529,22.014482,12.095249,12.095249,168.910576
8.111654,0.322444,30.632169,11.244178,11.244178,166.128262
13.320368,0.455157,42.371833,14.488666,14.488666,190.291526
7.627283,0.306536,27.723795,8.533526,8.533526,162.138460
10.215268,0.348984,33.547652,13.685259,13.685259,175.411856
8.436711,0.264817,30.447927,11.798536,11.798536,171.108146
8.547050,0.249852,33.933051,9.745476,9.745476,170.951335
10.414311,0.359135,32.951136,14.125648,14.125648,185.850079
14.634573,0.307388,36.352235,11.135366,11.135366,187.484758
8.881894,0.272222,33.522105,13.182573,13.182573,189.645699
8.303268,0.224150,29.857726,11.064743,11.064743,168.202434
8.983614,0.251050,37.149026,15.301678,15.301678,191.375778
8.683320,0.435865,32.584993,17.262682,17.262682,194.466322
7.914636,0.239632,30.249709,18.019906,18.019906,194.913951
8.924902,0.219571,37.559089,12.893686,12.893686,196.217928
7.857524,0.237178,28.111618,12.798637,12.798637,175.373801
11.152201,0.265165,39.735992,16.500747,16.500747,206.347275
11.966145,0.315239,28.890935,12.262514,12.262514,190.400761
7.735384,0.242711,25.713148,12.515766,12.515766,196.196685
9.832923,0.407814,27.946041,18.021789,18.021789,204.756637
8.105770,0.237841,22.976700,12.902747,12.902747,176.021119
8.544944,0.248819,23.242547,15.557381,15.557381,192.937340
6.584615,0.248501,26.851448,12.772610,12.772610,193.632597
5.895938,0.253484,19.261104,17.266083,17.266083,199.808766
3.881991,0.281993,15.511585,11.969486,11.969486,167.021118
4.829640,0.308068,21.686784,12.386979,12.386979,181.510281
4.738492,0.324902,20.630005,8.402420,8.402420,113.667049
3.448342,0.203772,17.762802,7.191108,7.191108,168.948249
3.661515,0.380259,16.410775,7.422494,7.422494,159.468516
2.006078,0.203331,8.745463,6.231167,6.231167,82.416628
1.952108,0.178023,8.220789,5.887265,5.887265,74.711267
2.308599,0.121314,9.608628,5.772328,5.772328,67.179981
1.097449,0.084271,4.788583,7.532425,7.532425,56.757100
1.279039,0.062254,5.260983,6.290607,6.290607,60.125059
1.964830,0.060827,9.118273,5.137132,5.137132,72.850051
1.812623,0.068803,10.160897,5.391853,5.391853,59.747848
2.869583,0.118602,14.400568,6.705773,6.705773,60.958850
2.373849,0.130982,15.496730,6.093054,6.093054,66.232103
2.010694,0.114457,12.410161,7.778890,7.778890,57.474802
1.875952,0.145622,7.942000,5.739388,5.739388,55.789895
3.545110,0.147679,15.977629,5.675338,5.675338,57.118175
3.720038,0.138570,12.020300,8.357647,8.357647,141.846924
2.565173,0.146150,12.607895,7.179496,7.179496,58.092051
3.683383,0.199146,15.916020,8.000854,8.000854,146.619390
3.744455,0.133648,15.115288,7.358926,7.358926,70.399430
4.662102,0.170342,19.019019,10.294640,10.294640,164.261295
3.716413,0.172955,15.063193,9.200771,9.200771,164.033853
4.294838,0.214641,15.338444,6.334763,6.334763,165.037381
3.560571,0.316603,11.535855,6.295798,6.295798,158.847975
3.423267,0.158014,13.965678,8.479881,8.479881,152.678634
3.131669,0.135494,11.473794,10.345746,10.345746,162.446401
3.961163,0.286229,11.137672,8.684597,8.684597,153.370570
2.514462,0.122846,8.613541,4.544187,4.544187,54.900984
4.016114,0.167409,12.454810,8.640169,8.640169,164.460177
3.356363,0.193037,13.098302,21.740552,21.740552,168.720098
4.122652,0.185681,17.945228,12.229037,12.229037,154.557748
3.733639,0.146578,20.668685,13.618040,13.618040,151.822204
3.693491,0.208596,15.088447,11.268799,11.268799,142.883399
3.768118,0.191702,14.044104,8.811880,8.811880,134.147146
4.589192,0.169276,14.475937,8.682052,8.682052,139.449076
4.726798,0.163700,19.191644,9.712127,9.712127,143.459170
5.135765,0.227285,24.485470,11.445029,11.445029,142.991766
6.539056,0.236082,23.210101,9.708094,9.708094,151.549330
5.625835,0.354551,21.011596,10.527339,10.527339,141.865077
5.352648,0.353492,21.585401,10.810905,10.810905,139.922000
2.735663,0.333804,11.727815,5.543593,5.543593,66.749942
2.291623,0.348355,8.726045,5.479451,5.479451,60.312785
1.722248,0.142606,8.600329,5.343287,5.343287,58.899276
1.846169,0.123796,7.077924,4.653660,4.653660,58.960024
1.594662,0.142837,9.082547,5.896379,5.896379,50.202296
1.744044,0.085195,8.627866,5.621115,5.621115,47.485089
2.308159,0.134061,7.713774,5.708579,5.708579,43.858503
1.989140,0.073483,7.263540,6.034689,6.034689,48.500895
1.355249,0.061277,5.338114,4.337263,4.337263,41.205467
1.661468,0.071391,6.108039,4.339386,4.339386,43.041136
1.324185,0.047289,5.837948,3.494738,3.494738,43.740862
1.311280,0.048984,5.580299,3.159697,3.159697,34.058052
1.262803,0.084607,3.866706,3.399705,3.399705,32.075552
1.069240,0.041810,3.321460,2.788013,2.788013,29.309948
1.813588,0.093101,6.926524,4.376953,4.376953,48.708405
1.694075,0.070103,5.803644,4.016403,4.016403,34.315297
1.355894,0.044650,6.446440,3.483681,3.483681,38.002009
1.197223,0.061439,4.673039,3.798700,3.798700,27.208718
0.961215,0.082967,4.125795,3.238644,3.238644,21.550998
1.263971,0.084705,4.055291,3.276933,3.276933,22.450896
1.581677,0.088783,8.876933,3.967382,3.967382,29.313155
1.070933,0.052004,3.821325,3.753124,3.753124,21.486522
1.794732,0.093753,7.315800,4.339030,4.339030,30.497104
2.366461,0.062919,8.332700,4.277445,4.277445,32.069875
2.098249,0.064793,7.472543,4.844199,4.844199,31.967770
2.096084,0.087697,7.210788,4.575272,4.575272,31.095667
2.237826,0.084568,8.723198,3.934770,3.934770,36.417319
2.265791,0.079484,6.223507,4.063736,4.063736,28.191753
2.465747,0.158470,10.659183,4.987480,4.987480,36.980567
2.107587,0.048201,8.100402,4.776079,4.776079,33.380336
3.379758,0.099573,9.650385,7.039776,7.039776,37.829802
3.400636,0.082855,12.037792,6.703101,6.703101,93.840905
3.345828,0.113308,13.091301,6.238129,6.238129,96.020142
3.378791,0.123476,14.562695,7.219253,7.219253,102.856830
3.331611,0.157667,11.228832,7.987303,7.987303,97.492097
2.926374,0.092050,11.647395,8.600542,8.600542,96.309488
3.332952,0.065155,11.821714,6.512661,6.512661,92.682922
3.796213,0.131588,11.391615,7.388504,7.388504,92.382919
3.696080,0.102956,14.577612,6.677843,6.677843,103.249815
3.762504,0.073582,13.609276,9.922624,9.922624,102.079359
3.512552,0.094758,12.992918,7.638243,7.638243,102.288736
3.132879,0.109959,11.788712,7.357062,7.357062,93.591213
3.263098,0.105426,13.617780,8.187890,8.187890,99.619121
3.632990,0.107397,16.041052,6.137859,6.137859,101.183328
5.756174,0.166099,21.306620,6.285427,6.285427,109.542603
6.029150,0.240375,22.383087,7.052510,7.052510,107.010136
4.907957,0.113775,18.422036,5.887927,5.887927,106.925257
3.620171,0.096452,11.860929,6.798621,6.798621,89.981421
3.448281,0.133562,11.844477,6.090972,6.090972,85.700866
3.685492,0.095636,12.689233,8.187955,8.187955,100.234061
3.700135,0.130483,14.498733,9.615351,9.615351,93.503203
5.915486,0.195799,19.920433,9.218485,9.218485,105.563643
4.982055,0.230839,17.337674,9.073407,9.073407,106.489752
11.202105,0.356216,36.983648,6.933557,6.933557,128.496245
5.678573,0.199121,16.866972,5.462886,5.462886,100.458475
10.165219,0.358479,36.429696,6.287650,6.287650,131.357223
9.408568,0.336314,28.672178,5.531520,5.531520,111.017825
5.783175,0.160456,16.108335,6.031951,6.031951,91.694630
6.253649,0.124844,15.555858,6.023624,6.023624,86.912294
5.644032,0.100018,15.142832,6.135570,6.135570,86.127193
5.361877,0.095204,14.608625,5.256974,5.256974,78.602133
5.859019,0.110898,15.080509,7.591008,7.591008,84.830401
5.844697,0.109618,12.662232,6.539431,6.539431,66.814300
5.192180,0.125168,17.618530,5.522166,5.522166,67.135544
6.262411,0.130503,16.186964,5.188263,5.188263,66.402427
4.592349,0.072258,12.330047,5.458342,5.458342,68.063098
4.388490,0.055398,12.173473,5.729308,5.729308,60.991694
8.579355,0.189930,26.267172,5.850463,5.850463,81.993687
4.437042,0.025389,11.980695,4.904817,4.904817,58.647818
6.999437,0.050383,23.888690,4.839688,4.839688,67.674182
8.253839,0.040013,26.921866,4.968949,4.968949,72.008056
8.433932,0.053672,25.494799,4.574947,4.574947,70.539617
6.010342,0.021506,9.941427,6.614160,6.614160,46.399690
7.938681,0.056177,15.004241,6.681625,6.681625,64.331303
6.693798,0.024711,9.737193,6.947444,6.947444,45.323738
