1403715528412143104.000000 -0.568986297 -0.895563662 -0.660601020 -0.468235373 -0.673509538 -0.335211217 0.463437259
1403715529662142976.000000 -0.748734355 -0.842174411 -0.367841750 -0.412687033 -0.714735210 -0.287235171 0.486147046
1403715532262142976.000000 -1.973263502 -0.732164681 0.331823170 -0.331198692 -0.731624246 -0.243489280 0.543825746
1403715532712143104.000000 -2.065372229 -0.713322878 0.308876634 -0.347684324 -0.724845469 -0.194897741 0.561898232
1403715535062142976.000000 0.407955915 0.033864677 0.211651176 -0.542505503 -0.642054677 -0.355509967 0.408737302
1403715537712143104.000000 1.268660665 2.183904409 0.019454788 -0.480431229 -0.644373953 -0.336192250 0.490859360
1403715540412143104.000000 1.088959813 -0.633259475 -0.069994256 -0.764505148 -0.372593582 -0.454947263 0.264062375
1403715543112143104.000000 3.626137733 -0.025042139 0.241162732 -0.648097396 -0.473198414 -0.470522970 0.366962105
1403715543612143104.000000 3.715204477 0.030833540 0.164666802 -0.640037894 -0.463335216 -0.491652757 0.365991116
1403715544112143104.000000 3.699579716 -0.143873483 0.053649582 -0.659101665 -0.426682025 -0.552977681 0.278824806
1403715544612143104.000000 3.419540405 -0.443901896 -0.261072069 -0.772198558 -0.236900583 -0.559305847 0.186452270
1403715545362142976.000000 2.761945963 -0.915730000 -0.271128923 -0.796835244 -0.172820613 -0.564962566 0.126506865
1403715547112143104.000000 1.300797701 -2.235807657 -0.127675802 -0.620155215 -0.583144784 -0.389677376 0.351427555
1403715547412143104.000000 1.082726002 -2.318184376 -0.091787852 -0.535082936 -0.665569425 -0.344326466 0.390054971
1403715547612143104.000000 0.912662864 -2.318250418 -0.079175398 -0.489028513 -0.709736049 -0.302913755 0.406656057
1403715547812143104.000000 0.709098458 -2.269735336 -0.069120511 -0.431400001 -0.749642849 -0.267840832 0.424488991
1403715548012143104.000000 0.466706276 -2.174537420 -0.057180606 -0.377735317 -0.767165482 -0.239610851 0.459738940
1403715548262142976.000000 0.127567261 -2.019208670 -0.043629237 -0.333894283 -0.757555127 -0.245409802 0.504379570
1403715548462142976.000000 -0.156560704 -1.896583438 -0.063050419 -0.328153133 -0.754165530 -0.251463115 0.510211825
1403715549262142976.000000 -1.325081944 -1.497025013 -0.216726184 -0.327755719 -0.732700229 -0.243214697 0.544585407
1403715549662142976.000000 -1.817990541 -1.376491427 -0.271791160 -0.343572676 -0.734367311 -0.190551668 0.553491235
1403715549962142976.000000 -2.069133759 -1.257965326 -0.301653415 -0.405595869 -0.703096867 -0.194715306 0.550665796
1403715550412143104.000000 -2.170868397 -0.946430445 -0.252765864 -0.518175125 -0.645192385 -0.288731992 0.481513470
1403715550612143104.000000 -2.130703926 -0.769693613 -0.184513524 -0.558990598 -0.608182967 -0.339711994 0.449709594
1403715550812143104.000000 -2.065889835 -0.588864326 -0.161873341 -0.613162339 -0.552526116 -0.363369614 0.432098895
1403715551012143104.000000 -1.964239120 -0.409085661 -0.182238296 -0.663263857 -0.493617833 -0.382282317 0.412653238
1403715551212143104.000000 -1.802488208 -0.235589698 -0.177627861 -0.695860982 -0.444523156 -0.419981420 0.376553386
1403715551462142976.000000 -1.522560358 -0.042823240 -0.124536127 -0.739419639 -0.362606257 -0.450760990 0.344368756
1403715551662142976.000000 -1.242057562 0.074167550 -0.080408141 -0.756231070 -0.306569248 -0.494983763 0.298531175
1403715551862142976.000000 -0.935471594 0.146791816 -0.034572758 -0.758517444 -0.246092096 -0.547067344 0.254572630
1403715552112143104.000000 -0.569102883 0.163272902 0.016013224 -0.762523890 -0.177694976 -0.592495739 0.189553708
1403715552512143104.000000 -0.129662380 0.054586120 0.075952411 -0.766619444 -0.061435018 -0.634725332 0.075127751
1403715553862142976.000000 -0.679087043 -0.977867126 -0.013399633 0.686664343 -0.387088150 0.547713339 0.280472755
1403715554262142976.000000 -1.239977479 -1.205034256 -0.086603776 0.752153099 -0.421286494 0.443686455 0.244797140
1403715555512143104.000000 -0.767323554 -0.814816773 -0.234055281 0.698479056 -0.433840245 0.541529238 0.175087899
1403715556262142976.000000 -0.367030531 -0.375806034 0.137991369 0.708256304 -0.423928052 0.543641210 0.152027234
1403715558412143104.000000 -0.362655401 -1.980005145 0.255359918 0.744235814 -0.353051603 0.496429920 0.273906857
1403715558812143104.000000 -0.130457103 -2.339974403 0.283192664 0.711105168 -0.342618614 0.549047053 0.274753422
1403715559112143104.000000 0.010839317 -2.502481222 0.268934280 0.734233797 -0.287048638 0.556002855 0.263371676
1403715561612143104.000000 1.509343386 -1.056444287 0.108944081 -0.803336382 -0.175443888 -0.552785993 0.135268688
1403715564412143104.000000 0.738033593 0.781529069 -0.104457736 -0.407323986 -0.682664335 -0.287149906 0.534417033
1403715566162142976.000000 0.166502222 -0.057221040 0.433220923 0.292854100 -0.741738081 0.215706244 0.563499689
1403715566562142976.000000 0.340733498 -0.188797101 0.520097852 0.454997331 -0.652740598 0.335357100 0.504423261
1403715567562142976.000000 1.058506489 0.028471470 0.416728765 0.780967772 -0.250965416 0.540939748 0.185714349
1403715568162142976.000000 1.442772508 0.405555040 0.175462201 -0.800347924 -0.069377162 -0.595093131 0.022230987
1403715568412143104.000000 1.538656831 0.604941428 0.090981588 -0.779267669 -0.181826949 -0.589386642 0.110925362
1403715570612143104.000000 0.570084095 1.537193775 -0.096064769 -0.279479623 -0.736861110 -0.244130984 0.565090239
1403715572412143104.000000 -0.168686628 0.671100974 -0.456577599 -0.008951025 -0.840170026 -0.047393568 0.540174186
1403715574062142976.000000 -1.440925241 0.194964245 -0.329762906 0.429590970 -0.730212390 0.267534018 0.458984852
1403715574262142976.000000 -1.582721591 0.071771190 -0.285470247 0.490916193 -0.684266567 0.313678771 0.438618571
1403715574462142976.000000 -1.725161433 -0.076190509 -0.241006434 0.549029827 -0.618503869 0.333744317 0.452364981
1403715575312143104.000000 -1.898636460 -0.815528691 -0.107732542 0.566017509 -0.556849301 0.407120019 0.451438189
1403715575562142976.000000 -1.850348592 -0.989528120 -0.063858479 0.570013046 -0.575121641 0.376047671 0.450453699
1403715575962142976.000000 -1.624288678 -1.206721187 0.025164843 0.563947558 -0.576617479 0.353196710 0.474054396
1403715578762142976.000000 1.229797125 -0.333253711 -0.202770367 0.335996211 -0.812286913 0.184555441 0.439586073
1403715578912143104.000000 1.208251476 -0.281906605 -0.269568950 0.327839255 -0.819820881 0.167002678 0.438777119
1403715579162142976.000000 1.105418682 -0.306230992 -0.335673153 0.346987814 -0.772549629 0.134408593 0.514490962
1403715579362142976.000000 1.037500739 -0.421518534 -0.346553773 0.355974197 -0.739282250 0.122369170 0.558363736
1403715582112143104.000000 1.227338910 -2.601360083 -0.378422886 0.323172718 -0.742211759 0.207106233 0.549352586
1403715583512143104.000000 0.922394156 -3.200742960 -0.501123726 0.301277995 -0.722259879 0.257366210 0.566864073
1403715583862142976.000000 0.925989389 -3.323340893 -0.578581035 -0.274654061 0.637953103 -0.299225658 -0.654251516
1403715586312143104.000000 1.940061688 -1.633959651 -0.310482383 0.320962161 -0.741642356 0.254982620 0.530974448
1403715586812143104.000000 1.913107872 -1.652414918 -0.302506775 0.332461029 -0.730601668 0.236551255 0.547480106
1403715587312143104.000000 2.016007900 -1.622860432 -0.270266622 0.330609560 -0.739971161 0.234124973 0.536959529
1403715588112143104.000000 2.116370201 -1.391103506 -0.151376605 0.184580967 -0.783984065 0.175193146 0.566221058
1403715588312143104.000000 2.111492872 -1.258890390 -0.180672452 0.120739520 -0.783220649 0.123647682 0.597242594
1403715588512143104.000000 2.137111425 -1.107702017 -0.257259339 0.059146732 -0.788634300 0.078254886 0.606987536
1403715588712143104.000000 2.196822166 -0.937169969 -0.331732929 0.003747430 -0.802722573 0.036575709 0.595218241
1403715588912143104.000000 2.275851488 -0.755539775 -0.409763575 -0.042454544 -0.831953883 -0.013871671 0.553044379
1403715589112143104.000000 2.333896399 -0.573375404 -0.480932206 -0.088925391 -0.853403687 -0.057951078 0.510329306
1403715589412143104.000000 2.297695637 -0.308401525 -0.493911594 -0.151703924 -0.857514918 -0.097284421 0.481860906
1403715589612143104.000000 2.179538488 -0.123210885 -0.463713437 -0.186106160 -0.859089375 -0.116402425 0.462364078
1403715589812143104.000000 1.965997934 0.081499398 -0.377848119 -0.191019565 -0.838121891 -0.134971470 0.492794156
1403715591512143104.000000 -0.565047681 0.745702863 0.322455436 0.252292275 -0.796596110 0.101027258 0.539978623
1403715591762142976.000000 -0.921243608 0.600575566 0.337904692 0.334308028 -0.766075969 0.166156963 0.523218513
1403715591962142976.000000 -1.185094714 0.443437696 0.293246299 0.395735234 -0.734085798 0.200214833 0.514223397
1403715592212143104.000000 -1.460600853 0.192168236 0.191792279 0.476348668 -0.676480711 0.236131564 0.509615362
1403715592462142976.000000 -1.621735096 -0.119912170 0.151622579 0.550161481 -0.608816445 0.284326583 0.495805711
1403715592662142976.000000 -1.648625493 -0.388304502 0.146266937 0.605858922 -0.550585985 0.316415966 0.479239970
1403715593062142976.000000 -1.425993085 -0.913315713 0.133003980 0.668671012 -0.486601472 0.438557088 0.351803809
1403715593312143104.000000 -1.212332964 -1.224093199 0.123179615 0.709790528 -0.412923634 0.489873797 0.292771488
1403715593812143104.000000 -0.730483651 -1.745362878 0.109144092 0.770257890 -0.227101624 0.548030019 0.234074056
1403715594212143104.000000 -0.288390309 -1.928967237 0.094425470 0.813625038 -0.095974661 0.559312105 0.126384661
1403715594712143104.000000 0.272352576 -1.882977128 0.094327517 -0.826877654 -0.087803043 -0.554973125 -0.023847688
1403715594962142976.000000 0.560981452 -1.738289237 0.083645642 -0.836958885 -0.158198580 -0.519233346 0.069784313
1403715595262142976.000000 0.959701240 -1.496513605 0.071743183 -0.810314298 -0.249757081 -0.505460143 0.159756511
1403715597662142976.000000 1.101735473 0.327858150 0.484411359 -0.507680178 -0.630416989 -0.345522106 0.474815577
1403715598012143104.000000 0.944813788 0.856494546 0.529533565 -0.454301625 -0.660559118 -0.326343089 0.500771284
1403715598812143104.000000 0.833401799 1.559875727 0.441040337 -0.437138110 -0.635429084 -0.351759255 0.530476868
1403715600112143104.000000 1.353960037 1.317325354 -0.078657329 -0.453260303 -0.674976587 -0.336747229 0.474934876
1403715600462142976.000000 1.524060011 1.177347541 -0.225345120 -0.368269324 -0.737603247 -0.326143354 0.462547094
1403715600712143104.000000 1.538835168 1.043693423 -0.320966333 -0.327634513 -0.776930571 -0.228749990 0.486526549
1403715601512143104.000000 1.242193103 0.688557088 -0.151822865 -0.179104939 -0.807417810 -0.158331260 0.539378464
1403715601862142976.000000 1.013491273 0.494056880 -0.034479346 -0.186456650 -0.796206832 -0.150478929 0.555558026
1403715602162142976.000000 0.818379998 0.303066194 0.050144780 -0.216458246 -0.751133323 -0.183334827 0.596097946
1403715602662142976.000000 0.650074661 -0.104189515 0.113054372 -0.330265731 -0.746964157 -0.242966115 0.523389578
1403715602962142976.000000 0.572554052 -0.361258894 0.057131119 -0.392201513 -0.723577499 -0.288216680 0.489433229
1403715603212143104.000000 0.486951292 -0.575096309 -0.051988203 -0.440497011 -0.694925904 -0.320168048 0.469609290
1403715603462142976.000000 0.376279563 -0.781363964 -0.157918781 -0.481068432 -0.676685989 -0.331471801 0.448102266
1403715603712143104.000000 0.243541628 -0.962542832 -0.238690794 -0.512284756 -0.651001871 -0.316271305 0.462313026
1403715603962142976.000000 0.140288323 -1.104056478 -0.278095156 -0.534586012 -0.644336939 -0.290489495 0.463318110
1403715604212143104.000000 0.088301204 -1.180081367 -0.280181319 -0.518802524 -0.664213538 -0.313084334 0.437769890
1403715604712143104.000000 -0.009953186 -1.187166929 -0.318242848 -0.499105930 -0.653996825 -0.343780935 0.452765048
1403715605062142976.000000 -0.098576434 -1.156782627 -0.345747173 -0.498135149 -0.657522440 -0.343505263 0.448920578
1403715605412143104.000000 -0.205862790 -1.113209844 -0.344420522 -0.496072710 -0.651142657 -0.336890906 0.465220034
1403715605712143104.000000 -0.287717879 -1.066665769 -0.392835349 -0.497141510 -0.654553294 -0.327718645 0.465844333
1403715606012143104.000000 -0.353759110 -1.007656217 -0.444296211 -0.484665811 -0.658177853 -0.342133999 0.463514090
1403715606462142976.000000 -0.462733001 -0.927395523 -0.539258659 -0.485912561 -0.656411946 -0.328253865 0.474617660
1403715606862142976.000000 -0.531789303 -0.863779366 -0.563648164 -0.483305961 -0.648121595 -0.316495687 0.496169597
1403715607262142976.000000 -0.539567709 -0.827606022 -0.619357467 -0.465793818 -0.664600611 -0.336732835 0.477444470
1403715607712143104.000000 -0.558839142 -0.848488629 -0.649159551 -0.467583507 -0.664650917 -0.339435160 0.473696798
1403715608162142976.000000 -0.579064190 -0.873976469 -0.673511207 -0.466651678 -0.670189142 -0.337415695 0.468223721
1403715608412143104.000000 -0.577882349 -0.874733567 -0.674793899 -0.465860218 -0.669464767 -0.338280529 0.469422579
1403715608912143104.000000 -0.578123569 -0.876872540 -0.674711525 -0.466454327 -0.669241369 -0.337572098 0.469660997
