#LBA time[ms],KF opt[#],KF fixed[#],MP[#],Edges[#]
0.004585,3,1,0,253
0.002803,4,1,0,456
0.121005,5,1,0,951
0.113376,6,1,0,1473
0.549782,7,1,0,2062
0.350740,8,1,0,2607
1.552503,9,1,0,3088
0.674618,10,1,0,3546
0.710105,0,0,0,0
46.861932,0,0,0,0
1.161722,0,0,0,0
1.211491,0,0,0,0
1.913166,0,0,0,0
2.227585,0,0,0,0
2.194640,0,0,0,0
2.627027,0,0,0,0
2.859529,0,0,0,0
3.200672,0,0,0,0
3.707320,0,0,0,0
4.036898,0,0,0,0
4.316299,0,0,0,0
5.428414,0,0,0,0
5.002678,0,0,0,0
4.520032,0,0,0,0
4.531087,0,0,0,0
4.345450,0,0,0,0
5.020614,0,0,0,0
4.538294,0,0,0,0
4.473511,0,0,0,0
4.281289,0,0,0,0
4.355156,0,0,0,0
4.337587,0,0,0,0
4.344939,0,0,0,0
4.514125,0,0,0,0
4.575601,0,0,0,0
4.408896,0,0,0,0
3.840105,0,0,0,0
4.883066,0,0,0,0
4.433243,0,0,0,0
3.105300,0,0,0,0
4.310578,0,0,0,0
3.311825,0,0,0,0
1.528130,0,0,0,0
2.572533,0,0,0,0
1.850367,0,0,0,0
2.073979,0,0,0,0
2.292652,0,0,0,0
3.209223,0,0,0,0
2.412340,0,0,0,0
3.745360,0,0,0,0
2.867371,0,0,0,0
2.735177,0,0,0,0
3.633437,0,0,0,0
4.035841,0,0,0,0
5.206371,0,0,0,0
5.144472,0,0,0,0
4.380947,0,0,0,0
5.061707,0,0,0,0
4.455003,0,0,0,0
5.327275,0,0,0,0
5.970170,0,0,0,0
4.397437,0,0,0,0
3.427947,0,0,0,0
5.008814,0,0,0,0
3.838454,0,0,0,0
4.504166,0,0,0,0
5.482995,0,0,0,0
4.503262,0,0,0,0
5.307851,0,0,0,0
4.718844,0,0,0,0
4.058673,0,0,0,0
4.208021,0,0,0,0
3.743693,0,0,0,0
3.533144,0,0,0,0
5.353223,0,0,0,0
4.825133,0,0,0,0
4.991963,0,0,0,0
4.580036,0,0,0,0
4.520663,0,0,0,0
7.278560,0,0,0,0
5.078225,0,0,0,0
4.069409,0,0,0,0
4.741110,0,0,0,0
5.022468,0,0,0,0
8.239449,0,0,0,0
8.708286,0,0,0,0
14.366530,0,0,0,0
10.606486,0,0,0,0
6.728435,0,0,0,0
9.641340,0,0,0,0
5.181053,0,0,0,0
4.186675,0,0,0,0
5.725098,0,0,0,0
6.013560,0,0,0,0
4.992633,0,0,0,0
9.146915,0,0,0,0
8.643514,0,0,0,0
4.695181,0,0,0,0
3.979935,0,0,0,0
6.404675,0,0,0,0
6.675261,0,0,0,0
6.336313,0,0,0,0
10.255211,0,0,0,0
10.719646,0,0,0,0
11.034908,0,0,0,0
10.194838,0,0,0,0
8.511140,0,0,0,0
8.250317,0,0,0,0
10.413498,0,0,0,0
8.839484,0,0,0,0
7.462347,0,0,0,0
6.512938,0,0,0,0
5.082632,0,0,0,0
4.115965,0,0,0,0
2.234787,0,0,0,0
2.280355,0,0,0,0
1.318545,0,0,0,0
4.970199,0,0,0,0
1.678535,0,0,0,0
3.937757,0,0,0,0
6.944251,0,0,0,0
6.381436,0,0,0,0
6.780639,0,0,0,0
6.883640,0,0,0,0
4.811912,0,0,0,0
7.985905,0,0,0,0
7.380709,0,0,0,0
8.130860,0,0,0,0
7.170779,0,0,0,0
7.273963,0,0,0,0
7.037920,0,0,0,0
4.859644,0,0,0,0
10.287128,0,0,0,0
10.323282,0,0,0,0
9.401848,0,0,0,0
9.759239,0,0,0,0
8.479485,0,0,0,0
10.543012,0,0,0,0
14.043917,0,0,0,0
16.138320,0,0,0,0
17.360885,0,0,0,0
14.784652,0,0,0,0
14.761493,0,0,0,0
13.017138,0,0,0,0
13.026862,0,0,0,0
10.983736,0,0,0,0
9.750110,0,0,0,0
14.700652,0,0,0,0
10.251073,0,0,0,0
13.332701,0,0,0,0
8.298310,0,0,0,0
12.011895,0,0,0,0
7.533719,0,0,0,0
9.470409,0,0,0,0
10.556850,0,0,0,0
11.195654,0,0,0,0
10.892167,0,0,0,0
9.404977,0,0,0,0
6.507454,0,0,0,0
6.052216,0,0,0,0
10.667201,0,0,0,0
9.043930,0,0,0,0
6.980383,0,0,0,0
4.342111,0,0,0,0
1.912715,0,0,0,0
0.708574,0,0,0,0
9.899778,0,0,0,0
26.360338,0,0,0,0
7.141848,0,0,0,0
8.029948,0,0,0,0
10.164171,0,0,0,0
9.174313,0,0,0,0
12.399130,0,0,0,0
7.483113,0,0,0,0
10.202030,0,0,0,0
7.397585,0,0,0,0
13.150869,0,0,0,0
9.152697,0,0,0,0
10.929051,0,0,0,0
10.588047,0,0,0,0
14.362033,0,0,0,0
11.490379,0,0,0,0
12.953525,0,0,0,0
9.746410,0,0,0,0
10.407012,0,0,0,0
11.647309,0,0,0,0
7.934947,0,0,0,0
10.846615,0,0,0,0
7.366047,0,0,0,0
9.511908,0,0,0,0
6.680888,0,0,0,0
7.819777,0,0,0,0
9.432219,0,0,0,0
10.495205,0,0,0,0
7.198095,0,0,0,0
8.071073,0,0,0,0
9.749902,0,0,0,0
9.922436,0,0,0,0
10.111454,0,0,0,0
11.618686,0,0,0,0
6.107496,0,0,0,0
6.287519,0,0,0,0
8.395746,0,0,0,0
9.376056,0,0,0,0
8.470831,0,0,0,0
10.514030,0,0,0,0
10.258368,0,0,0,0
8.301050,0,0,0,0
8.201788,0,0,0,0
10.948213,0,0,0,0
11.398761,0,0,0,0
11.722791,0,0,0,0
10.472802,0,0,0,0
14.453417,0,0,0,0
8.742682,0,0,0,0
11.066875,0,0,0,0
14.010618,0,0,0,0
13.497836,0,0,0,0
11.006115,0,0,0,0
10.961674,0,0,0,0
14.247898,0,0,0,0
10.800415,0,0,0,0
13.073571,0,0,0,0
13.426400,0,0,0,0
11.748652,0,0,0,0
12.871397,0,0,0,0
16.792718,0,0,0,0
13.600428,0,0,0,0
11.813823,0,0,0,0
13.558734,0,0,0,0
11.166284,0,0,0,0
12.280339,0,0,0,0
15.026560,0,0,0,0
12.588088,0,0,0,0
13.504123,0,0,0,0
9.584569,0,0,0,0
12.699035,0,0,0,0
12.850761,0,0,0,0
15.232107,0,0,0,0
19.343265,0,0,0,0
14.807740,0,0,0,0
13.719795,0,0,0,0
13.157724,0,0,0,0
13.240501,0,0,0,0
9.604416,0,0,0,0
12.009206,0,0,0,0
14.922128,0,0,0,0
13.661167,0,0,0,0
16.076731,0,0,0,0
17.849896,0,0,0,0
23.900488,0,0,0,0
19.115578,0,0,0,0
20.497598,0,0,0,0
23.391126,0,0,0,0
19.739194,0,0,0,0
14.117226,0,0,0,0
15.120288,0,0,0,0
13.753950,0,0,0,0
14.851631,0,0,0,0
14.486750,0,0,0,0
12.364377,0,0,0,0
13.355772,0,0,0,0
13.294317,0,0,0,0
17.582129,0,0,0,0
20.724603,0,0,0,0
20.151838,0,0,0,0
16.051725,0,0,0,0
15.865531,0,0,0,0
13.972561,0,0,0,0
13.112745,0,0,0,0
11.576990,0,0,0,0
12.275246,0,0,0,0
8.437373,0,0,0,0
11.742781,0,0,0,0
14.572420,0,0,0,0
13.159141,0,0,0,0
11.367965,0,0,0,0
19.425613,0,0,0,0
17.537122,0,0,0,0
11.418249,0,0,0,0
14.889147,0,0,0,0
18.100433,0,0,0,0
16.094425,0,0,0,0
19.032484,0,0,0,0
10.857041,0,0,0,0
13.839249,0,0,0,0
13.385765,0,0,0,0
16.017651,0,0,0,0
16.354139,0,0,0,0
14.704946,0,0,0,0
12.034530,0,0,0,0
13.060526,0,0,0,0
15.307505,0,0,0,0
14.960461,0,0,0,0
18.328755,0,0,0,0
15.045456,0,0,0,0
15.943317,0,0,0,0
18.007900,0,0,0,0
17.949447,0,0,0,0
18.912897,0,0,0,0
20.081232,0,0,0,0
27.219211,0,0,0,0
17.012468,0,0,0,0
21.757927,0,0,0,0
21.025963,0,0,0,0
19.568025,0,0,0,0
24.296666,0,0,0,0
19.707903,0,0,0,0
21.203756,0,0,0,0
15.204071,0,0,0,0
19.093457,0,0,0,0
20.920057,0,0,0,0
18.562828,0,0,0,0
24.086983,0,0,0,0
14.972171,0,0,0,0
18.127838,0,0,0,0
17.521813,0,0,0,0
18.185677,0,0,0,0
15.706599,0,0,0,0
16.389392,0,0,0,0
16.652941,0,0,0,0
17.480160,0,0,0,0
19.527474,0,0,0,0
18.795305,0,0,0,0
17.891026,0,0,0,0
15.844383,0,0,0,0
15.051256,-1280426576,36,0,760037413
17.666341,31176,0,0,1080544091
