#Stereo rect[ms], MP culling[ms], MP creation[ms], LBA[ms], KF culling[ms], Total[ms]
4.516041,0.006393,0.053773,0.004585,0.004585,4.584210
7.029998,0.048015,0.465640,0.002803,0.002803,7.548917
7.300905,0.076675,0.941947,0.121005,0.121005,12.761693
7.561693,0.067830,2.857962,0.113376,0.113376,13.817964
8.003367,0.251234,10.564090,0.549782,0.549782,35.689146
5.021330,0.203591,9.635224,0.350740,0.350740,39.265945
9.140213,0.519579,21.987414,1.552503,1.552503,63.428099
10.412149,0.301573,8.260056,0.674618,0.674618,52.352005
6.250805,0.286431,10.258892,0.710105,0.710105,55.770170
10.409209,0.511773,28.483479,46.861932,46.861932,126.577660
6.730996,0.362832,16.747014,1.161722,1.161722,62.939527
6.710004,0.375512,20.179169,1.211491,1.211491,69.979358
11.521226,0.384332,29.343278,1.913166,1.913166,91.399999
7.844951,0.240357,18.270361,2.227585,2.227585,72.417315
5.859176,0.286954,21.825768,2.194640,2.194640,80.037798
6.230225,0.218678,16.582797,2.627027,2.627027,82.382926
7.387889,0.286885,18.714345,2.859529,2.859529,92.374266
9.632046,0.222884,17.977223,3.200672,3.200672,98.507886
7.763613,0.201311,21.234661,3.707320,3.707320,116.365864
8.752331,0.251963,25.462112,4.036898,4.036898,117.318983
8.099525,0.235385,20.157063,4.316299,4.316299,123.096455
9.316969,0.266358,21.706336,5.428414,5.428414,127.079246
7.096182,0.200051,17.861106,5.002678,5.002678,120.133060
9.089103,0.211455,19.329338,4.520032,4.520032,121.212868
6.918241,0.213286,20.158351,4.531087,4.531087,125.355718
8.509865,0.288636,19.927793,4.345450,4.345450,121.922387
8.576518,0.266953,24.465497,5.020614,5.020614,128.622822
6.843165,0.196637,22.675188,4.538294,4.538294,120.967415
7.960659,0.241343,23.059942,4.473511,4.473511,123.873284
8.199057,0.387407,28.399868,4.281289,4.281289,120.963672
7.542145,0.245976,25.327709,4.355156,4.355156,229.802482
8.045106,0.344711,23.910825,4.337587,4.337587,124.291073
9.069566,0.251505,25.908475,4.344939,4.344939,121.196913
8.878840,0.293839,25.933716,4.514125,4.514125,114.458046
7.728751,0.476106,26.442437,4.575601,4.575601,122.231508
8.028641,0.275105,21.763486,4.408896,4.408896,127.471668
7.737391,0.307029,22.971279,3.840105,3.840105,125.485805
11.516652,0.387688,21.254663,4.883066,4.883066,125.444692
6.825233,0.367238,17.887989,4.433243,4.433243,127.325739
5.488362,0.464172,12.111147,3.105300,3.105300,105.099039
9.231241,0.689662,15.564147,4.310578,4.310578,153.250039
10.371090,0.696705,25.838491,3.311825,3.311825,140.390770
10.081396,0.745488,25.987331,1.528130,1.528130,126.601887
8.565695,0.657673,24.055229,2.572533,2.572533,132.035471
8.185486,0.354097,19.057370,1.850367,1.850367,122.599279
7.160672,0.362587,12.634010,2.073979,2.073979,125.791707
6.206020,0.352266,16.787952,2.292652,2.292652,132.938451
5.972608,0.301651,13.125605,3.209223,3.209223,127.135229
9.397389,0.618264,23.181871,2.412340,2.412340,150.936397
6.120840,0.264060,13.852689,3.745360,3.745360,132.390279
5.475752,0.323207,14.533641,2.867371,2.867371,130.715687
5.284608,0.443710,14.150806,2.735177,2.735177,132.879892
5.786878,0.301060,13.767034,3.633437,3.633437,132.432856
5.867875,0.299798,16.898106,4.035841,4.035841,131.941439
5.881039,0.333064,16.465106,5.206371,5.206371,136.113856
6.361775,0.245150,17.778461,5.144472,5.144472,145.540862
6.423900,0.263966,15.758176,4.380947,4.380947,136.511051
8.262524,0.238908,18.531528,5.061707,5.061707,136.413941
8.227361,0.409662,20.352207,4.455003,4.455003,153.531203
11.217997,0.405115,26.979718,5.327275,5.327275,161.741941
6.191859,0.214510,21.405069,5.970170,5.970170,135.958666
10.486215,0.343670,23.440793,4.397437,4.397437,136.486801
6.598447,0.358762,15.434092,3.427947,3.427947,137.261791
6.563291,0.308978,17.355461,5.008814,5.008814,134.660322
9.419678,0.341788,17.006625,3.838454,3.838454,142.231212
10.607961,0.756192,18.837374,4.504166,4.504166,148.963369
11.336064,0.274415,17.279741,5.482995,5.482995,158.659024
11.101958,0.492519,30.334371,4.503262,4.503262,166.184278
8.391405,0.361870,22.088068,5.307851,5.307851,155.332879
6.489847,0.238273,14.950760,4.718844,4.718844,138.098477
6.016649,0.246662,14.992420,4.058673,4.058673,140.001142
6.535836,0.268246,13.977955,4.208021,4.208021,136.940859
5.600451,0.357639,15.432965,3.743693,3.743693,214.690548
5.625874,0.274200,14.419940,3.533144,3.533144,127.349540
11.588794,1.124846,30.101799,5.353223,5.353223,165.479371
8.922177,0.416001,13.998435,4.825133,4.825133,136.792540
6.991241,0.528727,18.061472,4.991963,4.991963,152.868124
11.978847,0.592554,34.254988,4.580036,4.580036,635.800759
5.345127,0.595449,16.644491,4.520663,4.520663,142.953176
5.707327,0.458531,21.574782,7.278560,7.278560,149.314173
11.372796,0.597810,31.600148,5.078225,5.078225,162.522045
11.557812,0.619110,26.533067,4.069409,4.069409,163.808153
10.629975,0.360484,28.342553,4.741110,4.741110,166.441130
7.676365,0.363642,18.296238,5.022468,5.022468,144.233246
9.240379,0.360938,18.026598,8.239449,8.239449,157.241551
6.477356,0.285152,20.023829,8.708286,8.708286,161.343390
11.467450,0.524189,27.522112,14.366530,14.366530,199.907345
11.575138,0.634497,30.234530,10.606486,10.606486,194.233504
7.682850,0.475139,19.338554,6.728435,6.728435,163.084941
6.716646,0.377389,22.767077,9.641340,9.641340,168.965403
5.227920,0.326043,19.167976,5.181053,5.181053,165.462286
10.283805,0.624760,31.623465,4.186675,4.186675,184.602990
6.982092,0.367072,17.151097,5.725098,5.725098,165.382755
11.183727,0.524041,30.101878,6.013560,6.013560,188.430267
11.773804,0.495832,31.376445,4.992633,4.992633,201.136040
11.585158,0.534568,33.362233,9.146915,9.146915,208.310187
6.041690,0.375707,20.132162,8.643514,8.643514,192.395706
5.727503,0.318149,19.177031,4.695181,4.695181,174.976052
10.047573,0.935612,21.591082,3.979935,3.979935,196.473187
8.048956,0.462639,28.332802,6.404675,6.404675,194.662608
6.855086,0.349607,22.160900,6.675261,6.675261,200.054975
6.198664,0.307226,19.920469,6.336313,6.336313,190.290011
7.483304,0.355783,21.144194,10.255211,10.255211,200.456938
6.282119,0.308959,21.572137,10.719646,10.719646,197.760045
6.060679,0.335468,26.242052,11.034908,11.034908,202.356379
6.651435,0.505252,31.877820,10.194838,10.194838,203.834501
6.645463,0.442920,22.692968,8.511140,8.511140,201.799340
6.262808,0.418585,22.722934,8.250317,8.250317,196.028539
7.147190,0.575968,25.617825,10.413498,10.413498,203.520652
7.716887,0.460550,21.331931,8.839484,8.839484,205.980415
6.418262,0.362479,18.332903,7.462347,7.462347,194.611381
5.919587,0.307714,16.564061,6.512938,6.512938,195.994973
8.480525,0.388098,19.205211,5.082632,5.082632,199.639916
7.824620,0.614602,14.390370,4.115965,4.115965,194.667020
8.904224,0.707817,12.722206,2.234787,2.234787,193.951691
6.226293,0.657100,12.546457,2.280355,2.280355,189.793615
5.166913,0.398609,11.591043,1.318545,1.318545,178.980139
7.075389,0.449968,14.009140,4.970199,4.970199,189.971974
5.202286,0.333357,12.260194,1.678535,1.678535,182.709726
7.114861,0.385060,15.475789,3.937757,3.937757,191.961887
9.588183,0.543875,27.957338,6.944251,6.944251,204.591684
9.557450,0.371053,20.806455,6.381436,6.381436,202.373982
6.021315,0.368179,16.470411,6.780639,6.780639,188.931266
5.663762,0.320914,16.014744,6.883640,6.883640,188.846702
6.002538,0.236399,15.441045,4.811912,4.811912,190.634127
12.534924,0.378609,38.132709,7.985905,7.985905,218.549148
13.225949,0.448667,25.211595,7.380709,7.380709,202.727859
12.988116,0.307313,22.277381,8.130860,8.130860,194.107042
7.269836,0.263991,24.447000,7.170779,7.170779,205.728227
12.301836,0.390801,24.272194,7.273963,7.273963,214.325289
7.209176,0.302726,18.717659,7.037920,7.037920,195.939972
6.239974,0.318864,17.475809,4.859644,4.859644,192.523351
6.422868,0.394197,19.287971,10.287128,10.287128,194.843280
14.288013,0.583185,30.935940,10.323282,10.323282,204.307313
9.898078,0.417425,24.998944,9.401848,9.401848,195.363125
7.182002,0.305067,22.543893,9.759239,9.759239,189.037934
8.715273,0.301558,22.855075,8.479485,8.479485,191.461708
15.735991,0.455673,29.194063,10.543012,10.543012,210.653312
15.629649,0.384134,35.395398,14.043917,14.043917,226.683076
9.610339,0.265733,29.059675,16.138320,16.138320,204.658547
8.049603,0.209193,25.578297,17.360885,17.360885,202.104240
8.241992,0.233282,24.826852,14.784652,14.784652,202.598732
8.072084,0.375179,26.118550,14.761493,14.761493,201.822556
7.179085,0.241396,23.813181,13.017138,13.017138,201.474177
8.361300,0.264081,23.529156,13.026862,13.026862,198.485217
7.058023,0.261521,19.701510,10.983736,10.983736,190.984853
8.282613,0.283526,23.180599,9.750110,9.750110,190.605644
7.861174,0.265409,19.857392,14.700652,14.700652,209.614917
6.808809,0.287909,21.303081,10.251073,10.251073,193.808414
7.377799,0.278171,21.987428,13.332701,13.332701,200.150409
12.768616,0.401543,32.884946,8.298310,8.298310,210.855719
7.155000,0.322359,26.387675,12.011895,12.011895,215.859219
8.132362,0.295093,27.440490,7.533719,7.533719,206.381294
6.219743,0.350633,23.758284,9.470409,9.470409,210.357359
6.401920,0.411809,19.988377,10.556850,10.556850,209.669991
5.124992,0.463877,18.934858,11.195654,11.195654,207.884929
6.130830,0.425642,24.843406,10.892167,10.892167,221.787038
7.704781,0.508166,25.196663,9.404977,9.404977,230.978895
7.066414,0.546693,31.037426,6.507454,6.507454,249.711727
6.153214,0.414848,23.196082,6.052216,6.052216,232.891197
7.096976,0.400578,20.596537,10.667201,10.667201,228.720394
6.437541,0.398760,14.664023,9.043930,9.043930,226.286169
6.586203,0.547252,15.868084,6.980383,6.980383,221.955215
8.600774,0.895388,22.728531,4.342111,4.342111,243.498424
7.873003,0.804513,20.522082,1.912715,1.912715,239.861440
8.093823,0.693136,13.163711,0.708574,0.708574,213.015390
5.177262,0.587758,12.745084,9.899778,9.899778,222.999358
12.028411,0.656460,32.917819,26.360338,26.360338,281.096562
7.260947,0.397563,27.278721,7.141848,7.141848,230.935546
7.383666,0.437148,22.744003,8.029948,8.029948,219.899542
7.088997,0.355299,25.273753,10.164171,10.164171,215.506528
7.569082,0.436297,27.336641,9.174313,9.174313,221.355990
7.056431,0.545444,26.084738,12.399130,12.399130,217.537907
8.172057,0.425643,29.935214,7.483113,7.483113,211.749148
7.638859,0.366439,22.084936,10.202030,10.202030,210.480640
6.589632,0.348222,21.390608,7.397585,7.397585,202.602534
4.694617,0.396326,17.975813,13.150869,13.150869,206.147776
3.826657,0.479585,15.737012,9.152697,9.152697,187.957041
3.662983,0.287625,17.521573,10.929051,10.929051,98.963390
11.282071,0.419325,35.966595,10.588047,10.588047,225.038469
12.719150,0.836466,42.961859,14.362033,14.362033,230.779782
8.349218,0.634736,30.656330,11.490379,11.490379,209.354812
13.510233,0.604849,30.439825,12.953525,12.953525,217.786109
10.647768,0.469061,28.702839,9.746410,9.746410,206.504169
12.538514,0.632784,28.919529,10.407012,10.407012,211.617219
6.601966,0.508575,24.758866,11.647309,11.647309,195.093597
7.540227,0.354807,22.977512,7.934947,7.934947,198.367055
7.290866,0.327420,21.675937,10.846615,10.846615,206.344572
6.642003,0.378489,20.531970,7.366047,7.366047,198.280576
10.236561,0.759762,29.958148,9.511908,9.511908,214.805163
5.827074,0.393252,19.323629,6.680888,6.680888,196.673938
6.011064,0.349029,18.659282,7.819777,7.819777,202.148308
5.455494,0.305839,17.425213,9.432219,9.432219,197.791028
5.749038,0.319872,15.853553,10.495205,10.495205,197.039122
6.007586,0.316177,20.695197,7.198095,7.198095,216.771546
5.265392,0.313583,20.876607,8.071073,8.071073,208.703911
7.556424,0.415764,21.517923,9.749902,9.749902,201.198981
6.128124,0.332744,21.388516,9.922436,9.922436,196.159655
6.240440,0.287911,22.968716,10.111454,10.111454,193.577275
12.093877,0.413694,32.154214,11.618686,11.618686,208.337753
5.856972,0.328724,21.132372,6.107496,6.107496,176.500259
5.880189,0.258819,19.713512,6.287519,6.287519,170.906157
6.256834,0.300814,20.091579,8.395746,8.395746,177.583030
6.952080,0.322552,20.148924,9.376056,9.376056,172.568714
5.906210,0.295301,18.846583,8.470831,8.470831,168.350184
8.349816,0.420891,37.818583,10.514030,10.514030,199.050972
7.451556,0.314277,24.152266,10.258368,10.258368,177.661293
7.880659,0.359118,26.261176,8.301050,8.301050,174.540644
11.902444,0.293011,29.280021,8.201788,8.201788,194.119839
8.958185,0.475413,27.487327,10.948213,10.948213,195.590305
7.915713,0.240710,25.320868,11.398761,11.398761,193.692291
6.858080,0.253606,25.373177,11.722791,11.722791,197.938751
7.134105,0.265016,25.728778,10.472802,10.472802,200.043440
6.416611,0.352450,24.715910,14.453417,14.453417,194.508364
5.396353,0.352506,16.489129,8.742682,8.742682,173.443991
5.347895,0.358160,15.237978,11.066875,11.066875,172.073424
6.692923,0.435212,20.231372,14.010618,14.010618,186.955799
6.724214,0.467561,23.910309,13.497836,13.497836,179.457223
6.173435,0.275790,23.954044,11.006115,11.006115,166.727940
7.584270,0.347778,29.934737,10.961674,10.961674,178.015829
8.242510,0.309260,27.280329,14.247898,14.247898,199.415702
6.347584,0.301952,27.867608,10.800415,10.800415,169.452172
6.545265,0.436912,33.521060,13.073571,13.073571,179.534759
9.451888,0.315332,34.368488,13.426400,13.426400,176.094291
7.692575,0.355417,28.466078,11.748652,11.748652,170.786124
7.311916,0.355566,34.751761,12.871397,12.871397,174.405212
10.465338,0.545540,36.106351,16.792718,16.792718,193.672880
12.591753,0.527745,38.521485,13.600428,13.600428,190.410648
4.887706,0.299724,18.154016,11.813823,11.813823,153.422694
5.134742,0.260058,20.110244,13.558734,13.558734,154.213821
12.230464,0.633097,42.807756,11.166284,11.166284,190.158488
7.930422,0.409309,33.610552,12.280339,12.280339,176.240877
4.952059,0.298252,17.034746,15.026560,15.026560,152.219152
5.450471,0.191826,17.225312,12.588088,12.588088,156.202443
5.334798,0.181675,13.522154,13.504123,13.504123,145.942261
6.388214,0.282241,17.338772,9.584569,9.584569,153.337726
13.547802,0.536429,41.254538,12.699035,12.699035,195.570744
13.131149,0.597758,30.251275,12.850761,12.850761,190.392119
16.532452,0.655814,31.147742,15.232107,15.232107,187.820102
10.749920,0.338664,28.307742,19.343265,19.343265,193.172136
7.310575,0.324076,26.834350,14.807740,14.807740,166.171213
7.763923,0.227485,26.072649,13.719795,13.719795,169.332220
9.940743,0.334241,25.738646,13.157724,13.157724,159.508455
10.141023,0.262360,29.267783,13.240501,13.240501,163.251897
14.316683,0.237192,24.851354,9.604416,9.604416,161.111518
17.673368,0.327063,31.785760,12.009206,12.009206,191.009545
19.185127,0.392358,41.922069,14.922128,14.922128,193.639540
9.933768,0.203001,27.369085,13.661167,13.661167,165.906803
14.308304,0.206103,32.688539,16.076731,16.076731,186.552969
8.776703,0.211737,26.561106,17.849896,17.849896,183.784760
12.035186,0.310296,25.875245,23.900488,23.900488,196.719103
7.386216,0.266601,26.210249,19.115578,19.115578,176.870435
9.552797,0.312934,35.789535,20.497598,20.497598,202.945944
8.120155,0.283254,30.291011,23.391126,23.391126,207.398167
6.204406,0.298414,25.631695,19.739194,19.739194,196.833476
6.936873,0.381597,36.632165,14.117226,14.117226,197.767131
7.743085,0.422730,29.776951,15.120288,15.120288,186.514012
8.858938,0.394392,28.444494,13.753950,13.753950,197.327508
7.575805,0.425459,28.333071,14.851631,14.851631,200.737165
6.892104,0.424382,31.286913,14.486750,14.486750,203.151870
8.350525,0.462144,37.869821,12.364377,12.364377,211.723538
8.434114,0.436806,42.078111,13.355772,13.355772,231.043350
8.111434,0.433663,32.866270,13.294317,13.294317,220.617618
8.704483,0.439078,34.292623,17.582129,17.582129,230.252935
7.470811,0.331621,30.810835,20.724603,20.724603,225.299256
7.900005,0.333151,31.109580,20.151838,20.151838,217.906121
8.740583,0.339356,32.275025,16.051725,16.051725,219.674606
9.430649,0.457305,30.165729,15.865531,15.865531,211.783411
8.067319,0.300658,26.446819,13.972561,13.972561,206.253773
7.960810,0.247399,30.610155,13.112745,13.112745,217.101123
7.356760,0.283236,31.348425,11.576990,11.576990,226.449729
7.259530,0.222367,26.978817,12.275246,12.275246,215.804607
8.010890,0.353696,26.346150,8.437373,8.437373,227.032585
10.256600,0.309221,25.389087,11.742781,11.742781,242.941233
13.044327,0.435634,37.564914,14.572420,14.572420,261.611139
7.475558,0.263767,27.190819,13.159141,13.159141,236.929529
14.102221,0.642450,41.803980,11.367965,11.367965,277.675231
9.882417,0.356337,33.203385,19.425613,19.425613,266.610972
7.858845,0.335932,28.716153,17.537122,17.537122,266.455864
7.271974,0.282569,25.448031,11.418249,11.418249,271.979178
9.513045,0.386838,38.679272,14.889147,14.889147,286.081903
8.266591,0.247825,28.630498,18.100433,18.100433,270.807877
8.354390,0.323037,34.352429,16.094425,16.094425,284.486853
8.610811,0.484165,31.009406,19.032484,19.032484,285.742999
7.290464,0.349921,26.426513,10.857041,10.857041,274.755923
8.746703,0.786567,38.830836,13.839249,13.839249,298.212300
6.019564,0.445615,24.811417,13.385765,13.385765,273.468184
10.701847,0.812742,44.130207,16.017651,16.017651,294.075602
6.140847,0.423317,23.561257,16.354139,16.354139,263.613209
5.799468,0.302223,23.149169,14.704946,14.704946,253.211104
5.917356,0.279293,22.983215,12.034530,12.034530,265.447360
5.897375,0.289565,22.930062,13.060526,13.060526,245.341130
7.989380,0.322316,23.878782,15.307505,15.307505,262.550544
7.497156,0.334573,23.157874,14.960461,14.960461,263.322503
7.443979,0.372105,30.281737,18.328755,18.328755,269.210661
8.403947,0.536775,39.032281,15.045456,15.045456,269.677104
9.244821,0.444523,40.182850,15.943317,15.943317,275.089322
15.398157,0.664563,38.735265,18.007900,18.007900,278.713854
8.721692,0.384472,32.114716,17.949447,17.949447,249.035677
10.008450,0.348686,43.662117,18.912897,18.912897,268.752277
13.322287,0.490532,43.881839,20.081232,20.081232,265.239102
9.506530,0.262006,39.065721,27.219211,27.219211,269.579641
9.350924,0.266519,37.206216,17.012468,17.012468,263.326242
9.213306,0.207513,35.930396,21.757927,21.757927,242.109117
8.051579,0.231110,33.224036,21.025963,21.025963,234.808235
8.300160,0.195855,30.747130,19.568025,19.568025,223.211649
15.414643,0.310417,45.503195,24.296666,24.296666,266.038239
9.840869,0.155207,35.297344,19.707903,19.707903,225.261842
8.549897,0.238149,38.821961,21.203756,21.203756,212.534146
15.622726,0.307236,39.693836,15.204071,15.204071,227.645381
15.517495,0.315856,42.059560,19.093457,19.093457,223.569776
8.576115,0.165565,24.581595,20.920057,20.920057,202.695333
7.250757,0.168760,23.634856,18.562828,18.562828,184.351927
8.006877,0.127815,23.426431,24.086983,24.086983,206.944913
8.006024,0.142716,23.033972,14.972171,14.972171,183.818176
9.301836,0.109923,30.317387,18.127838,18.127838,193.188536
6.906868,0.086847,21.328841,17.521813,17.521813,95.052979
6.439801,0.037448,19.573621,18.185677,18.185677,92.565438
7.143949,0.060142,21.277917,15.706599,15.706599,92.357008
7.797377,0.047279,18.874219,16.389392,16.389392,88.158739
6.457536,0.044297,18.108894,16.652941,16.652941,89.921185
7.171343,0.033350,24.119805,17.480160,17.480160,93.527083
7.853007,0.035570,18.450720,19.527474,19.527474,92.246569
7.111609,0.040516,19.206179,18.795305,18.795305,86.654684
8.376389,0.065971,25.029729,17.891026,17.891026,94.504322
6.752077,0.024420,17.202505,15.844383,15.844383,81.257500
6.177277,0.025881,23.280943,15.051256,15.051256,84.605191
12.948869,0.047345,31.842744,17.666341,17.666341,97.820031
