1403715278412143104.000000 -0.212398112 -0.603721261 0.221415073 -0.569966614 -0.602985322 -0.384730130 0.404387832
1403715279912143104.000000 -0.249444738 -0.463166714 0.371993661 -0.566198528 -0.589377105 -0.393147558 0.421294302
1403715282262142976.000000 -0.344579101 -0.046903133 0.518495917 -0.755622625 -0.330955237 -0.518236876 0.225684762
1403715285012143104.000000 -0.251281857 0.649778664 0.236688912 -0.810304523 -0.036146298 -0.583648205 0.038141433
1403715287362142976.000000 0.166420460 0.419069827 0.716665804 0.812203407 -0.089636780 0.572259128 0.069357149
1403715290112143104.000000 0.484957814 0.068445727 0.568548620 0.758281410 -0.325644970 0.518898964 0.222954169
1403715291662142976.000000 1.003608584 -0.218137652 0.614512503 0.733648717 -0.377248943 0.524347067 0.210957319
1403715291912143104.000000 1.035701036 -0.318357855 0.588587284 0.735786736 -0.378252745 0.509314477 0.236941963
1403715294662142976.000000 1.682782054 -1.142855763 0.741348445 -0.806917787 -0.121021993 -0.570812881 0.091706686
1403715296562142976.000000 1.654415011 -1.529901028 0.391954154 -0.732816398 -0.396881670 -0.472171634 0.287261397
1403715299112143104.000000 2.408453226 -1.549479604 0.362819672 -0.518955112 -0.652062595 -0.342206270 0.434044808
1403715301862142976.000000 2.253661633 -1.188445807 0.389779747 -0.323788106 -0.746476233 -0.238124371 0.530312419
1403715304412143104.000000 2.015383720 -1.908319473 0.276844859 -0.129067525 -0.803126395 -0.071501590 0.577249646
1403715307012143104.000000 2.192354918 -1.924210310 0.677580953 -0.236056402 -0.751607597 -0.200356409 0.582426548
1403715309912143104.000000 2.794689178 -1.751750946 0.439853936 -0.497528344 -0.649509668 -0.330275089 0.470660239
1403715311962142976.000000 3.561920166 -1.585298896 0.523354530 -0.571861386 -0.595713198 -0.382870823 0.414138168
1403715314412143104.000000 3.983036041 -1.233872771 0.775512695 -0.609594941 -0.550912082 -0.440518439 0.361709177
1403715317312143104.000000 3.322383642 -1.093993783 0.587066352 -0.788455188 -0.229800284 -0.549630582 0.153089687
1403715318212143104.000000 3.161857843 -0.914896250 0.473009795 -0.821998477 -0.022738561 -0.566078901 0.057931390
1403715320562142976.000000 3.936804056 -0.876777351 0.542546749 0.753904939 -0.290466249 0.555881619 0.195582122
1403715320862142976.000000 4.058960438 -0.788423896 0.598239183 0.717202544 -0.376427621 0.548115313 0.208548144
1403715321362142976.000000 4.105832100 -0.713785768 0.654024065 0.716570675 -0.403766602 0.521833181 0.226250067
1403715321712143104.000000 4.042337418 -0.742047608 0.683257103 0.718288422 -0.393731087 0.525332868 0.230353966
1403715324562142976.000000 3.384475231 -1.753138185 0.788951278 0.672336757 -0.463833362 0.499236822 0.289109886
1403715327312143104.000000 2.793303490 -1.527083516 0.747361004 0.669247806 -0.479445249 0.484181285 0.296324432
1403715327962142976.000000 2.463359833 -1.554094195 0.701087713 0.709138095 -0.421508461 0.492490888 0.277320206
1403715328712143104.000000 2.120546103 -1.627808213 0.663963258 0.719403028 -0.386156887 0.500649333 0.287562788
1403715329062142976.000000 2.035714865 -1.589725256 0.648570538 0.749365628 -0.333662570 0.522044241 0.233645946
1403715331762142976.000000 1.866054535 -1.608815074 0.742515624 0.811919987 -0.108681820 0.568983793 0.072331093
1403715334662142976.000000 1.716118455 -2.808576345 0.820343733 0.823231339 -0.026051169 0.567094326 0.003931760
1403715337062142976.000000 2.091878176 -3.738595724 0.795138180 -0.816872716 -0.055297807 -0.572858334 0.038660418
1403715339412143104.000000 2.942286253 -4.301271915 0.938406765 -0.795515418 -0.202218756 -0.552913964 0.143349543
1403715339712143104.000000 3.065797091 -4.370402336 0.915292442 -0.798182070 -0.197838545 -0.552626133 0.135535181
1403715339962142976.000000 3.164571047 -4.411677837 0.885871232 -0.792049289 -0.211868078 -0.562098145 0.108698927
1403715342512143104.000000 3.743206263 -3.802720070 1.045676708 -0.767600715 -0.317449331 -0.511121035 0.220840305
1403715342862142976.000000 3.807230949 -3.669738293 1.048688412 -0.734806001 -0.376465082 -0.510475934 0.240309507
1403715345162142976.000000 3.726290464 -2.445688248 0.929641902 -0.674751163 -0.446886778 -0.500081182 0.308093935
1403715347712143104.000000 2.237594604 -1.496738791 0.892475665 -0.651500940 -0.487107426 -0.478942692 0.329980105
1403715350512143104.000000 2.353684187 -1.121060252 0.431965917 -0.463509828 -0.698652148 -0.322743177 0.439181805
1403715353262142976.000000 1.464463711 -0.515617907 0.463427961 -0.392900735 -0.709580302 -0.272301465 0.517664731
1403715355012143104.000000 1.223989844 -0.403685868 0.413397908 -0.378625453 -0.728019774 -0.245659962 0.516024530
1403715356562142976.000000 1.066319942 -0.152634561 0.666359007 -0.277121782 -0.783592284 -0.193087295 0.521444023
1403715357512143104.000000 0.714654803 0.003651459 0.746881247 -0.157052055 -0.807262063 -0.115376286 0.557091475
1403715357962142976.000000 0.530076504 0.091153726 0.785883546 -0.134610295 -0.811922371 -0.132448539 0.552376330
1403715358312143104.000000 0.345650673 0.097475424 0.781385660 -0.147936612 -0.815898478 -0.117382795 0.546484947
1403715359712143104.000000 -0.492057621 -0.138819426 0.697520256 -0.091262519 -0.802314997 -0.081619896 0.584208965
1403715360162142976.000000 -0.616492748 -0.295608163 0.710870802 -0.102231435 -0.810557425 -0.068909027 0.572535574
1403715360612143104.000000 -0.703141212 -0.431182504 0.730837345 -0.159364998 -0.802296996 -0.065743141 0.571489394
1403715361462142976.000000 -0.754150152 -0.467860132 0.797397435 -0.326484382 -0.753949642 -0.233179018 0.520187974
1403715361762142976.000000 -0.792701066 -0.485749215 0.798048019 -0.366536587 -0.738687813 -0.261044621 0.501843631
1403715362962142976.000000 -1.220795631 -0.438753277 0.702124417 -0.600987434 -0.555479050 -0.390745699 0.421396583
1403715363312143104.000000 -1.330685377 -0.402263969 0.708922625 -0.650671482 -0.495541215 -0.409117937 0.404583693
1403715363712143104.000000 -1.311959624 -0.392389983 0.747148514 -0.681293607 -0.452514172 -0.458813429 0.347217798
1403715364062142976.000000 -1.231645107 -0.408643663 0.783979356 -0.716205895 -0.385039330 -0.502705872 0.293395072
1403715365062142976.000000 -0.992279768 -0.594061852 0.927113175 -0.757464707 -0.317306399 -0.528326154 0.215488777
1403715367962142976.000000 -0.448751658 -1.637658477 1.143610597 -0.806776583 -0.179948330 -0.546432436 0.134691402
1403715370512143104.000000 0.931902587 -2.679813623 1.115950346 -0.752208531 -0.327793568 -0.518724382 0.240122646
1403715370962142976.000000 1.159708977 -2.730445147 1.112906575 -0.756910086 -0.325062990 -0.519060671 0.228028998
1403715373762142976.000000 3.124153614 -2.410184383 1.142058492 -0.710864484 -0.401107907 -0.512472749 0.266750395
1403715374762142976.000000 3.507654667 -2.203619957 1.153740287 -0.626879871 -0.548576713 -0.421935111 0.357849270
1403715377612143104.000000 3.191060066 -1.139644861 0.969216108 -0.609157622 -0.530824304 -0.451552778 0.378487319
1403715380212143104.000000 1.886350036 -1.098566413 0.955345154 -0.613784075 -0.537449002 -0.444547623 0.369858176
1403715381512143104.000000 0.977994621 -0.841100812 1.021867394 -0.622914851 -0.519176185 -0.445065469 0.379934222
1403715383962142976.000000 -0.333687186 -0.123927057 0.913087308 -0.769641340 -0.289101094 -0.525670886 0.218501672
1403715386612143104.000000 0.054983977 0.120016456 1.014993310 -0.807078779 -0.027150871 -0.588332534 0.041851021
1403715389512143104.000000 0.622686446 -1.778367877 0.868572891 -0.814390779 -0.077160820 -0.573317468 0.046055630
1403715389912143104.000000 0.748454273 -1.999435186 0.882448673 -0.814339519 -0.098316863 -0.566618681 0.078282811
1403715392812143104.000000 2.742591619 -2.147119761 1.002843976 -0.686538517 -0.426879883 -0.502097785 0.307142198
1403715393062142976.000000 2.935823917 -2.111958504 1.025168419 -0.667039752 -0.478995919 -0.468862146 0.325252742
1403715394412143104.000000 3.361144543 -1.924548149 1.015601635 -0.408526927 -0.706754863 -0.295984924 0.495980054
1403715394712143104.000000 3.355721951 -1.919438958 1.008492470 -0.329373032 -0.742302239 -0.249128491 0.527670145
1403715395012143104.000000 3.337154865 -1.952531457 0.996540725 -0.247284830 -0.782593489 -0.180386111 0.542087317
1403715395712143104.000000 3.232600451 -2.081773281 0.945153117 -0.076088823 -0.823240757 -0.054266836 0.559946835
1403715397062142976.000000 2.858397007 -2.244540215 0.762148499 -0.005385227 -0.831371546 -0.002912591 0.555683374
1403715397562142976.000000 2.649332285 -2.270182610 0.672176421 -0.018314656 -0.835410833 0.032484170 0.548359454
1403715398512143104.000000 2.125870228 -2.039721966 0.606380105 -0.010082682 -0.809501767 -0.006285344 0.586997211
1403715398912143104.000000 2.021447897 -1.962408662 0.577827752 -0.001378279 -0.798412681 -0.036881965 0.600978494
1403715399412143104.000000 2.036482096 -2.007937431 0.559885681 -0.000875988 -0.806195319 -0.024089150 0.591158330
1403715399862142976.000000 2.134894609 -2.155916452 0.553106785 -0.012133506 -0.832920313 -0.017126404 0.552994728
1403715400262142976.000000 2.162925482 -2.332989454 0.580823660 -0.038866740 -0.830711484 -0.053751647 0.552737296
1403715401112143104.000000 1.956191182 -2.860576868 0.598781168 -0.247296423 -0.803853035 -0.138317376 0.523003936
1403715401962142976.000000 1.413448095 -3.130840540 0.669948637 -0.281369269 -0.769590557 -0.171067312 0.547081172
1403715402362142976.000000 1.173169613 -3.163368940 0.700788736 -0.273924559 -0.760324836 -0.204441637 0.552336216
1403715403162142976.000000 0.787327111 -3.370412111 0.703166187 -0.349450767 -0.754440844 -0.207668662 0.515341461
1403715403562142976.000000 0.607043684 -3.424159527 0.726311147 -0.357710510 -0.752012312 -0.225934595 0.505444765
1403715403762142976.000000 0.514127195 -3.412456036 0.732511222 -0.390225738 -0.740438700 -0.240363598 0.491629779
1403715403962142976.000000 0.418657154 -3.374090195 0.739852548 -0.429403365 -0.720716298 -0.257429689 0.479490191
1403715404312143104.000000 0.251002371 -3.246677399 0.764798999 -0.463427216 -0.684661746 -0.324792475 0.459329396
1403715404712143104.000000 0.015664276 -3.085355520 0.765421152 -0.477240980 -0.665827870 -0.346583843 0.456939936
1403715404912143104.000000 -0.117435835 -3.013834476 0.754065931 -0.489904821 -0.653950810 -0.343257159 0.463158935
1403715405262142976.000000 -0.328094304 -2.903813601 0.726316929 -0.550272584 -0.601553082 -0.362885386 0.451273948
1403715405612143104.000000 -0.471851349 -2.815238237 0.696258307 -0.620445371 -0.542093813 -0.407704383 0.393648207
1403715406012143104.000000 -0.588092208 -2.700792313 0.661777914 -0.680483639 -0.472118795 -0.457214206 0.324038804
1403715406162142976.000000 -0.626299739 -2.648165703 0.643258035 -0.698586047 -0.434966028 -0.477834493 0.307337344
1403715406512143104.000000 -0.703429937 -2.523147583 0.581412137 -0.747105420 -0.354038119 -0.496545553 0.264448673
1403715406712143104.000000 -0.731798530 -2.453188896 0.539689481 -0.768206656 -0.310371220 -0.506002188 0.239770636
1403715407562142976.000000 -0.659112036 -2.187992573 0.421871334 -0.816227674 -0.195192814 -0.525994956 0.137846068
1403715410462142976.000000 0.048914865 -1.197602153 0.742172003 -0.742318273 -0.348901510 -0.519716561 0.239010796
1403715410962142976.000000 0.093534186 -1.058397889 0.718413472 -0.725064456 -0.353006810 -0.534944594 0.251996219
1403715411262142976.000000 0.083904445 -0.990069389 0.696664214 -0.733415008 -0.358981371 -0.513413727 0.263896167
1403715411462142976.000000 0.074432410 -0.955970883 0.688763380 -0.726662457 -0.354108989 -0.518115759 0.279507667
1403715411962142976.000000 0.046507530 -0.938929319 0.661546826 -0.725361943 -0.369042963 -0.513280690 0.272397280
1403715412362142976.000000 0.015566144 -0.962139904 0.639153540 -0.729403019 -0.370949239 -0.508078039 0.268746614
1403715412662142976.000000 -0.008212395 -0.987390995 0.625133634 -0.733804345 -0.372187436 -0.502759099 0.265030175
1403715412862142976.000000 -0.020324603 -1.000148058 0.619475842 -0.735857546 -0.374576390 -0.499879658 0.261393428
1403715413362142976.000000 -0.043447241 -1.008854270 0.546551943 -0.731435061 -0.367896289 -0.507631898 0.268263161
1403715413762142976.000000 -0.056519791 -1.027281165 0.455606341 -0.729005694 -0.367248535 -0.511851907 0.267744064
1403715414162142976.000000 -0.074259996 -1.062576532 0.383167386 -0.731675923 -0.372687101 -0.508596957 0.259005517
1403715414562142976.000000 -0.101705194 -1.062221646 0.400977701 -0.739458561 -0.377681971 -0.498674452 0.248759121
1403715414912143104.000000 -0.121517286 -1.014712095 0.363192499 -0.737761497 -0.356606215 -0.503983498 0.273021400
1403715415312143104.000000 -0.120882384 -0.987894118 0.287974089 -0.741595209 -0.341813982 -0.506752074 0.276409477
1403715415762142976.000000 -0.101863459 -0.998725653 0.239738971 -0.735115469 -0.355317682 -0.524851739 0.240593672
1403715416012143104.000000 -0.109568164 -0.993311763 0.241387859 -0.733378828 -0.356382221 -0.527010143 0.239598975
1403715416312143104.000000 -0.108843327 -0.992197990 0.241920531 -0.735223532 -0.355048269 -0.525477648 0.239291519
1403715416812143104.000000 -0.108170956 -0.993531108 0.240342885 -0.735980749 -0.354675055 -0.524541914 0.239570081
1403715416962142976.000000 -0.108522505 -0.993983209 0.239937633 -0.736262381 -0.354786396 -0.524112642 0.239479318
1403715417362142976.000000 -0.109764934 -0.994716644 0.239622906 -0.736348033 -0.354533195 -0.524005651 0.239824772
1403715417862142976.000000 -0.110539660 -0.995744109 0.239830911 -0.736431956 -0.354234368 -0.523999214 0.240022659
1403715418312143104.000000 -0.110873312 -0.995831072 0.240266353 -0.736472130 -0.354127139 -0.524003506 0.240048125
1403715418712143104.000000 -0.110966131 -0.996196151 0.240511954 -0.736521184 -0.353993684 -0.524000227 0.240101695
