#LBA time[ms],KF opt[#],KF fixed[#],MP[#],Edges[#]
0.006205,3,1,0,1345
0.002787,4,1,0,1995
0.240991,5,1,0,2707
0.966741,6,1,0,3291
0.879209,7,1,0,3779
0.975272,8,1,0,3932
1.154921,9,1,0,4246
1.115335,10,1,0,4233
1.593358,3,1,0,1602
92.838634,4,1,0,1924
0.003298,5,1,0,2120
0.002864,6,1,0,2262
0.190971,7,1,0,2443
0.882653,8,1,0,2384
0.629210,8,1,0,2293
1.087375,8,2,0,2242
1.018634,0,0,0,0
0.791025,0,0,0,0
1.163297,0,0,0,0
33.225423,0,0,0,0
1.303816,0,0,0,0
0.764678,0,0,0,0
1.176747,0,0,0,0
1.127889,0,0,0,0
1.389271,0,0,0,0
1.141419,0,0,0,0
1.451709,0,0,0,0
1.614991,0,0,0,0
2.379379,0,0,0,0
1.603082,0,0,0,0
1.707720,0,0,0,0
2.032452,0,0,0,0
1.933591,0,0,0,0
2.031308,0,0,0,0
2.995665,0,0,0,0
2.439993,0,0,0,0
2.244295,0,0,0,0
1.900556,0,0,0,0
1.910140,0,0,0,0
2.067469,0,0,0,0
1.744616,0,0,0,0
1.810939,0,0,0,0
1.730571,0,0,0,0
1.861529,0,0,0,0
1.539792,0,0,0,0
2.425563,0,0,0,0
1.479437,0,0,0,0
2.077843,0,0,0,0
1.620311,0,0,0,0
1.769517,0,0,0,0
2.219820,0,0,0,0
2.530531,0,0,0,0
1.788712,0,0,0,0
1.358180,0,0,0,0
1.915056,0,0,0,0
1.013260,0,0,0,0
1.486384,0,0,0,0
1.267037,0,0,0,0
0.994927,0,0,0,0
0.860002,0,0,0,0
1.935327,0,0,0,0
1.347111,0,0,0,0
0.777849,0,0,0,0
1.404863,0,0,0,0
1.498701,0,0,0,0
2.195944,0,0,0,0
1.690671,0,0,0,0
0.974957,0,0,0,0
1.334471,0,0,0,0
1.392701,0,0,0,0
1.075212,0,0,0,0
1.728542,0,0,0,0
1.704868,0,0,0,0
1.287873,0,0,0,0
1.505411,0,0,0,0
0.937370,0,0,0,0
2.370863,0,0,0,0
0.813404,0,0,0,0
1.386489,0,0,0,0
0.711698,0,0,0,0
1.542523,0,0,0,0
1.378935,0,0,0,0
1.760512,0,0,0,0
2.026369,0,0,0,0
3.050911,0,0,0,0
3.170677,0,0,0,0
2.672050,0,0,0,0
1.880642,0,0,0,0
2.980730,0,0,0,0
2.306402,0,0,0,0
3.074067,0,0,0,0
2.442763,0,0,0,0
2.862681,0,0,0,0
2.431427,0,0,0,0
1.733307,0,0,0,0
1.983391,0,0,0,0
3.692210,0,0,0,0
2.914673,0,0,0,0
3.368196,0,0,0,0
2.517601,0,0,0,0
1.262895,0,0,0,0
1.188418,0,0,0,0
1.481286,0,0,0,0
1.413696,0,0,0,0
2.748504,0,0,0,0
2.241453,0,0,0,0
1.530991,0,0,0,0
0.515597,0,0,0,0
0.492471,0,0,0,0
0.918996,0,0,0,0
0.484269,0,0,0,0
0.670119,0,0,0,0
0.567915,0,0,0,0
0.665498,0,0,0,0
0.833971,0,0,0,0
0.598188,0,0,0,0
0.784321,0,0,0,0
0.838443,0,0,0,0
1.063451,0,0,0,0
1.018019,0,0,0,0
1.020112,0,0,0,0
0.933331,0,0,0,0
0.724738,0,0,0,0
2.146033,0,0,0,0
1.560632,0,0,0,0
1.224079,0,0,0,0
1.672938,0,0,0,0
1.632547,0,0,0,0
1.211740,0,0,0,0
1.991107,0,0,0,0
0.989602,0,0,0,0
1.541764,0,0,0,0
1.059899,0,0,0,0
1.456011,0,0,0,0
1.142701,0,0,0,0
1.282188,0,0,0,0
2.119046,0,0,0,0
1.540802,0,0,0,0
1.375920,0,0,0,0
1.594943,0,0,0,0
1.196734,0,0,0,0
1.801687,0,0,0,0
1.507684,0,0,0,0
2.259631,0,0,0,0
1.304326,0,0,0,0
1.645788,0,0,0,0
2.426784,0,0,0,0
2.569765,0,0,0,0
3.211506,0,0,0,0
1.742212,0,0,0,0
2.915153,0,0,0,0
3.401195,0,0,0,0
3.447425,0,0,0,0
2.145336,0,0,0,0
3.226822,0,0,0,0
2.863667,0,0,0,0
3.021108,0,0,0,0
3.430192,0,0,0,0
2.844844,0,0,0,0
2.425068,0,0,0,0
2.858083,0,0,0,0
3.081917,0,0,0,0
3.093815,0,0,0,0
3.690628,0,0,0,0
3.282655,0,0,0,0
3.616012,0,0,0,0
3.333443,0,0,0,0
3.254250,0,0,0,0
4.012095,0,0,0,0
4.985861,0,0,0,0
5.028256,0,0,0,0
3.878522,0,0,0,0
3.759243,0,0,0,0
3.074122,0,0,0,0
3.802383,0,0,0,0
3.154549,0,0,0,0
5.486631,0,0,0,0
3.434185,0,0,0,0
4.857002,0,0,0,0
5.312652,0,0,0,0
3.412618,0,0,0,0
3.984361,0,0,0,0
5.691655,0,0,0,0
5.031377,0,0,0,0
7.625233,0,0,0,0
5.739673,0,0,0,0
4.328425,0,0,0,0
5.892722,0,0,0,0
4.707088,0,0,0,0
5.007873,0,0,0,0
5.555362,0,0,0,0
5.195845,0,0,0,0
5.999930,0,0,0,0
6.040137,0,0,0,0
6.754138,0,0,0,0
9.158711,0,0,0,0
6.042434,0,0,0,0
7.212381,0,0,0,0
6.169636,0,0,0,0
4.491759,0,0,0,0
3.752309,0,0,0,0
5.629178,0,0,0,0
5.414310,0,0,0,0
3.962375,0,0,0,0
8.691745,0,0,0,0
4.571592,0,0,0,0
6.823043,0,0,0,0
5.532817,0,0,0,0
6.428706,0,0,0,0
5.332478,0,0,0,0
5.092174,0,0,0,0
5.603023,0,0,0,0
3.002863,0,0,0,0
5.372869,0,0,0,0
3.793548,0,0,0,0
3.824439,0,0,0,0
4.013716,0,0,0,0
4.221071,0,0,0,0
3.646991,0,0,0,0
4.547583,0,0,0,0
4.070533,0,0,0,0
3.697268,0,0,0,0
4.835189,0,0,0,0
4.183181,0,0,0,0
3.230423,0,0,0,0
4.006781,0,0,0,0
3.866782,0,0,0,0
3.842813,0,0,0,0
5.956681,0,0,0,0
5.589118,0,0,0,0
4.562137,0,0,0,0
5.666424,0,0,0,0
3.615412,0,0,0,0
7.800787,0,0,0,0
6.303356,0,0,0,0
6.290331,0,0,0,0
4.905431,0,0,0,0
6.811414,0,0,0,0
6.434444,0,0,0,0
5.373175,0,0,0,0
5.425931,0,0,0,0
5.256134,0,0,0,0
5.925148,0,0,0,0
4.956888,0,0,0,0
6.727344,0,0,0,0
6.384833,0,0,0,0
4.741914,0,0,0,0
5.319570,0,0,0,0
5.470486,0,0,0,0
5.038449,0,0,0,0
3.887690,0,0,0,0
4.842795,0,0,0,0
3.444259,0,0,0,0
5.462109,0,0,0,0
3.457817,0,0,0,0
2.598327,0,0,0,0
4.123126,0,0,0,0
5.010231,0,0,0,0
4.496164,0,0,0,0
3.399047,0,0,0,0
4.888578,0,0,0,0
4.056189,0,0,0,0
4.387651,0,0,0,0
5.610232,0,0,0,0
5.778110,0,0,0,0
5.285948,0,0,0,0
6.428524,0,0,0,0
5.111400,0,0,0,0
5.014706,0,0,0,0
4.857993,0,0,0,0
7.645435,0,0,0,0
5.458506,0,0,0,0
5.331766,0,0,0,0
3.680336,0,0,0,0
4.273622,0,0,0,0
7.829633,0,0,0,0
5.702328,0,0,0,0
6.340759,0,0,0,0
8.369454,0,0,0,0
6.744160,0,0,0,0
6.622469,0,0,0,0
5.509406,0,0,0,0
9.185712,0,0,0,0
7.068261,0,0,0,0
5.577655,0,0,0,0
7.899511,0,0,0,0
10.013430,0,0,0,0
8.445701,0,0,0,0
6.622378,0,0,0,0
6.162210,0,0,0,0
6.612589,0,0,0,0
9.789125,0,0,0,0
4.876633,0,0,0,0
6.090175,0,0,0,0
5.519894,0,0,0,0
11.661412,0,0,0,0
9.817088,0,0,0,0
5.252974,0,0,0,0
7.192392,0,0,0,0
8.885535,0,0,0,0
8.114162,0,0,0,0
6.724759,0,0,0,0
7.732248,0,0,0,0
5.659634,0,0,0,0
6.338794,0,0,0,0
4.405761,0,0,0,0
6.170224,0,0,0,0
6.780277,0,0,0,0
7.514061,0,0,0,0
10.378260,0,0,0,0
7.958340,0,0,0,0
10.056676,0,0,0,0
11.416475,0,0,0,0
12.218538,0,0,0,0
9.926870,0,0,0,0
8.237137,0,0,0,0
13.330129,0,0,0,0
9.644592,0,0,0,0
10.691368,0,0,0,0
11.700926,0,0,0,0
11.206066,0,0,0,0
13.085305,0,0,0,0
8.582079,0,0,0,0
10.285097,0,0,0,0
8.656122,0,0,0,0
10.376090,0,0,0,0
12.776917,0,0,0,0
8.599501,0,0,0,0
8.427001,0,0,0,0
9.090758,0,0,0,0
10.873613,0,0,0,0
7.243407,0,0,0,0
10.283710,0,0,0,0
9.228946,0,0,0,0
9.498683,0,0,0,0
7.290592,0,0,0,0
5.788776,0,0,0,0
9.171723,0,0,0,0
6.238424,0,0,0,0
7.541512,0,0,0,0
5.198903,0,0,0,0
7.682752,0,0,0,0
6.050178,0,0,0,0
5.607109,0,0,0,0
5.557071,0,0,0,0
8.619726,0,0,0,0
10.688775,0,0,0,0
8.902604,0,0,0,0
17.022973,0,0,0,0
15.343461,0,0,0,0
9.460265,0,0,0,0
9.349148,0,0,0,0
8.343885,0,0,0,0
9.262010,0,0,0,0
12.889812,0,0,0,0
8.980790,0,0,0,0
12.271458,0,0,0,0
14.030460,0,0,0,0
10.964582,0,0,0,0
12.037112,0,0,0,0
12.998815,0,0,0,0
14.258038,0,0,0,0
9.451856,0,0,0,0
11.554355,0,0,0,0
14.471741,0,0,0,0
9.537559,0,0,0,0
11.241094,0,0,0,0
15.351931,0,0,0,0
19.932916,0,0,0,0
8.911044,0,0,0,0
8.546514,0,0,0,0
6.366979,0,0,0,0
8.047524,0,0,0,0
8.259372,0,0,0,0
9.519465,0,0,0,0
13.501591,0,0,0,0
11.914861,0,0,0,0
12.293379,0,0,0,0
7.726728,0,0,0,0
9.116500,0,0,0,0
12.872167,0,0,0,0
11.103775,0,0,0,0
10.188548,0,0,0,0
8.032427,0,0,0,0
7.244795,0,0,0,0
13.340642,0,0,0,0
11.693332,0,0,0,0
9.287932,0,0,0,0
10.136613,0,0,0,0
8.656656,0,0,0,0
8.633181,0,0,0,0
7.080341,0,0,0,0
7.603885,0,0,0,0
7.667915,0,0,0,0
7.370040,0,0,0,0
6.935133,0,0,0,0
7.289974,0,0,0,0
8.969857,0,0,0,0
8.873458,0,0,0,0
9.710298,0,0,0,0
10.026753,0,0,0,0
9.405329,0,0,0,0
9.971195,0,0,0,0
10.290301,0,0,0,0
7.712083,0,0,0,0
5.979782,0,0,0,0
7.465479,0,0,0,0
8.648290,0,0,0,0
8.348451,0,0,0,0
5.020298,0,0,0,0
6.592116,0,0,0,0
4.331646,0,0,0,0
7.776689,0,0,0,0
10.425387,0,0,0,0
8.580485,0,0,0,0
10.308450,0,0,0,0
10.350060,0,0,0,0
9.283784,0,0,0,0
8.655784,0,0,0,0
8.889751,0,0,0,0
8.023706,0,0,0,0
9.342451,0,0,0,0
6.391118,0,0,0,0
6.731664,0,0,0,0
9.119281,0,0,0,0
7.477744,0,0,0,0
8.782436,0,0,0,0
9.295689,0,0,0,0
12.643701,0,0,0,0
12.057477,0,0,0,0
10.239099,0,0,0,0
8.390877,0,0,0,0
8.924234,0,0,0,0
8.833176,0,0,0,0
7.461716,0,0,0,0
8.955064,0,0,0,0
7.012922,0,0,0,0
9.398108,0,0,0,0
8.706521,0,0,0,0
15.227610,0,0,0,0
8.315595,0,0,0,0
10.257695,0,0,0,0
8.138894,0,0,0,0
7.700433,0,0,0,0
8.138468,0,0,0,0
8.226851,0,0,0,0
8.670520,0,0,0,0
7.733355,0,0,0,0
9.817879,0,0,0,0
5.422555,0,0,0,0
8.015883,0,0,0,0
7.787213,0,0,0,0
5.448698,0,0,0,0
8.451839,0,0,0,0
6.654035,0,0,0,0
7.644136,0,0,0,0
5.425342,0,0,0,0
7.111655,0,0,0,0
4.175765,0,0,0,0
6.874363,0,0,0,0
7.465313,0,0,0,0
6.399524,0,0,0,0
7.167597,0,0,0,0
5.405461,0,0,0,0
6.494627,0,0,0,0
8.071024,0,0,0,0
5.316183,0,0,0,0
7.089956,0,0,0,0
7.201956,0,0,0,0
5.672322,0,0,0,0
4.790569,0,0,0,0
7.944274,0,0,0,0
7.814693,0,0,0,0
7.813619,0,0,0,0
5.632015,0,0,0,0
6.191179,0,0,0,0
8.121526,0,0,0,0
9.826080,0,0,0,0
8.077058,0,0,0,0
9.232018,0,0,0,0
7.145776,0,0,0,0
8.048261,0,0,0,0
7.874933,0,0,0,0
9.235772,0,0,0,0
8.973854,0,0,0,0
8.938767,0,0,0,0
11.145869,0,0,0,0
12.181371,0,0,0,0
13.224611,0,0,0,0
11.761350,0,0,0,0
12.757107,0,0,0,0
9.495803,0,0,0,0
11.171524,0,0,0,0
7.858499,0,0,0,0
12.274245,0,0,0,0
12.099839,0,0,0,0
12.350370,0,0,0,0
13.615421,0,0,0,0
11.538110,0,0,0,0
9.445227,0,0,0,0
10.619975,0,0,0,0
13.976283,0,0,0,0
8.784228,0,0,0,0
11.914725,0,0,0,0
14.926395,0,0,0,0
11.185411,0,0,0,0
12.996691,0,0,0,0
13.698843,0,0,0,0
12.368749,0,0,0,0
15.570596,0,0,0,0
12.849063,0,0,0,0
10.724779,0,0,0,0
14.690026,0,0,0,0
16.115725,0,0,0,0
14.105334,0,0,0,0
13.356424,0,0,0,0
13.945686,0,0,0,0
13.621830,0,0,0,0
15.792662,0,0,0,0
13.564775,0,0,0,0
13.859659,0,0,0,0
8.807995,0,0,0,0
12.075352,0,0,0,0
9.553578,0,0,0,0
17.331492,0,0,0,0
15.015932,0,0,0,0
18.968343,0,0,0,0
18.160049,0,0,0,0
15.411114,0,0,0,0
14.967192,0,0,0,0
14.269829,0,0,0,0
16.459260,0,0,0,0
12.924063,0,0,0,0
15.320652,0,0,0,0
11.769486,0,0,0,0
17.316810,0,0,0,0
13.267836,0,0,0,0
10.092302,0,0,0,0
13.903389,0,0,0,0
13.612064,0,0,0,0
19.585100,0,0,0,0
14.638217,0,0,0,0
15.970851,0,0,0,0
13.682584,0,0,0,0
13.959680,0,0,0,0
10.236601,0,0,0,0
8.119063,0,0,0,0
9.117222,0,0,0,0
10.236120,0,0,0,0
5.609499,0,0,0,0
7.638276,0,0,0,0
6.611957,0,0,0,0
9.331023,0,0,0,0
8.446188,0,0,0,0
7.755801,0,0,0,0
6.875490,0,0,0,0
10.455823,0,0,0,0
9.877229,0,0,0,0
9.737916,0,0,0,0
11.373998,0,0,0,0
7.775965,0,0,0,0
8.404260,0,0,0,0
4.998104,0,0,0,0
9.588449,0,0,0,0
10.303781,0,0,0,0
8.974705,0,0,0,0
23.395489,0,0,0,0
9.128694,0,0,0,0
13.179036,0,0,0,0
13.808301,0,0,0,0
11.612051,0,0,0,0
9.947300,0,0,0,0
11.645782,0,0,0,0
12.594490,0,0,0,0
14.140852,0,0,0,0
6.071878,0,0,0,0
5.537425,0,0,0,0
8.004688,0,0,0,0
5.808852,0,0,0,0
5.370333,0,0,0,0
6.556409,0,0,0,0
7.635270,0,0,0,0
6.325670,0,0,0,0
5.597360,0,0,0,0
5.419878,0,0,0,0
3.749180,0,0,0,0
3.694918,0,0,0,0
2.979746,0,0,0,0
2.579520,0,0,0,0
3.079069,0,0,0,0
8.114466,0,0,0,0
4.791430,0,0,0,0
5.044370,0,0,0,0
6.864734,0,0,0,0
5.568816,0,0,0,0
7.557830,0,0,0,0
4.469807,0,0,0,0
7.106419,0,0,0,0
5.483047,0,0,0,0
6.711704,0,0,0,0
6.385365,0,0,0,0
8.667871,0,0,0,0
8.589235,0,0,0,0
8.760525,0,0,0,0
9.047685,0,0,0,0
8.521358,0,0,0,0
8.121294,0,0,0,0
8.798485,0,0,0,0
8.297614,0,0,0,0
7.897123,0,0,0,0
8.418474,0,0,0,0
9.121455,0,0,0,0
11.632450,0,0,0,0
9.485051,0,0,0,0
7.798056,0,0,0,0
7.800626,0,0,0,0
9.432562,0,0,0,0
10.463509,0,0,0,0
10.659299,0,0,0,0
11.681186,0,0,0,0
10.574888,0,0,0,0
8.907779,0,0,0,0
10.465242,0,0,0,0
8.355070,0,0,0,0
6.531500,0,0,0,0
9.101648,0,0,0,0
8.803383,0,0,0,0
5.833868,0,0,0,0
7.254572,0,0,0,0
10.701704,0,0,0,0
11.071007,0,0,0,0
10.653979,0,0,0,0
12.287932,0,0,0,0
9.351160,0,0,0,0
6.616876,0,0,0,0
8.046270,0,0,0,0
6.271272,0,0,0,0
9.254979,0,0,0,0
7.332166,0,0,0,0
9.603971,0,0,0,0
7.223160,0,0,0,0
7.063489,0,0,0,0
7.272536,0,0,0,0
7.891928,0,0,0,0
8.162059,0,0,0,0
7.199045,1072081312,0,29696,1079830552
9.172419,1610612736,3,-271659440,1236125948
8.822305,1072615031,-1,29696,1079914679
6.681869,0,384,10,-162452843
