1403715278412143104.000000 0.083654501 0.216771826 0.144333646 -0.581026554 -0.592571557 -0.392381310 0.396615893
1403715280412143104.000000 0.055509426 0.392343938 0.373440623 -0.575445831 -0.596421897 -0.404608071 0.386568844
1403715282512143104.000000 -0.028583411 0.859153032 0.411687464 -0.781172276 -0.266854048 -0.536036551 0.176701903
1403715285462142976.000000 0.126152605 1.503970861 0.194336936 0.821627855 -0.056710184 0.567158401 0.006550216
1403715288412143104.000000 0.728481412 1.114006639 0.751668692 0.772722185 -0.255065799 0.556857467 0.166588157
1403715290812143104.000000 1.046313167 0.770995200 0.554697454 0.755832434 -0.327361524 0.524273276 0.216077402
1403715291562142976.000000 1.302899241 0.602756381 0.540989041 0.728439569 -0.382440895 0.524901748 0.218158051
1403715292062142976.000000 1.363439679 0.398991793 0.484269083 0.730501711 -0.390812814 0.498576820 0.255056351
1403715294762142976.000000 1.961876512 -0.409091860 0.632845581 -0.810716689 -0.129188538 -0.563963354 0.089410082
1403715295462142976.000000 1.981124163 -0.536576748 0.515039682 -0.772867382 -0.257976770 -0.548226476 0.188604996
1403715298412143104.000000 2.610567808 -0.782889545 0.240593821 -0.516916513 -0.620969713 -0.411395699 0.421838224
1403715301362142976.000000 2.434419155 -0.314314157 0.368930757 -0.313522279 -0.728933811 -0.270463973 0.545168340
1403715303912143104.000000 2.353584528 -1.085938811 0.223874062 -0.167512551 -0.795000255 -0.111765534 0.572208583
1403715306712143104.000000 2.317369938 -1.268504262 0.530103028 -0.212206110 -0.769799173 -0.117311202 0.590437174
1403715309262142976.000000 2.936342716 -1.193225145 0.315833479 -0.533536017 -0.619108737 -0.347114533 0.459951431
1403715311562142976.000000 3.658314943 -0.981514335 0.418017983 -0.579231024 -0.593189001 -0.383484870 0.406887770
1403715313162142976.000000 4.231829643 -0.528893292 0.497427434 -0.548613250 -0.584240794 -0.430834413 0.414810777
1403715315212143104.000000 4.049764633 -0.550083101 0.702511013 -0.649279177 -0.498288721 -0.459280014 0.345263392
1403715317762142976.000000 3.511413336 -0.278169125 0.438324571 -0.814598083 -0.099323675 -0.565434337 0.082757831
1403715318262142976.000000 3.440753460 -0.207180128 0.381381184 -0.822064102 -0.002360814 -0.567704380 0.043782298
1403715320762142976.000000 4.313574314 -0.142633617 0.498194486 0.720540881 -0.368191481 0.545079350 0.219418421
1403715321262142976.000000 4.401524544 -0.047168802 0.562595308 0.707651079 -0.417290896 0.518739462 0.236659691
1403715321762142976.000000 4.317271709 -0.078262359 0.605436027 0.708158016 -0.408187062 0.522453070 0.242772326
1403715324612143104.000000 3.634723902 -1.051057220 0.711958945 0.665543795 -0.479140908 0.489747971 0.296010852
1403715327412143104.000000 3.010902166 -0.796646297 0.656685770 0.659214139 -0.496738553 0.476999611 0.301925272
1403715328712143104.000000 2.380418062 -0.880944848 0.580746174 0.711652339 -0.400513053 0.494879186 0.297043741
1403715331262142976.000000 2.187960625 -0.745290995 0.485828310 0.801144361 -0.172750220 0.567209780 0.081229322
1403715333862142976.000000 2.034351349 -1.681096554 0.740113437 0.814678967 -0.088359065 0.571280360 0.046147767
1403715336712143104.000000 2.198537588 -2.886537552 0.698472679 -0.819587350 -0.036214754 -0.570927441 0.031733759
1403715337012143104.000000 2.260284424 -2.977868319 0.709651053 -0.818077743 -0.037553810 -0.573188603 0.028165612
1403715339462142976.000000 3.118734121 -3.598230362 0.851007164 -0.799115956 -0.185277209 -0.555841208 0.134635478
1403715339962142976.000000 3.313110113 -3.703287363 0.802420855 -0.796402931 -0.196189776 -0.563532293 0.098403431
1403715340312143104.000000 3.408764124 -3.677469730 0.791293681 -0.783766568 -0.241352469 -0.554665744 0.140729457
1403715342412143104.000000 3.902162075 -3.146800995 0.962113857 -0.776439726 -0.288230091 -0.520742476 0.207103595
1403715342762142976.000000 3.968714476 -3.028625250 0.962346196 -0.746909857 -0.354717553 -0.518980861 0.216702715
1403715345662142976.000000 3.630499601 -1.522704840 0.805783689 -0.688191593 -0.431064695 -0.497403681 0.305229664
1403715348012143104.000000 2.353632927 -0.674163699 0.830897748 -0.652922571 -0.484943271 -0.450930029 0.367674321
1403715350862142976.000000 2.674054146 -0.338282317 0.295801342 -0.481231481 -0.682729959 -0.330756038 0.439199954
1403715353362142976.000000 1.746714830 0.253948480 0.414572477 -0.404241860 -0.705101311 -0.279133230 0.511376023
1403715355962142976.000000 1.467180252 0.538771689 0.530773759 -0.270915657 -0.776533484 -0.190216884 0.536113739
1403715357162142976.000000 1.165847182 0.697397172 0.612319469 -0.222760797 -0.794078887 -0.135138720 0.549139321
1403715357962142976.000000 0.849795163 0.881996095 0.706629097 -0.149243742 -0.809320867 -0.142999247 0.549797475
1403715358362142976.000000 0.633952081 0.894339383 0.700024426 -0.161905468 -0.814167917 -0.127276361 0.542879283
1403715359562142976.000000 -0.120183408 0.728548050 0.620513499 -0.101060107 -0.801196039 -0.094444253 0.582195997
1403715359962142976.000000 -0.256298929 0.607226193 0.624400795 -0.116528265 -0.804497421 -0.080867469 0.576771736
1403715360312143104.000000 -0.341200411 0.486561090 0.639229238 -0.119118437 -0.809187710 -0.079763569 0.569792867
1403715360762142976.000000 -0.412471324 0.385548681 0.663333833 -0.198338971 -0.793528378 -0.104013257 0.565822899
1403715362712143104.000000 -0.789766490 0.386153489 0.635057151 -0.554523170 -0.610495269 -0.390806407 0.408741951
1403715363212143104.000000 -1.006767869 0.450601012 0.625537932 -0.648273706 -0.495717198 -0.409847647 0.407468408
1403715363712143104.000000 -1.004994869 0.469503105 0.667350590 -0.689341187 -0.439670056 -0.465271622 0.339148104
1403715366512143104.000000 -0.540643394 -0.147763252 0.984741211 -0.805875003 -0.127502829 -0.566354871 0.116407901
1403715369362142976.000000 0.554401398 -1.533642530 1.052530408 -0.797114968 -0.217464060 -0.542293549 0.152429581
1403715371062142976.000000 1.435783982 -1.969597816 1.022271037 -0.769772887 -0.313185573 -0.513813734 0.212978885
1403715373962142976.000000 3.464152098 -1.678075552 1.061779618 -0.700456977 -0.419445336 -0.501994491 0.285354406
1403715376812143104.000000 3.773957729 -0.565081596 0.958376646 -0.633062184 -0.508925378 -0.464391828 0.352941126
1403715377262142976.000000 3.632672548 -0.466133058 0.913745105 -0.621078551 -0.518546462 -0.463511348 0.361287028
1403715379812143104.000000 2.401118755 -0.476743191 0.843976259 -0.628049195 -0.540479302 -0.442690700 0.342726171
1403715382762142976.000000 0.433216602 0.132564008 0.906691909 -0.723167002 -0.406642824 -0.485840768 0.275009096
1403715385662142976.000000 0.133159772 1.078088641 0.848309875 -0.823743701 -0.004860355 -0.565661371 0.038079821
1403715388162142976.000000 0.477404892 0.008032084 0.915262818 -0.830395520 -0.034275562 -0.554304242 0.044893440
1403715389612143104.000000 0.912222385 -1.040731788 0.792557299 -0.815652132 -0.059903461 -0.573974848 0.040941387
1403715392362142976.000000 2.565068960 -1.506882191 0.839031398 -0.749696314 -0.347794056 -0.507361233 0.244088933
1403715394412143104.000000 3.609246969 -1.230730772 0.937259793 -0.420851022 -0.699509740 -0.305082232 0.490403265
1403715394912143104.000000 3.595798016 -1.246398330 0.923666894 -0.291407913 -0.765191436 -0.212833151 0.533165514
1403715395412143104.000000 3.537516594 -1.328791738 0.899893343 -0.148527563 -0.810990393 -0.110229075 0.555052996
1403715398212143104.000000 2.499866247 -1.393394589 0.559175730 -0.020743009 -0.803343594 -0.007457544 0.595107794
1403715398712143104.000000 2.310146809 -1.255851984 0.509554207 -0.022706635 -0.803460300 -0.031505086 0.594090521
1403715399212143104.000000 2.259434223 -1.233437061 0.485625088 -0.017825181 -0.800176263 -0.038554821 0.598259032
1403715399712143104.000000 2.347842216 -1.362635136 0.471580058 -0.021748135 -0.826274097 -0.029681975 0.562065125
1403715400212143104.000000 2.399723768 -1.574512243 0.495970815 -0.049347907 -0.830308974 -0.054719970 0.552410722
1403715400962142976.000000 2.236489296 -2.029617786 0.521686137 -0.234939575 -0.803495824 -0.139808252 0.528820932
1403715402112143104.000000 1.523018360 -2.375552416 0.601997077 -0.288376808 -0.764348805 -0.194209293 0.543040097
1403715402312143104.000000 1.404463530 -2.386134148 0.617261231 -0.285188437 -0.753598034 -0.209666818 0.553893030
1403715403012143104.000000 1.055656552 -2.535740137 0.622107148 -0.348537773 -0.741074443 -0.230807751 0.525412142
1403715403462142976.000000 0.849623621 -2.629940987 0.639478803 -0.363993287 -0.750979602 -0.226666510 0.502156138
1403715403812143104.000000 0.687826574 -2.608991146 0.653727770 -0.413827151 -0.728510439 -0.252213001 0.484157413
1403715404212143104.000000 0.501718342 -2.485252142 0.679099798 -0.470721453 -0.683669269 -0.313389003 0.461307973
1403715404412143104.000000 0.404593945 -2.398531675 0.687861443 -0.480798244 -0.670831442 -0.344593555 0.447295845
1403715405262142976.000000 -0.109724924 -2.079344749 0.644948959 -0.560976028 -0.591285586 -0.371049881 0.444982260
1403715405712143104.000000 -0.281336933 -1.958480835 0.606788158 -0.645828128 -0.516822100 -0.428211331 0.363917679
1403715405912143104.000000 -0.337302893 -1.900086045 0.590327084 -0.676883399 -0.483445197 -0.448519707 0.327016562
1403715406162142976.000000 -0.399019390 -1.811560512 0.563845456 -0.706363559 -0.422266454 -0.483152479 0.298840106
1403715406362142976.000000 -0.444131285 -1.738766074 0.531237543 -0.732310057 -0.375404894 -0.498264343 0.272994190
1403715406762142976.000000 -0.501265705 -1.597342849 0.450817764 -0.776848018 -0.286572516 -0.514558494 0.222739577
1403715407212143104.000000 -0.487954974 -1.461344600 0.373292059 -0.807350993 -0.201396242 -0.532675862 0.154532701
1403715407412143104.000000 -0.457615077 -1.402116060 0.349766374 -0.821168482 -0.185931817 -0.522782028 0.133456469
1403715410312143104.000000 0.304342836 -0.418231517 0.667570412 -0.751843512 -0.335002095 -0.518272877 0.232159764
1403715410812143104.000000 0.369510233 -0.288840860 0.645946980 -0.738288045 -0.339492440 -0.534037769 0.233408123
1403715411312143104.000000 0.368471801 -0.168589264 0.615336895 -0.739359319 -0.344750404 -0.517454743 0.258332342
1403715411512143104.000000 0.360507965 -0.138103753 0.607290864 -0.731081843 -0.341152072 -0.524696052 0.271714360
1403715412012143104.000000 0.331769824 -0.128318220 0.579950154 -0.732149541 -0.355874628 -0.517462492 0.263709903
1403715412312143104.000000 0.307987869 -0.145793468 0.562991440 -0.735303342 -0.357675731 -0.513416708 0.260385036
1403715412662142976.000000 0.279448539 -0.174170613 0.546074271 -0.740305781 -0.358974457 -0.507297695 0.256386071
1403715413162142976.000000 0.253248692 -0.193428785 0.521130860 -0.738334298 -0.359542370 -0.511514544 0.252872944
1403715413612143104.000000 0.233229518 -0.200917974 0.399550974 -0.738229632 -0.350046515 -0.512041926 0.265136719
1403715414012143104.000000 0.222344667 -0.230742320 0.315489918 -0.733804941 -0.357460141 -0.519263268 0.253215909
1403715414412143104.000000 0.192341387 -0.251083195 0.314098597 -0.749935329 -0.364508748 -0.497299790 0.239631653
1403715414762142976.000000 0.175098777 -0.215543538 0.303231835 -0.740435302 -0.355923295 -0.512266099 0.250315100
1403715415112143104.000000 0.160671636 -0.172583014 0.239843652 -0.748316824 -0.329324245 -0.505555451 0.275646806
1403715415562142976.000000 0.185994148 -0.175806567 0.179628268 -0.740858793 -0.342216551 -0.527404189 0.236349151
1403715415962142976.000000 0.182219490 -0.174225122 0.159236953 -0.738360941 -0.340966165 -0.533465683 0.232335165
1403715416062142976.000000 0.182515875 -0.174318597 0.159524158 -0.739096463 -0.343238086 -0.532334685 0.229224458
1403715416562142976.000000 0.182667196 -0.174064413 0.158585101 -0.741659105 -0.341608077 -0.529425323 0.230118483
1403715416962142976.000000 0.180777848 -0.176468849 0.157308996 -0.742287338 -0.341423362 -0.528529882 0.230425581
1403715417112143104.000000 0.179826066 -0.176990375 0.157053515 -0.742397606 -0.341282070 -0.528395236 0.230587944
1403715417612143104.000000 0.176998079 -0.178876966 0.157688692 -0.742476404 -0.340959877 -0.528335571 0.230947241
1403715418112143104.000000 0.175786301 -0.180000469 0.158851653 -0.742561758 -0.340841413 -0.528279364 0.230976522
1403715418612143104.000000 0.175824225 -0.180320054 0.159281522 -0.742668271 -0.340603799 -0.528239667 0.231075212
