#LBA time[ms],KF opt[#],KF fixed[#],MP[#],Edges[#]
0.008680,3,1,0,1806
0.001505,4,1,0,2183
0.424643,5,1,0,2700
0.397614,6,1,0,3276
0.691807,7,1,0,3850
1.024777,8,1,0,4433
1.597920,9,1,0,5064
1.473494,10,1,0,5482
1.806483,0,0,0,0
89.361583,0,0,0,0
1.904120,0,0,0,0
1.668962,0,0,0,0
2.252898,0,0,0,0
2.700669,0,0,0,0
2.847625,0,0,0,0
3.792416,0,0,0,0
4.565102,0,0,0,0
3.365008,0,0,0,0
3.850727,0,0,0,0
4.081273,0,0,0,0
7.207895,0,0,0,0
5.007933,0,0,0,0
4.458229,0,0,0,0
3.888621,0,0,0,0
4.619646,0,0,0,0
4.898298,0,0,0,0
6.454103,0,0,0,0
5.086342,0,0,0,0
5.751487,0,0,0,0
4.942813,0,0,0,0
4.333797,0,0,0,0
4.274984,0,0,0,0
5.054697,0,0,0,0
6.437637,0,0,0,0
4.413182,0,0,0,0
4.192875,0,0,0,0
4.693218,0,0,0,0
4.297307,0,0,0,0
5.239938,0,0,0,0
5.335656,0,0,0,0
6.042862,0,0,0,0
6.988101,0,0,0,0
6.274842,0,0,0,0
9.344841,0,0,0,0
7.211759,0,0,0,0
7.069972,0,0,0,0
6.982661,0,0,0,0
7.888358,0,0,0,0
9.632618,0,0,0,0
6.512044,0,0,0,0
7.073480,0,0,0,0
8.118894,0,0,0,0
7.334147,0,0,0,0
11.079587,0,0,0,0
8.353475,0,0,0,0
9.719396,0,0,0,0
10.678231,0,0,0,0
10.937187,0,0,0,0
8.631644,0,0,0,0
9.071216,0,0,0,0
10.408346,0,0,0,0
10.006180,0,0,0,0
6.958355,0,0,0,0
9.028128,0,0,0,0
6.840066,0,0,0,0
6.822338,0,0,0,0
6.593501,0,0,0,0
5.275743,0,0,0,0
6.472870,0,0,0,0
7.227108,0,0,0,0
6.519937,0,0,0,0
4.499387,0,0,0,0
5.407883,0,0,0,0
4.855046,0,0,0,0
10.959703,0,0,0,0
6.823728,0,0,0,0
7.423392,0,0,0,0
10.161967,0,0,0,0
8.464216,0,0,0,0
8.636838,0,0,0,0
9.390283,0,0,0,0
9.352205,0,0,0,0
6.185970,0,0,0,0
5.841282,0,0,0,0
6.919142,0,0,0,0
9.528559,0,0,0,0
10.136692,0,0,0,0
17.215760,0,0,0,0
10.715242,0,0,0,0
15.981824,0,0,0,0
11.040394,0,0,0,0
15.150988,0,0,0,0
13.200001,0,0,0,0
10.364825,0,0,0,0
12.958005,0,0,0,0
11.110307,0,0,0,0
9.977023,0,0,0,0
11.531775,0,0,0,0
6.823963,0,0,0,0
9.847294,0,0,0,0
6.876795,0,0,0,0
10.804250,0,0,0,0
8.781772,0,0,0,0
9.936178,0,0,0,0
8.649050,0,0,0,0
11.467858,0,0,0,0
5.835530,0,0,0,0
10.155859,0,0,0,0
5.649356,0,0,0,0
7.300493,0,0,0,0
6.333227,0,0,0,0
9.931572,0,0,0,0
7.985559,0,0,0,0
9.763481,0,0,0,0
6.715653,0,0,0,0
8.593380,0,0,0,0
9.315204,0,0,0,0
9.001161,0,0,0,0
11.769220,0,0,0,0
8.808205,0,0,0,0
9.611454,0,0,0,0
10.837495,0,0,0,0
8.469574,0,0,0,0
9.461499,0,0,0,0
12.693860,0,0,0,0
9.398402,0,0,0,0
10.119948,0,0,0,0
10.390027,0,0,0,0
9.130691,0,0,0,0
8.917935,0,0,0,0
7.287779,0,0,0,0
9.973473,0,0,0,0
6.521242,0,0,0,0
6.684127,0,0,0,0
6.213763,0,0,0,0
8.418756,0,0,0,0
6.911771,0,0,0,0
6.661335,0,0,0,0
8.904205,0,0,0,0
6.556423,0,0,0,0
7.726957,0,0,0,0
7.236906,0,0,0,0
7.905273,0,0,0,0
7.371389,0,0,0,0
6.121349,0,0,0,0
5.975237,0,0,0,0
9.034561,0,0,0,0
7.125225,0,0,0,0
6.800659,0,0,0,0
10.708613,0,0,0,0
7.940716,0,0,0,0
6.329871,0,0,0,0
9.775487,0,0,0,0
8.360979,0,0,0,0
7.348695,0,0,0,0
11.332275,0,0,0,0
12.639550,0,0,0,0
11.735653,0,0,0,0
9.464639,0,0,0,0
12.735234,0,0,0,0
13.548153,0,0,0,0
8.531622,0,0,0,0
12.530764,0,0,0,0
17.346580,0,0,0,0
15.728237,0,0,0,0
12.544603,0,0,0,0
11.473321,0,0,0,0
12.213266,0,0,0,0
10.621692,0,0,0,0
15.556411,0,0,0,0
11.949484,0,0,0,0
12.201201,0,0,0,0
12.918792,0,0,0,0
14.637029,0,0,0,0
12.442292,0,0,0,0
12.988488,0,0,0,0
12.919273,0,0,0,0
14.352008,0,0,0,0
17.114734,0,0,0,0
12.742616,0,0,0,0
12.922526,0,0,0,0
13.428945,0,0,0,0
17.665953,0,0,0,0
15.124666,0,0,0,0
13.811816,0,0,0,0
20.463684,0,0,0,0
17.354306,0,0,0,0
14.043918,0,0,0,0
13.905239,0,0,0,0
12.423481,0,0,0,0
14.186183,0,0,0,0
14.835849,0,0,0,0
15.134503,0,0,0,0
14.161829,0,0,0,0
13.408434,0,0,0,0
13.741100,0,0,0,0
15.669791,0,0,0,0
16.318471,0,0,0,0
11.453731,0,0,0,0
15.940552,0,0,0,0
19.394280,0,0,0,0
16.630268,0,0,0,0
13.765383,0,0,0,0
16.037732,0,0,0,0
10.216300,0,0,0,0
14.980231,0,0,0,0
10.287894,0,0,0,0
11.965991,0,0,0,0
11.908006,0,0,0,0
12.986792,0,0,0,0
8.097940,0,0,0,0
8.040792,0,0,0,0
11.607959,0,0,0,0
8.845520,0,0,0,0
9.208787,0,0,0,0
12.312606,0,0,0,0
9.379082,0,0,0,0
9.442759,0,0,0,0
13.134915,0,0,0,0
11.484183,0,0,0,0
10.526826,0,0,0,0
11.153830,0,0,0,0
13.271240,0,0,0,0
12.386709,0,0,0,0
12.748923,0,0,0,0
11.979029,0,0,0,0
15.573358,0,0,0,0
12.075561,0,0,0,0
16.866301,0,0,0,0
12.337917,0,0,0,0
15.641640,0,0,0,0
18.179557,0,0,0,0
10.334177,0,0,0,0
12.104034,0,0,0,0
15.818718,0,0,0,0
14.592209,0,0,0,0
10.136093,0,0,0,0
13.497374,0,0,0,0
12.107638,0,0,0,0
13.155638,0,0,0,0
14.353153,0,0,0,0
11.503319,0,0,0,0
15.888230,0,0,0,0
8.670742,0,0,0,0
10.284719,0,0,0,0
7.535563,0,0,0,0
12.727159,0,0,0,0
9.682531,0,0,0,0
11.277788,0,0,0,0
7.895858,0,0,0,0
12.878210,0,0,0,0
16.282580,0,0,0,0
10.303257,0,0,0,0
11.040865,0,0,0,0
9.439037,0,0,0,0
9.156644,0,0,0,0
12.294723,0,0,0,0
13.829818,0,0,0,0
11.243894,0,0,0,0
15.291988,0,0,0,0
13.940897,0,0,0,0
14.291210,0,0,0,0
21.824194,0,0,0,0
12.762147,0,0,0,0
13.272041,0,0,0,0
11.754706,0,0,0,0
12.723498,0,0,0,0
12.951610,0,0,0,0
13.395323,0,0,0,0
11.936510,0,0,0,0
11.347481,0,0,0,0
15.946288,0,0,0,0
17.374206,0,0,0,0
16.171162,0,0,0,0
15.631180,0,0,0,0
16.457704,0,0,0,0
13.022791,0,0,0,0
16.794070,0,0,0,0
17.317267,0,0,0,0
18.081956,0,0,0,0
17.062446,0,0,0,0
20.347046,0,0,0,0
18.075315,0,0,0,0
21.728802,0,0,0,0
18.257594,0,0,0,0
19.472319,0,0,0,0
20.357036,0,0,0,0
17.198990,0,0,0,0
17.414450,0,0,0,0
23.874623,0,0,0,0
15.668942,0,0,0,0
18.239265,0,0,0,0
16.523254,0,0,0,0
18.904702,0,0,0,0
18.373403,0,0,0,0
15.013115,0,0,0,0
16.454026,0,0,0,0
16.705032,0,0,0,0
12.545219,0,0,0,0
16.668016,0,0,0,0
14.696679,0,0,0,0
20.064884,0,0,0,0
17.549841,0,0,0,0
15.344675,0,0,0,0
17.317766,0,0,0,0
19.714210,0,0,0,0
18.902217,0,0,0,0
20.766671,0,0,0,0
15.313537,0,0,0,0
16.184114,0,0,0,0
20.345158,0,0,0,0
12.938976,0,0,0,0
16.260093,0,0,0,0
16.070862,0,0,0,0
16.380841,0,0,0,0
18.237285,0,0,0,0
18.512209,0,0,0,0
18.458399,0,0,0,0
18.349690,0,0,0,0
20.943224,0,0,0,0
23.892233,0,0,0,0
21.432411,0,0,0,0
20.294848,0,0,0,0
19.198929,0,0,0,0
23.369945,0,0,0,0
28.531276,0,0,0,0
17.438833,0,0,0,0
23.932167,0,0,0,0
20.632812,0,0,0,0
20.857269,0,0,0,0
20.540425,0,0,0,0
17.164885,0,0,0,0
21.340370,0,0,0,0
23.129856,0,0,0,0
23.036906,0,0,0,0
24.938940,0,0,0,0
26.414224,0,0,0,0
23.435774,0,0,0,0
20.648323,0,0,0,0
24.705298,0,0,0,0
23.052268,0,0,0,0
19.926999,0,0,0,0
27.944117,0,0,0,0
28.355429,0,0,0,0
28.087372,0,0,0,0
25.357653,0,0,0,0
29.415088,0,0,0,0
25.618891,0,0,0,0
17.145097,0,0,0,0
13.581450,0,0,0,0
14.793220,0,0,0,0
10.671517,0,0,0,0
5.462953,0,0,0,0
10.345374,0,0,0,0
9.317857,0,0,0,0
7.381683,0,0,0,0
6.231973,0,0,0,0
9.477996,0,0,0,0
10.077461,0,0,0,0
8.195654,0,0,0,0
13.092176,0,0,0,0
14.318574,0,0,0,0
16.504688,0,0,0,0
15.518836,0,0,0,0
13.024931,0,0,0,0
13.845631,0,0,0,0
14.838906,0,0,0,0
13.850832,0,0,0,0
12.154780,0,0,0,0
21.320131,0,0,0,0
17.463431,0,0,0,0
18.837301,0,0,0,0
16.469028,0,0,0,0
16.339135,0,0,0,0
19.702080,0,0,0,0
16.217917,0,0,0,0
14.571026,0,0,0,0
18.488183,0,0,0,0
11.945957,0,0,0,0
22.242995,0,0,0,0
22.188275,0,0,0,0
23.613689,0,0,0,0
20.582195,0,0,0,0
17.209909,0,0,0,0
18.350745,0,0,0,0
17.646250,0,0,0,0
14.584366,0,0,0,0
15.127925,0,0,0,0
19.537133,0,0,0,0
14.403546,0,0,0,0
12.615295,0,0,0,0
15.340355,0,0,0,0
19.809613,0,0,0,0
18.571064,0,0,0,0
18.722311,0,0,0,0
20.482239,0,0,0,0
18.430257,0,0,0,0
19.994665,0,0,0,0
17.757478,0,0,0,0
21.377377,0,0,0,0
21.974513,0,0,0,0
16.476963,0,0,0,0
19.206603,0,0,0,0
20.214241,0,0,0,0
22.379155,0,0,0,0
19.360027,0,0,0,0
27.507932,0,0,0,0
23.702716,0,0,0,0
18.005226,0,0,0,0
19.279855,0,0,0,0
21.601137,0,0,0,0
22.289863,0,0,0,0
21.025775,0,0,0,0
23.886424,0,0,0,0
19.638535,0,0,0,0
22.912466,0,0,0,0
19.847957,0,0,0,0
25.230253,0,0,0,0
19.096980,0,0,0,0
19.514885,0,0,0,0
20.588178,0,0,0,0
19.130441,0,0,0,0
21.924437,0,0,0,0
20.511645,0,0,0,0
20.161131,0,0,0,0
19.403870,0,0,0,0
27.958527,0,0,0,0
32.657961,0,0,0,0
22.692803,0,0,0,0
22.681440,0,0,0,0
26.654144,-1718252728,68,-961053182,-888130517
25.401134,32115,0,1091954460,1080167398
