1403715528412143104.000000 -1.047313094 1.140490055 -0.708108664 -0.602404237 -0.556186855 -0.429083079 0.379016072
1403715529662142976.000000 -1.188409805 1.270245433 -0.413813621 -0.557248354 -0.608621776 -0.386818051 0.411613494
1403715532262142976.000000 -2.252675056 1.890211821 0.286297143 -0.481397092 -0.642957509 -0.355816096 0.477762997
1403715532712143104.000000 -2.329443932 1.948215723 0.264937103 -0.496044636 -0.632921576 -0.312063605 0.505931139
1403715534912143104.000000 0.034688383 1.581952214 0.218704402 -0.644494653 -0.531868517 -0.425289989 0.347665161
1403715536712143104.000000 2.207475901 2.637580633 -0.138625219 -0.592534602 -0.570784330 -0.461040586 0.332490176
1403715537912143104.000000 1.757291913 3.083334923 0.041796789 -0.601733327 -0.509987831 -0.447522670 0.421370357
1403715540212143104.000000 0.564847231 0.868745804 -0.191237807 -0.832614422 -0.185863584 -0.493738472 0.168612763
1403715543112143104.000000 3.136795759 0.175411209 0.199967057 -0.734105825 -0.323136628 -0.539401591 0.256354064
1403715543862142976.000000 3.240587950 0.125939637 0.078425646 -0.708975494 -0.314557463 -0.593805432 0.214015499
1403715544312143104.000000 3.024915934 -0.031772904 -0.089856625 -0.774663806 -0.191452280 -0.590930343 0.118504502
1403715545162142976.000000 2.211961269 -0.235916793 -0.318226606 -0.808320880 -0.025447305 -0.587895691 0.018669086
1403715545312143104.000000 2.038811684 -0.262595922 -0.312704414 -0.813801467 -0.006000788 -0.581093788 0.004602345
1403715546762142976.000000 0.424026489 -0.765327930 -0.214800626 -0.779351532 -0.294400126 -0.517783344 0.194525898
1403715547162142976.000000 0.058844209 -0.864140451 -0.169227511 -0.719541252 -0.454846829 -0.451254457 0.267851233
1403715547462142976.000000 -0.173383623 -0.830949068 -0.134848118 -0.657773256 -0.548392951 -0.410891682 0.312678128
1403715547662142976.000000 -0.331145048 -0.745695710 -0.122764364 -0.618592441 -0.601592004 -0.375834674 0.337903470
1403715547812143104.000000 -0.455650717 -0.643005848 -0.113968775 -0.582306564 -0.639405608 -0.353397429 0.356636882
1403715547962142976.000000 -0.589025795 -0.506683767 -0.104293808 -0.544492066 -0.665280342 -0.336529940 0.384289145
1403715548112143104.000000 -0.730730712 -0.343974799 -0.093491971 -0.511498690 -0.669354677 -0.337680668 0.419887185
1403715549562142976.000000 -2.291317225 1.167861819 -0.298242658 -0.481709719 -0.641874850 -0.321689218 0.502462506
1403715549712143104.000000 -2.417016983 1.272071123 -0.320015877 -0.501629829 -0.639922440 -0.301164985 0.498163193
1403715550162142976.000000 -2.587441683 1.592824697 -0.352038741 -0.599970520 -0.559762895 -0.331626028 0.465537548
1403715550312143104.000000 -2.558091164 1.702332616 -0.329222083 -0.629531622 -0.536369264 -0.362827986 0.429364592
1403715550562142976.000000 -2.438096762 1.884346008 -0.241620347 -0.667734325 -0.486498207 -0.421235263 0.374180734
1403715550712143104.000000 -2.341867447 1.989926457 -0.210013062 -0.696849048 -0.442231983 -0.441721648 0.351730317
1403715550962142976.000000 -2.148597240 2.150887728 -0.219624758 -0.746191800 -0.354647845 -0.458079338 0.328003287
1403715551162142976.000000 -1.940518618 2.248664379 -0.228720024 -0.769692063 -0.299259692 -0.486283660 0.285562515
1403715551462142976.000000 -1.546618581 2.325614214 -0.171018332 -0.799974263 -0.194974244 -0.514823735 0.238710716
1403715551712143104.000000 -1.165108562 2.301620483 -0.114874884 -0.801839769 -0.123178318 -0.559790969 0.168861642
1403715551962142976.000000 -0.789695978 2.201289892 -0.058355566 -0.784542918 -0.044479430 -0.608953595 0.108118914
1403715552562142976.000000 -0.218239933 1.791227102 0.038119141 0.757466853 -0.124392942 0.636496127 0.075120635
1403715553862142976.000000 -1.187271118 1.126873374 -0.063881069 0.587859333 -0.525149941 0.475266099 0.390846640
1403715555112143104.000000 -1.948934674 1.041554332 -0.331212074 0.659021258 -0.428851485 0.405320883 0.466360927
1403715557762142976.000000 -1.283143520 0.826238155 0.088768691 0.664109826 -0.498483449 0.435473531 0.347613573
1403715558962142976.000000 -1.231480360 -0.456525266 0.221534207 0.637250125 -0.464323878 0.479952961 0.384656847
1403715559262142976.000000 -1.157099009 -0.601905346 0.220970735 0.672816634 -0.408073694 0.500784636 0.360566884
1403715562062142976.000000 1.272541523 0.339138329 0.099717751 -0.781983435 -0.102886282 -0.612162113 0.056338176
1403715564412143104.000000 0.857334197 2.110929966 -0.149557978 -0.544804990 -0.578792632 -0.396021545 0.459732175
1403715566012143104.000000 -0.008381128 1.676765442 0.350816011 0.049546733 -0.794793308 0.034576539 0.603865325
1403715566312143104.000000 0.021025494 1.511930108 0.442395002 0.195890799 -0.773229063 0.140285090 0.586569548
1403715566712143104.000000 0.172948256 1.340015054 0.479350746 0.358846247 -0.707569182 0.258283436 0.551239431
1403715567012143104.000000 0.377842575 1.261344433 0.459182292 0.478315681 -0.634448111 0.352936149 0.494091004
1403715567312143104.000000 0.628010392 1.255967498 0.434519589 0.605104685 -0.534068942 0.446308106 0.386558771
1403715567662142976.000000 0.919965208 1.315316319 0.338371873 0.735317588 -0.364521086 0.506028235 0.265269727
1403715567962142976.000000 1.175209761 1.398880482 0.206898332 0.785102129 -0.206936762 0.559084296 0.167978391
1403715568162142976.000000 1.338187218 1.479202867 0.132796884 0.796343267 -0.104274958 0.586237729 0.106252573
1403715568312143104.000000 1.445957899 1.559504271 0.080726102 0.799976707 -0.034085825 0.596649289 0.053714301
1403715570612143104.000000 1.028826952 2.873118877 -0.137192801 -0.431637198 -0.659222662 -0.360187411 0.499379516
1403715572012143104.000000 0.203841835 2.187752247 -0.410584718 -0.323316485 -0.807980657 -0.047134455 0.490318418
1403715574262142976.000000 -1.542488456 2.455672026 -0.325638890 0.331738144 -0.773793995 0.211447716 0.496470153
1403715574412143104.000000 -1.687209129 2.402044296 -0.289907992 0.387578279 -0.732555032 0.227134734 0.511425614
1403715575312143104.000000 -2.200644016 1.783763766 -0.144527256 0.432315916 -0.666067183 0.299518675 0.528910279
1403715575662142976.000000 -2.225619316 1.536320329 -0.077037752 0.435381025 -0.676724732 0.252643347 0.537269354
1403715575812143104.000000 -2.190581083 1.429116726 -0.040978000 0.436619043 -0.673321784 0.234960482 0.548447967
1403715576962142976.000000 -1.132089972 0.676395357 0.189824969 0.375466764 -0.704593837 0.261005491 0.542631030
1403715578662142976.000000 0.809774816 0.848198593 -0.194078192 0.158802539 -0.850006223 0.110552013 0.489948422
1403715578862142976.000000 0.846395552 0.940104663 -0.291150659 0.144765824 -0.872148991 0.072955638 0.461602241
1403715579262142976.000000 0.680393636 0.951004505 -0.383370697 0.185977772 -0.806970060 0.002186402 0.560541570
1403715579412143104.000000 0.602402925 0.869913518 -0.392538309 0.186263412 -0.798536897 -0.000262284 0.572402656
1403715582162142976.000000 -0.147253990 -1.156001210 -0.416468322 0.163887098 -0.786297500 0.095194183 0.588060737
1403715583512143104.000000 -0.655253947 -1.570643783 -0.549443662 0.138554752 -0.769432902 0.128879845 0.610053778
1403715583862142976.000000 -0.704722762 -1.683339953 -0.622779965 -0.130792871 0.681311131 -0.151026845 -0.704201221
1403715584162142976.000000 -0.410773158 -1.602561593 -0.586362183 0.121454023 -0.723003149 0.176202953 0.656862259
1403715586662142976.000000 0.875055432 -0.578702331 -0.349580407 0.175931334 -0.768159926 0.103500202 0.606849551
1403715587162142976.000000 0.971322060 -0.592550278 -0.337477446 0.157554433 -0.806578934 0.114953533 0.558025777
1403715587562142976.000000 1.063311934 -0.607535124 -0.281327009 0.144742236 -0.794630170 0.143714607 0.571802974
1403715588012143104.000000 1.169165134 -0.486494839 -0.211210296 0.038267363 -0.811960876 0.082369521 0.576602519
1403715588312143104.000000 1.241096497 -0.308668971 -0.227066636 -0.050923310 -0.790457428 -0.008122843 0.610342443
1403715588462142976.000000 1.302560210 -0.213821054 -0.285533488 -0.097439215 -0.783592224 -0.043878969 0.612015903
1403715588662142976.000000 1.419851422 -0.084746882 -0.361018360 -0.155714661 -0.781949043 -0.083269469 0.597808421
1403715588862142976.000000 1.565385222 0.046251416 -0.438397408 -0.208373085 -0.797057748 -0.122758530 0.553362370
1403715589062142976.000000 1.703879714 0.183589071 -0.516607463 -0.259022206 -0.814180017 -0.158829451 0.494764149
1403715589312143104.000000 1.800402641 0.384276986 -0.552229702 -0.311749607 -0.806896269 -0.190849841 0.464011669
1403715589512143104.000000 1.804318666 0.580785036 -0.530785561 -0.353710473 -0.800864577 -0.205967814 0.437129408
1403715591212143104.000000 0.110605627 2.515162945 0.193662986 -0.060895294 -0.828414917 -0.079471111 0.551094234
1403715591412143104.000000 -0.186295718 2.607915401 0.255260229 0.033797439 -0.833106041 -0.042614102 0.550432742
1403715591612143104.000000 -0.489815772 2.652013540 0.296815693 0.109872960 -0.830623031 0.011864520 0.545758665
1403715591812143104.000000 -0.798600674 2.652117491 0.291518420 0.177982748 -0.815851688 0.059207186 0.546994388
1403715592262142976.000000 -1.445513010 2.477491617 0.139173821 0.336315781 -0.752687037 0.131195799 0.550582886
1403715592462142976.000000 -1.659714937 2.296693563 0.112999149 0.405833423 -0.713055909 0.170550242 0.545676827
1403715592712143104.000000 -1.818477273 1.998679399 0.105153590 0.489221573 -0.656275392 0.214635253 0.532819510
1403715592912143104.000000 -1.842293382 1.716705441 0.097701609 0.529637337 -0.633499026 0.286353320 0.485968322
1403715593312143104.000000 -1.760904431 1.124021411 0.076407522 0.604076982 -0.556050599 0.415701479 0.391268551
1403715593812143104.000000 -1.541280389 0.448545843 0.059127063 0.702794909 -0.387713075 0.485355437 0.346681446
1403715594212143104.000000 -1.216294885 0.096087925 0.045401614 0.773288488 -0.269207686 0.519596636 0.244072869
1403715594712143104.000000 -0.687135935 -0.100396261 0.045549180 0.825833261 -0.092598572 0.537550628 0.143053427
1403715594912143104.000000 -0.432588220 -0.096119523 0.038592570 0.848052561 -0.040690176 0.524757922 0.061484031
1403715595162142976.000000 -0.063923642 -0.058479734 0.029962158 -0.851176381 -0.036900118 -0.523309052 0.016876917
1403715597712143104.000000 0.999626160 1.634208918 0.450620681 -0.623761177 -0.516472816 -0.435687095 0.392879963
1403715597962142976.000000 1.057462215 2.021302223 0.481719404 -0.591215670 -0.545560658 -0.425655752 0.414300442
1403715598212143104.000000 1.125052929 2.362797976 0.500677705 -0.569182336 -0.549488485 -0.439665884 0.425191492
1403715600312143104.000000 1.714913726 2.226988316 -0.202867642 -0.547596157 -0.607205451 -0.441623032 0.369336247
1403715600512143104.000000 1.729240656 2.115755796 -0.289803237 -0.515004933 -0.650938332 -0.399571449 0.389091134
1403715600712143104.000000 1.688450575 2.016617537 -0.364178598 -0.487679005 -0.687864184 -0.328585923 0.425491899
1403715601212143104.000000 1.465871334 1.878559470 -0.322458297 -0.368380606 -0.744335890 -0.270826787 0.486736894
1403715601462142976.000000 1.305768728 1.832344890 -0.215238541 -0.348975956 -0.749890685 -0.273327082 0.491092771
1403715601812143104.000000 1.023832560 1.754590511 -0.094841152 -0.353432059 -0.740344942 -0.265221119 0.506589532
1403715602062142976.000000 0.805556715 1.687806010 -0.018243486 -0.362430483 -0.704997540 -0.293942273 0.534060597
1403715602562142976.000000 0.455935270 1.419844985 0.060958885 -0.467798144 -0.666606665 -0.333170146 0.475182265
1403715602962142976.000000 0.220190436 1.152020812 0.013637930 -0.539243340 -0.621837318 -0.387244821 0.415423304
1403715603412143104.000000 -0.094948612 0.878333449 -0.182115614 -0.610663712 -0.563104749 -0.420121938 0.365377307
1403715603812143104.000000 -0.400587410 0.708341777 -0.305348873 -0.646001935 -0.513358712 -0.405446231 0.393392593
1403715604012143104.000000 -0.505394280 0.645315886 -0.322752625 -0.664537311 -0.518415987 -0.378006250 0.383074820
1403715604412143104.000000 -0.602432907 0.608444870 -0.336378604 -0.641374171 -0.539160430 -0.413713425 0.356070936
1403715604912143104.000000 -0.692446411 0.681405604 -0.379407316 -0.626256049 -0.531575680 -0.436487436 0.367027938
1403715605262142976.000000 -0.768101096 0.755987883 -0.389402300 -0.624601305 -0.533579946 -0.434209049 0.369632393
1403715605512143104.000000 -0.823913515 0.819738805 -0.395042866 -0.626727283 -0.528358459 -0.424424052 0.384596378
1403715605862142976.000000 -0.876066864 0.910453737 -0.462134987 -0.619757473 -0.536610305 -0.429828942 0.378414154
1403715606212143104.000000 -0.918710172 1.005762577 -0.538402081 -0.612756670 -0.540103555 -0.434030801 0.380045712
1403715606562142976.000000 -0.971243858 1.095335484 -0.584499657 -0.615543425 -0.534928560 -0.421153963 0.396972507
1403715607012143104.000000 -0.990834773 1.180107474 -0.626755476 -0.600505710 -0.535014033 -0.430660993 0.409492493
1403715607362142976.000000 -0.988213658 1.198497653 -0.674817085 -0.598335326 -0.548730016 -0.431829065 0.392955422
1403715607812143104.000000 -1.025202990 1.181299806 -0.701412797 -0.602061331 -0.547012985 -0.432834983 0.388526559
1403715608162142976.000000 -1.040523529 1.175685644 -0.718635857 -0.600133121 -0.553752244 -0.431050241 0.383919775
1403715608662142976.000000 -1.039966464 1.175579190 -0.720247209 -0.599631071 -0.553032577 -0.431688011 0.385023504
1403715609162142976.000000 -1.039945126 1.171833277 -0.718693316 -0.599849284 -0.552710354 -0.431458443 0.385403454
