1403638147795097088.000000 -0.108834140 1.803380132 -0.614292145 -0.576661944 -0.608779788 -0.370991409 0.399015903
1403638148095097088.000000 -0.109640315 1.832907557 -0.579539001 -0.568345726 -0.591377258 -0.391286761 0.417313665
1403638150845096960.000000 -0.538317084 2.351111174 -0.235094741 -0.517390072 -0.651214600 -0.349541873 0.431332260
1403638152245096960.000000 -1.414849281 2.751299620 -0.086684376 -0.387294501 -0.729167104 -0.275575817 0.492317379
1403638152895097088.000000 -1.971190095 2.890152693 -0.070841439 -0.379194885 -0.731727600 -0.264476061 0.500837743
1403638153195097088.000000 -2.262105703 2.952658176 -0.008244686 -0.352362812 -0.749711454 -0.239189625 0.506519020
1403638153445096960.000000 -2.509247303 3.012508154 0.029095469 -0.329683512 -0.762827635 -0.226290539 0.508129418
1403638155345096960.000000 -4.623003960 3.070026875 0.186835140 -0.185169473 -0.788556337 -0.159990534 0.564175785
1403638155695097088.000000 -4.968229771 2.904579163 0.191736996 -0.147981957 -0.787774861 -0.124825545 0.584748328
1403638155845096960.000000 -5.100479603 2.813723326 0.175772741 -0.125343293 -0.791407406 -0.100148447 0.589859188
1403638155995097088.000000 -5.218166828 2.714394808 0.157064334 -0.097848147 -0.805102587 -0.072310753 0.580522954
1403638156295097088.000000 -5.432227135 2.512003660 0.170439005 -0.043448519 -0.824287832 -0.021408182 0.564095318
1403638156745096960.000000 -5.770081520 2.251148939 0.171110719 -0.016156601 -0.831545055 0.003821018 0.555209219
1403638157195097088.000000 -6.174567223 2.047961473 0.131718338 -0.023675997 -0.837020576 -0.002556687 0.546653032
1403638158045096960.000000 -7.121966362 1.709328890 0.203884020 0.068242535 -0.818753302 0.043929350 0.568380356
1403638158195097088.000000 -7.289742947 1.640797734 0.223320663 0.077417634 -0.818703651 0.064536534 0.565301657
1403638158645096960.000000 -7.779283047 1.460167646 0.215954557 0.096547663 -0.814000189 0.059078708 0.569729865
1403638159295097088.000000 -8.464776993 1.197375774 0.247409895 0.079040848 -0.838241398 0.066580422 0.535416663
1403638159795097088.000000 -9.044977188 1.062762141 0.326321393 0.052454144 -0.791466951 0.103176482 0.600152791
1403638160195097088.000000 -9.383426666 1.100811005 0.521636903 0.079764701 -0.802889109 0.070079692 0.586596608
1403638160595097088.000000 -9.657164574 1.170835376 0.806905270 0.085306346 -0.824970424 0.065350637 0.554865777
1403638160745096960.000000 -9.768690109 1.193356633 0.901723087 0.082959309 -0.823396325 0.068060599 0.557228804
1403638160945096960.000000 -9.921797752 1.229105234 1.017509222 0.060437158 -0.808876634 0.073103234 0.580277383
1403638161095097088.000000 -10.029226303 1.268405080 1.094306946 0.037650298 -0.804651618 0.059667550 0.589540482
1403638161745096960.000000 -10.402748108 1.523627520 1.340898156 -0.057680275 -0.824802339 -0.013544052 0.562308431
1403638162895097088.000000 -11.043457031 2.247990608 1.636492491 -0.097797945 -0.818362296 -0.035667092 0.565196097
1403638165845096960.000000 -11.166527748 5.382708549 2.116344690 -0.205392003 -0.769937575 -0.141236857 0.587420285
1403638166495097088.000000 -10.740558624 6.024571419 2.193595648 -0.193830535 -0.797451913 -0.141513929 0.553600848
1403638166695097088.000000 -10.619958878 6.197803497 2.276073217 -0.194057465 -0.797029257 -0.135958463 0.555519104
1403638167045096960.000000 -10.431290627 6.497302532 2.340961456 -0.213633910 -0.813660860 -0.103175104 0.530727327
1403638167395097088.000000 -10.313525200 6.859802246 2.433636189 -0.202763647 -0.815668941 -0.118899144 0.528615296
1403638167595097088.000000 -10.285484314 7.085628033 2.493060350 -0.205974355 -0.806458890 -0.117385328 0.541682005
1403638169045096960.000000 -10.092284203 9.148553848 2.711665869 -0.305264890 -0.777985990 -0.215179831 0.505221486
1403638169245096960.000000 -10.119774818 9.447154045 2.689992666 -0.307519138 -0.765612721 -0.203461900 0.527135968
1403638169745096960.000000 -10.134003639 10.200495720 2.607462883 -0.368967354 -0.718627155 -0.229399681 0.542967618
1403638169895097088.000000 -10.096035004 10.422752380 2.613085270 -0.383271962 -0.712796211 -0.268055409 0.522657096
1403638170045096960.000000 -10.053533554 10.632193565 2.635632753 -0.398745686 -0.693693399 -0.304775804 0.516626596
1403638170595097088.000000 -9.857467651 11.242329597 2.639988661 -0.512960672 -0.616821289 -0.342040807 0.489296585
1403638170945096960.000000 -9.643583298 11.538068771 2.676192999 -0.560189784 -0.570741594 -0.378727287 0.465840220
1403638171845096960.000000 -8.734969139 11.869181633 2.639009476 -0.614970028 -0.493278801 -0.421317279 0.448307544
1403638172195097088.000000 -8.218054771 11.771557808 2.650627136 -0.619518220 -0.481203049 -0.439384937 0.437700450
1403638172395097088.000000 -7.892893791 11.648833275 2.632959366 -0.619209349 -0.482407421 -0.442292839 0.433866382
1403638172795097088.000000 -7.194402218 11.296059608 2.485490322 -0.614859581 -0.480599314 -0.438591033 0.445656598
1403638174495097088.000000 -3.612950802 8.586539268 1.085439205 -0.621408284 -0.533314824 -0.419633180 0.391580224
1403638174645096960.000000 -3.313504219 8.334447861 0.957703650 -0.623440206 -0.539625108 -0.415930212 0.383574188
1403638174795097088.000000 -3.018646002 8.092879295 0.845440328 -0.625875592 -0.545780420 -0.411694199 0.375381827
1403638175195097088.000000 -2.275692225 7.536504269 0.622159004 -0.626558065 -0.547827065 -0.414452434 0.368157238
1403638175595097088.000000 -1.598785520 7.129365444 0.507271230 -0.638865232 -0.565042317 -0.399216443 0.336458951
1403638175895097088.000000 -1.143681884 6.962610722 0.469354630 -0.646080077 -0.576067269 -0.384474009 0.320790887
1403638176145096960.000000 -0.796485960 6.935845375 0.399612188 -0.622012019 -0.574025750 -0.416729540 0.331560105
1403638179095097088.000000 0.833715677 7.528998375 0.147125304 -0.734741271 -0.386271417 -0.477980375 0.287201107
1403638179545096960.000000 1.142959356 7.504742622 0.022011165 -0.753009737 -0.340401620 -0.505128503 0.248894006
1403638179995097088.000000 1.490497112 7.491317749 -0.074212193 -0.783535838 -0.257591516 -0.529893756 0.197309241
1403638180445096960.000000 1.867704988 7.473660946 -0.114975728 -0.798554838 -0.235081673 -0.525587082 0.175513893
1403638180795097088.000000 2.201913595 7.471709728 -0.171613649 -0.800497711 -0.246923521 -0.519805253 0.167435989
1403638181945096960.000000 3.546678782 7.477486134 -0.326594770 -0.805530131 -0.134797245 -0.564309239 0.120440289
1403638182145096960.000000 3.771543741 7.416605473 -0.308904499 -0.819170296 -0.114486732 -0.553075552 0.099801049
1403638182495097088.000000 4.180955410 7.302021980 -0.273922056 -0.831288874 -0.101744212 -0.538397908 0.093459800
1403638182695097088.000000 4.438775063 7.231905937 -0.227126330 -0.831916690 -0.115661666 -0.536712170 0.080480203
1403638182895097088.000000 4.713060856 7.171762466 -0.172588855 -0.828503370 -0.118495457 -0.540563405 0.085628353
1403638183595097088.000000 5.721964836 7.021255016 -0.132551625 -0.829226017 -0.133794472 -0.537059784 0.077781312
1403638184045096960.000000 6.392901421 7.023212910 -0.095672965 -0.810848117 -0.132246271 -0.564589679 0.079213381
1403638184245096960.000000 6.674521923 7.047609329 -0.054051667 -0.822216570 -0.131584391 -0.548352003 0.077173203
1403638184645096960.000000 7.237344265 7.138796329 -0.015231755 -0.814573348 -0.128702268 -0.560215473 0.077875994
1403638184845096960.000000 7.510580063 7.203423023 -0.000034025 -0.814989507 -0.127108276 -0.559898376 0.078418374
1403638185045096960.000000 7.776776314 7.278351307 0.020917850 -0.813461721 -0.126566291 -0.562234044 0.078447185
1403638185245096960.000000 8.035565376 7.363075733 0.047100469 -0.814091921 -0.131519973 -0.561028898 0.072135143
1403638186045096960.000000 8.941656113 7.867274761 0.150732487 -0.807014048 -0.162010267 -0.551442146 0.135619447
1403638186245096960.000000 9.145886421 7.995686054 0.157068014 -0.807010591 -0.172534838 -0.550729156 0.125152171
1403638186545096960.000000 9.447598457 8.182879448 0.200320989 -0.805774212 -0.177145645 -0.552901685 0.116821222
1403638186745096960.000000 9.643343925 8.312371254 0.224977419 -0.803960562 -0.183544949 -0.555523515 0.106547713
1403638189495097088.000000 10.201266289 9.947356224 0.646727324 -0.720371544 -0.383615106 -0.509586215 0.272445053
1403638190495097088.000000 9.609565735 10.037619591 0.754591644 -0.685560465 -0.422544688 -0.526295602 0.272902757
1403638190645096960.000000 9.510665894 10.068560600 0.734812260 -0.683641374 -0.429633588 -0.519757032 0.279109627
1403638190795097088.000000 9.395181656 10.096677780 0.718205452 -0.684476197 -0.430079311 -0.512549341 0.289512038
1403638192495097088.000000 7.878757477 10.366111755 0.923663378 -0.692030489 -0.428198338 -0.498766690 0.298281401
1403638192945096960.000000 7.424309254 10.484423637 1.086287498 -0.672099948 -0.401210189 -0.524739027 0.334605932
1403638193095097088.000000 7.264014244 10.486510277 1.123899102 -0.667794168 -0.394511759 -0.523481488 0.352673501
1403638193245096960.000000 7.103384972 10.456051826 1.171991110 -0.669036448 -0.412884772 -0.511263132 0.347169280
1403638193595097088.000000 6.729497910 10.289130211 1.342811227 -0.660550654 -0.437648565 -0.507525861 0.338458359
1403638194045096960.000000 6.237027168 9.975296974 1.470592856 -0.678967834 -0.450522393 -0.480262190 0.324623704
1403638196645096960.000000 4.219939232 8.912643433 1.521497607 -0.697825611 -0.455162287 -0.458882689 0.308696330
1403638197345096960.000000 4.029304981 9.128410339 1.508217931 -0.681805432 -0.454250693 -0.483250201 0.308653563
1403638198145096960.000000 3.757414818 9.420287132 1.678385854 -0.668785274 -0.440413743 -0.498973340 0.331342161
1403638198495097088.000000 3.593057394 9.491941452 1.558866382 -0.673731089 -0.452245653 -0.492128044 0.315230638
1403638198895097088.000000 3.337573051 9.548730850 1.406507254 -0.646971226 -0.474440038 -0.525198340 0.283728004
1403638199295097088.000000 2.879393339 9.598929405 1.388866544 -0.651223302 -0.467107832 -0.520893574 0.293918908
1403638199695097088.000000 2.233417273 9.638600349 1.505496740 -0.648157060 -0.479828775 -0.514839530 0.290855944
1403638200045096960.000000 1.550962090 9.671526909 1.623729825 -0.654091716 -0.484411001 -0.481107146 0.325647086
1403638200245096960.000000 1.147548437 9.686901093 1.673534989 -0.630584180 -0.504420161 -0.484020531 0.337117344
1403638200645096960.000000 0.283847064 9.697082520 1.842266560 -0.582941890 -0.552009642 -0.478915334 0.355111629
1403638200845096960.000000 -0.189725980 9.682614326 1.948488832 -0.569524944 -0.573631108 -0.468879610 0.356006444
1403638200995097088.000000 -0.565662086 9.666908264 2.013381481 -0.574204326 -0.572663605 -0.453372002 0.369864583
1403638201195097088.000000 -1.081101060 9.641695023 2.073487997 -0.580599546 -0.565904260 -0.442118078 0.383651227
1403638201395097088.000000 -1.599175692 9.611395836 2.104726553 -0.583017826 -0.563750386 -0.442279488 0.382968128
1403638201795097088.000000 -2.636776686 9.526262283 2.078318119 -0.583904624 -0.557176292 -0.449721187 0.382571399
1403638201995097088.000000 -3.157880545 9.474158287 2.027666569 -0.582451046 -0.559675157 -0.445419878 0.386154920
1403638202195097088.000000 -3.680658579 9.401862144 1.989509583 -0.584030569 -0.565339983 -0.425769478 0.397516459
1403638202395097088.000000 -4.191306114 9.321753502 1.974521041 -0.586444378 -0.571858346 -0.412018955 0.399125934
1403638202595097088.000000 -4.684246063 9.251560211 1.949190736 -0.587880731 -0.572433650 -0.405938119 0.402405709
1403638202995097088.000000 -5.603667259 9.131819725 1.839525461 -0.587606311 -0.570631683 -0.408197612 0.403079510
1403638203345096960.000000 -6.341822624 9.033882141 1.789212227 -0.582013845 -0.566467106 -0.416903883 0.408125043
1403638203545096960.000000 -6.738897800 8.970678329 1.765075088 -0.582910717 -0.564222336 -0.415166229 0.411710232
1403638203945096960.000000 -7.470643520 8.824804306 1.742539406 -0.583031297 -0.565672696 -0.413370669 0.411355793
1403638204345096960.000000 -8.119227409 8.655531883 1.821502566 -0.599978387 -0.564623475 -0.385504305 0.415466994
1403638204545096960.000000 -8.397082329 8.580982208 1.874945998 -0.608933628 -0.561103582 -0.374577969 0.417197883
1403638204795097088.000000 -8.692161560 8.508853912 1.909629345 -0.589913607 -0.577321470 -0.378047168 0.419263780
1403638204995097088.000000 -8.901961327 8.460481644 1.907848835 -0.546247423 -0.613430917 -0.379448652 0.425834507
1403638205195097088.000000 -9.112820625 8.415760994 1.891089320 -0.489834100 -0.657423496 -0.350854188 0.452502191
1403638205395097088.000000 -9.329340935 8.369808197 1.898566961 -0.419328272 -0.699665725 -0.309308380 0.488835514
1403638205645096960.000000 -9.595300674 8.299725533 1.950935841 -0.338713974 -0.732221305 -0.294165879 0.512436628
1403638206095097088.000000 -10.111792564 8.033599854 2.129146576 -0.263186961 -0.761689842 -0.245799497 0.538649917
1403638207095097088.000000 -11.155575752 6.932316780 2.381105900 -0.191605538 -0.769486785 -0.153840095 0.589500368
1403638207295097088.000000 -11.289642334 6.678921700 2.348298788 -0.183590606 -0.769036889 -0.146880701 0.594392896
1403638207495097088.000000 -11.390877724 6.411880016 2.298322439 -0.156586215 -0.770738244 -0.128500625 0.604095042
1403638207895097088.000000 -11.476199150 5.858902931 2.266652584 -0.125531241 -0.799971581 -0.079663225 0.581327140
1403638208345096960.000000 -11.478073120 5.298692226 2.288393974 -0.124898188 -0.797822654 -0.079045832 0.584492207
1403638208795097088.000000 -11.413415909 4.794480324 2.266220093 -0.099601634 -0.807078779 -0.056735985 0.579210162
1403638208995097088.000000 -11.369511604 4.591908455 2.275842428 -0.086024716 -0.806631267 -0.050936971 0.582538486
1403638209445096960.000000 -11.232519150 4.181827068 2.200998545 -0.081829898 -0.807921588 -0.041336972 0.582114995
1403638209795097088.000000 -11.102372169 3.907796621 2.001694202 -0.082377374 -0.805164456 -0.044465996 0.585616708
1403638210095097088.000000 -10.969268799 3.697375774 1.708494782 -0.078597821 -0.795060098 -0.051931828 0.599170327
1403638210445096960.000000 -10.742942810 3.462665081 1.399909735 -0.079303950 -0.791462898 -0.051693931 0.603841901
1403638210745096960.000000 -10.480072975 3.269978046 1.118546844 -0.082375385 -0.788627505 -0.049664434 0.607301056
1403638211045096960.000000 -10.148752213 3.088342905 0.868291378 -0.085678734 -0.796696901 -0.044624280 0.596608758
1403638211295097088.000000 -9.845808029 2.954455614 0.715169549 -0.087636694 -0.802319467 -0.041979626 0.588932097
1403638211495097088.000000 -9.596357346 2.865334511 0.606982887 -0.103457950 -0.801483631 -0.052114036 0.586689651
1403638211695097088.000000 -9.334951401 2.789631367 0.477883995 -0.139320657 -0.795068979 -0.069334015 0.586214900
1403638211895097088.000000 -9.063924789 2.731294870 0.337756902 -0.190882012 -0.786520422 -0.091447726 0.580161333
1403638212095097088.000000 -8.782171249 2.696316242 0.222358793 -0.236423835 -0.775365651 -0.122602277 0.572608590
1403638212345096960.000000 -8.413321495 2.679582596 0.126326427 -0.284886152 -0.759751141 -0.166476473 0.560270965
1403638212745096960.000000 -7.783200264 2.681131840 0.074417733 -0.364690959 -0.727334380 -0.226333648 0.535498261
1403638213145096960.000000 -7.109066486 2.702484608 0.121282384 -0.455577821 -0.678467274 -0.282855153 0.502119482
1403638213345096960.000000 -6.759182930 2.723504305 0.139965892 -0.512931526 -0.652117789 -0.291692734 0.475982279
1403638213545096960.000000 -6.395255089 2.766407251 0.135895953 -0.563362122 -0.618434131 -0.302410811 0.456847906
1403638213745096960.000000 -6.008862495 2.837162256 0.129629850 -0.564518094 -0.597180903 -0.353307366 0.447066367
1403638213945096960.000000 -5.616347313 2.917236805 0.144456118 -0.560631096 -0.593193173 -0.377444476 0.437435955
1403638214145096960.000000 -5.228237629 2.992322206 0.178692833 -0.565124571 -0.601649642 -0.370208234 0.426143080
1403638214445096960.000000 -4.667829514 3.123646975 0.230767503 -0.565675318 -0.618313789 -0.354510397 0.414755166
1403638217345096960.000000 -0.740838110 3.956563234 -0.239243612 -0.584665895 -0.567849874 -0.414489567 0.404858768
1403638220295097088.000000 -0.255360872 3.125919342 -0.214264944 -0.610801339 -0.544076979 -0.422081292 0.390831530
1403638221045096960.000000 -0.199679598 2.714408636 -0.191575095 -0.610513389 -0.545510650 -0.430065125 0.380441189
1403638221545096960.000000 -0.213138491 2.464891195 -0.220018819 -0.619673491 -0.543052733 -0.420595974 0.379733652
1403638222045096960.000000 -0.216294184 2.253777266 -0.236012533 -0.613040447 -0.541073799 -0.429562300 0.383271217
1403638222495097088.000000 -0.220119387 2.087524414 -0.229104161 -0.622718334 -0.550945699 -0.416189998 0.368057787
1403638222895097088.000000 -0.227178097 1.996852040 -0.279998958 -0.610478759 -0.539181054 -0.433432043 0.385663450
1403638223145096960.000000 -0.237604350 1.938002467 -0.312229544 -0.611690462 -0.540582776 -0.431313157 0.384153783
1403638223395097088.000000 -0.250194460 1.872164249 -0.324358016 -0.625547528 -0.543103039 -0.412177354 0.379261553
1403638223645096960.000000 -0.247078359 1.821403503 -0.344852507 -0.623660862 -0.534216940 -0.415173024 0.391523570
1403638223895097088.000000 -0.225781947 1.775990486 -0.374891847 -0.613816679 -0.545353293 -0.429716349 0.375716418
1403638224145096960.000000 -0.214314386 1.735864401 -0.414749831 -0.617584586 -0.552313924 -0.423647076 0.366144627
1403638224395097088.000000 -0.217355013 1.715855956 -0.450489998 -0.617791116 -0.547093451 -0.424027681 0.373126626
1403638224645096960.000000 -0.227947652 1.709574342 -0.482159495 -0.613244951 -0.540175915 -0.430224806 0.383467376
1403638224895097088.000000 -0.242161259 1.703144431 -0.505182862 -0.622238159 -0.545255601 -0.417199254 0.376112700
1403638225145096960.000000 -0.253227770 1.712249279 -0.501110673 -0.616208076 -0.535758615 -0.423669547 0.392115444
1403638225395097088.000000 -0.253199488 1.718979120 -0.490544677 -0.616696179 -0.547730565 -0.421366185 0.376998276
1403638225645096960.000000 -0.255791277 1.732704520 -0.504397511 -0.598068058 -0.532546818 -0.447432399 0.398136646
1403638225895097088.000000 -0.266796619 1.722322226 -0.576397657 -0.611556530 -0.546884835 -0.428728819 0.378295243
1403638226345096960.000000 -0.304578841 1.733412147 -0.618282020 -0.620421588 -0.557373941 -0.412172019 0.366777450
1403638226845096960.000000 -0.300486773 1.740087867 -0.592888713 -0.620419621 -0.556842566 -0.412001997 0.367777407
1403638227345096960.000000 -0.298798680 1.741352677 -0.576455355 -0.620864868 -0.557126999 -0.411404997 0.367263198
1403638227845096960.000000 -0.299365819 1.741254926 -0.568885982 -0.621015966 -0.557374001 -0.411068529 0.367009759
1403638228345096960.000000 -0.299494326 1.743174314 -0.569534421 -0.621313035 -0.557301342 -0.410681874 0.367050022
1403638228845096960.000000 -0.299660981 1.743868828 -0.569647431 0.621506155 0.557314813 0.410418272 -0.366997391
