#Stereo rect[ms], MP culling[ms], MP creation[ms], LBA[ms], KF culling[ms], Total[ms]
7.143234,0.132754,1.382905,0.008993,0.008993,8.675306
9.068624,0.267891,3.560624,0.002793,0.002793,12.902422
8.443750,0.464561,5.317448,0.679397,0.679397,50.784701
5.407144,0.207368,9.144963,0.691503,0.691503,54.981326
5.813897,0.164362,5.609338,0.763696,0.763696,29.836747
5.159588,0.124423,6.595024,1.300344,1.300344,33.074346
10.201358,0.223399,13.093979,1.548115,1.548115,55.366531
11.182221,0.231802,15.148097,1.631382,1.631382,56.299014
10.516985,0.276864,21.089039,2.273028,2.273028,62.126104
10.560190,0.274955,17.142283,74.936903,74.936903,143.938784
5.245228,0.134324,12.927369,2.182005,2.182005,63.263682
7.908193,0.184985,13.947039,2.754660,2.754660,71.453622
10.411027,0.456760,29.768062,3.187157,3.187157,120.228490
6.662460,0.216982,25.991823,2.991959,2.991959,95.458377
11.074607,1.110944,31.698365,3.270831,3.270831,114.836770
10.815706,0.532392,18.053259,4.731123,4.731123,115.775650
9.967892,0.593425,18.178535,4.034642,4.034642,120.147437
10.706143,0.569725,18.896553,3.749359,3.749359,329.766089
6.102536,0.281627,16.508430,4.443099,4.443099,120.143825
11.714647,0.517922,21.574444,4.403091,4.403091,123.270503
12.724547,0.438274,36.181887,4.263730,4.263730,151.022408
7.335795,0.187509,25.120197,6.453850,6.453850,134.594567
7.382523,0.239689,21.200466,5.914922,5.914922,128.640051
12.752283,0.464710,34.795570,4.556261,4.556261,156.540838
13.937628,0.417462,24.059190,4.024695,4.024695,152.015610
11.794429,0.496379,26.760590,3.619921,3.619921,152.442583
6.974337,0.302852,21.658332,3.355848,3.355848,143.440284
11.967798,0.482612,33.792729,4.290038,4.290038,175.626587
11.451106,0.491113,24.957029,3.719612,3.719612,164.336132
7.229430,0.313788,16.091917,3.664125,3.664125,158.933652
12.087727,0.848619,26.658137,4.461029,4.461029,181.314043
8.114768,0.457063,33.571365,4.782580,4.782580,182.320491
11.102184,0.257338,15.681179,4.706777,4.706777,166.254286
6.679253,0.200462,17.773014,4.947238,4.947238,166.185864
8.517670,0.234196,24.077175,6.382831,6.382831,187.449082
7.859505,0.254540,22.731406,5.682118,5.682118,183.672195
10.371300,0.277173,24.125445,5.856023,5.856023,181.706046
14.724109,0.365189,32.381352,6.540517,6.540517,218.045693
7.176595,0.389982,26.074254,7.579891,7.579891,182.295768
7.611473,0.273886,37.915270,7.206210,7.206210,201.427366
7.154689,0.249432,19.314327,9.972706,9.972706,180.763790
8.580399,0.245920,23.313821,10.068689,10.068689,191.205888
7.704596,0.266417,20.806135,11.803977,11.803977,192.838136
8.401940,0.285989,21.687657,7.123476,7.123476,171.458500
12.488109,0.624637,36.357658,8.628039,8.628039,631.253197
11.361978,0.985267,43.034335,8.779776,8.779776,211.303040
7.238731,0.448314,22.376036,10.877926,10.877926,188.044136
10.901331,0.625751,28.475826,9.928193,9.928193,204.092642
9.666456,0.620827,33.949287,11.815204,11.815204,209.047325
7.017635,0.328927,21.533927,13.153035,13.153035,194.362509
10.279102,0.430855,22.012163,12.442788,12.442788,198.056704
11.588170,0.552066,27.329633,17.583319,17.583319,215.031911
6.634777,0.347483,24.713233,9.150841,9.150841,193.316002
6.508658,0.233575,18.977251,10.484840,10.484840,187.651218
11.182609,0.324896,28.289948,9.439950,9.439950,207.742784
6.482327,0.304604,18.780534,6.776523,6.776523,190.300924
7.078829,0.283850,26.282098,6.135681,6.135681,188.907298
13.880714,0.424981,26.290186,6.516715,6.516715,202.283430
12.142712,0.421004,33.292311,7.418179,7.418179,202.448382
12.712631,0.572992,30.818424,10.641644,10.641644,202.337948
11.973304,0.426045,33.835488,5.687893,5.687893,212.083868
6.143756,0.236850,22.257557,7.135778,7.135778,191.659633
6.149990,0.256477,19.434231,10.499710,10.499710,196.207315
12.028697,0.462981,28.144378,8.954293,8.954293,212.735169
6.760822,0.304113,26.080201,6.804214,6.804214,203.765505
11.980149,0.581611,31.553911,9.213992,9.213992,239.030458
8.390240,0.300916,25.441514,8.558695,8.558695,216.248141
13.309229,0.427898,30.062200,7.909233,7.909233,220.941316
14.532724,0.541789,29.094824,7.779728,7.779728,217.056324
8.927092,0.244641,24.905994,11.120085,11.120085,205.078752
7.101927,0.205531,22.648198,10.464492,10.464492,200.106098
7.844111,0.324100,21.146284,9.645904,9.645904,211.225689
6.876141,0.277953,17.171879,8.950325,8.950325,195.385101
5.539373,0.289436,14.414947,8.304848,8.304848,192.100175
9.210642,0.575798,26.871792,7.318283,7.318283,242.836346
9.259331,0.683656,28.455989,6.158420,6.158420,217.527701
7.506429,0.360148,15.220478,5.894123,5.894123,193.778379
10.060644,0.495787,32.411492,6.119540,6.119540,226.338200
7.363080,0.349786,18.586837,5.256397,5.256397,193.338902
6.462978,0.539512,29.432270,5.489737,5.489737,211.239078
6.702307,0.318911,26.053705,10.147454,10.147454,205.366358
6.570482,0.383456,25.439766,11.445716,11.445716,200.562037
16.874669,0.914568,39.617953,16.973334,16.973334,242.554759
8.189103,0.305602,28.244937,13.309122,13.309122,203.482290
9.003731,0.326827,26.681094,12.360712,12.360712,198.927760
9.650822,0.302874,30.784842,13.831479,13.831479,204.501657
8.926735,0.314730,31.750951,12.129773,12.129773,206.768123
7.695676,0.260566,30.498456,15.644141,15.644141,199.715989
13.883515,0.319052,44.385822,12.327628,12.327628,233.112065
15.797421,0.568372,33.725631,15.417892,15.417892,218.523962
11.077941,0.283141,33.221590,12.965993,12.965993,210.368385
7.277414,0.335318,23.382956,12.250461,12.250461,190.905335
7.072095,0.247276,21.956323,15.348653,15.348653,196.887084
6.578538,0.268637,39.551913,11.916649,11.916649,208.242836
11.574673,0.540806,35.779229,12.552391,12.552391,208.835480
6.138892,0.330878,27.700720,14.202417,14.202417,197.865557
6.410746,0.367993,24.098794,14.424393,14.424393,191.956682
6.686963,0.282293,25.470475,11.591430,11.591430,194.375762
6.148021,0.265730,23.758664,9.572996,9.572996,189.880330
6.885916,0.352072,22.527761,11.750819,11.750819,187.909084
5.170396,0.293797,20.925179,10.628279,10.628279,181.641974
5.173317,0.273435,18.351237,9.145317,9.145317,191.095630
4.376740,0.229590,18.627936,7.407997,7.407997,179.763820
4.421301,0.241727,16.033157,8.703884,8.703884,190.822215
5.569088,0.282427,20.541709,8.588486,8.588486,183.052715
7.047967,0.317314,22.844814,11.895718,11.895718,191.978995
5.896363,0.228224,21.949895,8.902987,8.902987,191.698948
5.444783,0.254828,18.658045,13.745089,13.745089,199.446247
4.923554,0.227107,18.005657,7.977202,7.977202,185.709395
5.262403,0.220477,23.570380,13.774080,13.774080,194.923302
5.150354,0.265557,21.072052,12.475620,12.475620,187.639509
4.875618,0.218202,16.971653,9.451806,9.451806,186.908228
5.204538,0.201501,21.474227,9.875606,9.875606,185.516284
5.043665,0.200307,20.112352,13.314622,13.314622,194.405288
6.314975,0.239323,25.493758,11.079638,11.079638,189.079298
5.861003,0.244406,22.852094,11.313700,11.313700,191.265943
5.487315,0.219259,21.322349,10.287830,10.287830,174.366963
5.592581,0.239477,19.916977,11.747217,11.747217,176.149133
5.128122,0.186724,16.019683,10.338503,10.338503,171.240473
4.225275,0.152049,16.325415,12.545127,12.545127,172.388086
8.216219,0.334857,30.105224,10.075503,10.075503,178.262677
4.456276,0.179706,18.574309,12.968825,12.968825,174.425073
7.340598,0.258971,25.104195,8.908931,8.908931,197.414266
7.283438,0.460449,21.122118,6.201364,6.201364,186.343251
11.158619,0.618577,37.385502,12.232447,12.232447,208.744017
10.886552,0.725202,26.566246,9.150126,9.150126,183.701416
5.815626,0.397816,18.931623,7.186397,7.186397,177.658519
11.973926,0.713826,38.286231,8.544305,8.544305,202.335141
11.965900,0.603698,27.387062,8.039486,8.039486,196.097286
10.328257,0.354340,20.493240,5.677635,5.677635,166.342417
7.457383,0.440912,27.443592,8.270284,8.270284,177.885877
11.107251,0.679482,34.737926,7.293967,7.293967,188.119716
8.278617,0.357119,20.436071,7.832089,7.832089,158.558478
6.859675,0.342101,28.596597,6.769332,6.769332,183.240528
8.135370,0.625428,26.474494,9.174300,9.174300,167.448505
6.152666,0.395364,19.990098,10.326774,10.326774,160.487773
7.024847,0.439053,28.063401,8.523480,8.523480,180.903777
5.909337,0.349058,24.593620,8.106061,8.106061,164.097082
10.211853,0.387178,32.509222,8.205029,8.205029,186.326104
5.698142,0.358902,16.978625,8.184776,8.184776,160.052186
4.095608,0.222620,15.216612,6.162424,6.162424,165.698758
4.897029,0.247722,15.802345,6.733751,6.733751,155.278346
10.386009,0.397142,29.771758,6.017077,6.017077,184.689837
10.058642,0.469074,30.287244,8.412915,8.412915,185.676234
6.558406,0.311393,34.231323,5.802368,5.802368,188.696757
10.814457,0.495323,27.982415,5.917146,5.917146,186.152590
12.365564,0.449055,34.233678,6.965359,6.965359,187.891389
11.715768,0.429091,28.324902,8.825796,8.825796,186.348040
6.176182,0.236032,17.702618,8.645535,8.645535,172.275039
7.948073,0.253225,19.466452,8.935474,8.935474,169.211621
7.182694,0.223996,19.688127,9.680147,9.680147,162.736162
6.120029,0.188942,19.329181,10.907193,10.907193,187.680981
7.899711,0.259615,18.488554,10.218697,10.218697,169.938210
7.154378,0.184461,25.327942,9.050896,9.050896,182.172983
13.016752,0.395385,34.227522,10.384610,10.384610,201.315712
12.428404,0.500620,31.506651,10.216224,10.216224,187.395576
6.847770,0.441879,19.502996,10.716278,10.716278,173.083931
7.222306,0.280984,33.443376,10.348665,10.348665,193.975595
6.836545,0.183513,22.031879,8.900779,8.900779,161.027618
6.773939,0.150543,23.446159,9.357084,9.357084,165.872489
8.207258,0.214655,34.641197,15.499711,15.499711,198.244575
14.665075,0.539869,52.199410,12.699482,12.699482,215.779796
7.184535,0.246868,41.116647,13.101391,13.101391,197.526120
15.658142,0.606437,50.002180,14.802903,14.802903,222.164318
12.173433,0.328402,38.633794,16.387937,16.387937,221.277902
10.151987,0.310834,35.122907,19.191921,19.191921,200.948462
9.341631,0.250629,39.410244,20.389708,20.389708,205.238304
9.567538,0.237478,35.571553,17.190142,17.190142,201.324859
11.727155,0.373546,40.121721,14.678215,14.678215,210.609004
11.609053,0.386851,45.268861,15.154220,15.154220,214.564934
9.186238,0.265416,33.542522,14.501812,14.501812,213.506051
15.971983,0.294529,45.671487,15.236331,15.236331,243.460428
17.709020,0.565555,34.800087,14.852890,14.852890,216.032334
10.483037,0.460091,36.290770,18.979091,18.979091,207.991851
13.245551,0.217941,36.010928,15.774784,15.774784,214.283964
8.993906,0.268262,31.697986,14.345171,14.345171,201.335021
8.230338,0.249530,32.226044,18.638915,18.638915,196.952002
16.731953,0.417428,33.105169,17.446100,17.446100,209.196116
8.903624,0.265737,26.896962,19.760598,19.760598,202.026714
16.093175,0.397512,41.435928,15.378189,15.378189,218.206141
9.003941,0.239285,25.530480,17.868397,17.868397,201.057019
14.746107,0.384432,46.198280,18.287832,18.287832,236.680175
15.148012,0.421692,39.014496,15.326804,15.326804,233.830586
16.382270,0.346166,51.487358,16.128150,16.128150,248.675233
10.155559,0.283560,34.604922,16.519271,16.519271,214.785243
8.674348,0.235356,27.317119,16.829370,16.829370,206.439989
17.242556,0.585415,44.463062,21.624264,21.624264,255.794724
16.720504,0.759691,33.484950,17.222186,17.222186,222.641779
10.251657,0.394038,28.688579,13.926437,13.926437,205.060663
16.400889,0.656310,29.316201,15.488205,15.488205,227.016324
8.637858,0.297676,27.228068,16.557420,16.557420,212.772246
7.203871,0.369016,27.351305,21.257246,21.257246,208.219470
7.671806,0.296770,31.080512,27.359538,27.359538,226.313726
10.876219,0.457431,37.603220,15.743363,15.743363,225.024391
14.220385,0.648973,34.872626,21.450324,21.450324,248.545200
8.334377,0.342130,23.020609,19.615293,19.615293,195.601820
9.698561,0.327059,31.837332,16.402315,16.402315,211.540323
13.367602,0.543449,42.096233,18.853492,18.853492,230.384052
13.129633,0.462190,32.185253,17.480022,17.480022,219.653672
8.863335,0.337060,33.781736,18.237187,18.237187,211.443581
12.309666,0.587348,37.667145,20.907400,20.907400,228.662343
6.359898,0.502053,30.596487,16.008894,16.008894,210.442637
6.423712,0.344591,33.606283,19.033854,19.033854,212.445915
5.919424,0.297159,29.205093,17.578648,17.578648,202.381387
6.316158,0.267370,30.117073,23.650698,23.650698,216.291965
8.659565,0.311530,33.741790,16.547684,16.547684,215.715243
6.798030,0.229691,29.658645,20.133601,20.133601,209.828260
7.211897,0.216712,29.172771,18.449936,18.449936,208.797105
7.211749,0.213023,35.742714,16.468898,16.468898,221.421145
7.354819,0.255296,31.181991,15.662260,15.662260,216.997319
6.400428,0.337468,29.567906,17.209163,17.209163,218.306447
8.137583,0.539608,29.494402,14.803617,14.803617,211.328044
8.320017,0.287641,31.350585,18.864601,18.864601,220.212059
7.846869,0.347161,29.747996,19.134041,19.134041,211.051037
6.468954,0.315666,24.049094,14.243912,14.243912,196.000817
4.826882,0.245711,16.316395,15.767588,15.767588,195.992238
3.440034,0.190496,18.192029,15.995977,15.995977,200.073980
10.174804,0.427254,44.359212,12.176998,12.176998,228.148326
11.477407,0.615221,36.707531,8.548968,8.548968,229.938350
13.073404,0.623777,40.263364,11.074845,11.074845,253.802650
7.096204,0.325006,37.782864,8.801020,8.801020,224.101302
11.904367,0.507888,30.126522,12.588359,12.588359,224.309297
7.916260,0.343403,37.897881,13.464694,13.464694,251.859626
10.362562,0.334370,41.340797,14.727047,14.727047,252.918427
14.915061,0.708092,38.330696,10.219333,10.219333,245.095367
7.791206,0.296466,29.591169,10.156891,10.156891,213.679254
11.537415,0.404712,38.489874,11.159183,11.159183,231.063715
9.059988,0.313077,31.317078,10.328890,10.328890,219.448389
10.648560,0.353445,31.049014,11.312744,11.312744,225.750496
10.223003,0.360444,32.258696,11.031981,11.031981,227.759617
10.956646,0.263485,33.626729,14.214466,14.214466,226.849966
8.353597,0.265276,34.804006,14.544483,14.544483,232.519276
9.150336,0.249756,39.613118,15.745477,15.745477,250.277224
16.473142,0.502083,53.854640,17.350964,17.350964,258.785530
12.793696,0.429900,37.981372,14.948816,14.948816,251.505098
18.783696,0.564795,54.088732,16.447619,16.447619,270.169795
9.897112,0.234500,33.072274,16.220321,16.220321,251.905863
8.416327,0.267163,30.052278,20.442522,20.442522,251.734267
6.613973,0.214752,29.378458,15.670932,15.670932,233.874488
11.269379,0.377607,31.960944,17.757526,17.757526,243.714965
11.656674,0.449854,29.572301,19.207264,19.207264,237.483355
6.220781,0.208436,27.768791,18.533698,18.533698,231.912952
5.597273,0.198205,17.590634,17.553580,17.553580,208.138319
4.622898,0.174296,14.500251,21.497574,21.497574,207.537094
10.020101,0.330017,30.793679,13.701857,13.701857,226.476298
4.745683,0.294754,28.268500,16.276678,16.276678,215.000013
9.378073,0.417531,25.517002,16.741392,16.741392,211.945052
3.616131,0.206263,14.623176,13.855367,13.855367,185.756060
3.651677,0.200782,14.711374,13.020009,13.020009,173.272835
3.228448,0.136506,12.615462,13.727751,13.727751,178.440643
3.031493,0.262061,12.656350,12.785073,12.785073,193.735250
3.175520,0.152390,9.910674,13.565863,13.565863,169.442062
3.309541,0.139639,12.199766,10.804518,10.804518,179.012010
2.816457,0.096370,11.033070,14.489860,14.489860,161.218099
2.542228,0.083720,9.043845,13.475319,13.475319,165.389532
3.000575,0.096729,10.842480,11.618593,11.618593,154.251720
4.500616,0.150741,17.213304,8.655240,8.655240,174.046349
3.498101,0.102793,9.979269,14.634914,14.634914,148.641759
2.352170,0.081630,7.994563,9.841619,9.841619,145.670135
2.687134,0.119328,9.778182,13.577673,13.577673,150.841102
4.843177,0.099323,13.738934,10.335767,10.335767,164.267527
4.545722,0.130198,13.950298,10.963354,10.963354,144.760892
3.160798,0.099494,10.881981,11.094945,11.094945,136.049115
2.898811,0.092412,13.041325,14.265562,14.265562,153.498617
2.597756,0.061915,13.536113,10.365469,10.365469,134.030455
5.767270,0.133453,13.913251,13.103743,13.103743,144.170337
5.157355,0.125564,19.888672,10.621528,10.621528,147.705720
4.991197,0.098955,11.363795,13.375292,13.375292,127.216765
6.763383,0.195636,25.129287,11.419062,11.419062,144.716214
7.702257,0.328783,34.051913,11.741385,11.741385,155.509835
9.112773,0.475485,39.933757,11.577700,11.577700,165.233114
11.713769,0.576008,50.110695,15.176875,15.176875,188.995058
12.961547,0.693602,50.645848,26.248841,26.248841,194.589099
7.128373,0.351188,31.081301,15.147046,15.147046,154.127966
14.219018,0.520569,45.899078,16.981530,16.981530,186.839004
11.782841,0.408615,34.642491,14.184801,14.184801,164.288291
14.061488,0.744621,34.561295,17.477265,17.477265,194.255838
7.844021,0.434771,38.882587,19.188448,19.188448,191.473032
7.910738,0.249861,33.632935,17.797675,17.797675,192.138912
16.281920,0.358999,53.333669,17.896683,17.896683,205.685505
12.832587,0.190647,44.318681,17.954627,17.954627,202.752884
9.787123,0.173639,36.323449,21.831302,21.831302,194.325548
17.139479,0.399946,39.771669,18.673521,18.673521,212.732473
10.337594,0.231461,36.323069,19.830337,19.830337,209.717156
12.261743,0.297561,37.129390,18.761231,18.761231,209.996515
19.912103,0.453958,36.090121,17.645690,17.645690,233.905083
10.689657,0.227842,35.466594,19.062667,19.062667,220.706773
10.215076,0.223776,35.848040,25.672515,25.672515,264.444684
10.476258,0.206365,34.657790,21.458757,21.458757,235.610003
22.454511,0.409388,40.349435,25.014536,25.014536,260.088170
10.949713,0.200587,38.202928,25.634732,25.634732,263.264901
10.975208,0.241940,35.792606,24.572990,24.572990,261.493212
24.212009,0.548139,50.393331,25.068117,25.068117,293.673621
11.887299,0.607054,35.558364,26.438955,26.438955,268.427150
16.014028,0.327780,35.220438,29.874076,29.874076,273.063711
23.611144,0.546440,35.790683,27.861934,27.861934,291.340264
10.693820,0.262513,34.639620,23.409063,23.409063,275.445528
13.302986,0.471938,38.105764,25.958857,25.958857,283.651480
10.700874,0.245997,34.809370,25.751841,25.751841,268.594911
11.430207,0.400563,35.961792,23.626588,23.626588,267.676909
11.245474,0.368584,34.603134,27.389140,27.389140,268.526933
9.119230,0.240129,30.359369,29.605579,29.605579,268.915049
7.661218,0.251108,30.170375,26.024249,26.024249,262.160900
7.945102,0.352632,30.888256,22.562882,22.562882,262.427617
15.450701,0.314325,34.809351,21.650198,21.650198,271.398243
8.849044,0.307940,28.544031,28.017562,28.017562,260.946655
6.942617,0.296210,26.707363,23.596648,23.596648,241.005559
6.860576,0.255818,27.940277,24.304969,24.304969,241.033859
8.534167,0.422337,26.622549,18.334329,18.334329,232.452772
6.609301,0.290157,24.205373,25.320935,25.320935,236.352282
6.099181,0.253971,20.527523,19.263070,19.263070,223.319989
8.324824,0.325020,26.287988,18.937566,18.937566,221.800743
7.981334,0.316409,23.844162,18.571690,18.571690,209.909747
5.982651,0.261691,20.247552,13.998125,13.998125,193.750709
6.496817,0.268632,22.680364,17.805475,17.805475,192.343975
6.242904,0.221521,20.797581,16.698989,16.698989,197.362100
5.569904,0.228460,23.825796,17.626965,17.626965,197.480231
5.184839,0.249841,21.269617,17.267435,17.267435,187.552957
5.723444,0.397770,18.407156,21.576244,21.576244,196.383807
4.335520,0.245076,16.528246,17.270740,17.270740,183.332655
5.482468,0.177664,17.711561,19.692485,19.692485,181.637551
5.259621,0.223180,23.745397,21.891634,21.891634,182.178814
9.083487,0.164955,32.049487,18.494970,18.494970,186.646801
4.858912,0.168443,20.399334,18.666844,18.666844,171.648475
6.352047,0.162303,23.352067,20.238744,20.238744,186.834654
4.705399,0.134414,18.063944,22.569569,22.569569,160.981655
4.589027,0.110095,19.851132,19.195334,19.195334,155.593384
3.965893,0.108487,20.814601,19.156092,19.156092,159.823356
5.709473,0.194056,40.882431,12.783346,12.783346,187.992817
7.002405,0.259661,38.967067,18.401527,18.401527,194.199104
9.612277,0.326938,33.648768,17.710129,17.710129,198.171964
14.967854,0.626757,43.934979,14.636225,14.636225,204.560959
16.982399,0.743975,43.479704,21.025305,21.025305,205.546660
8.308270,0.308318,42.305878,18.509536,18.509536,200.802200
17.372048,0.504370,52.330774,15.019543,15.019543,224.505568
12.060809,0.321737,38.187982,16.428899,16.428899,214.452212
12.728690,0.457135,43.488555,12.704334,12.704334,209.717249
9.161853,0.265533,38.771478,16.265706,16.265706,198.728216
8.990972,0.256809,44.679289,20.351437,20.351437,209.908556
13.141362,0.317846,34.283826,23.241664,23.241664,207.433908
8.050734,0.285579,34.434341,23.084666,23.084666,209.927625
11.162072,0.306458,48.711593,20.095374,20.095374,227.031771
15.083397,0.343249,39.945370,21.558189,21.558189,227.112590
16.548709,0.353955,44.365867,24.845400,24.845400,256.789914
12.866262,0.574998,43.680894,21.656664,21.656664,262.868829
9.032425,0.307789,43.448014,25.976108,25.976108,261.009021
18.012503,0.296484,34.867795,26.481694,26.481694,261.867966
9.028880,0.235478,35.767623,26.784491,26.784491,262.439345
9.288616,0.199145,37.569434,29.497016,29.497016,271.367971
11.365058,0.319952,38.043366,25.534503,25.534503,261.699537
9.510451,0.180242,34.065529,23.814135,23.814135,265.648503
20.157710,0.348855,37.471408,23.178894,23.178894,273.547440
21.554034,0.460631,52.889214,20.008151,20.008151,319.793038
15.939505,0.208044,35.144840,23.211073,23.211073,273.520957
19.375307,0.456951,40.850724,23.335978,23.335978,294.027415
20.278083,0.283488,45.175872,28.765571,28.765571,305.098413
19.413209,0.268853,42.886625,31.060210,31.060210,321.199274
11.294711,0.217617,35.453343,33.532773,33.532773,332.664820
12.648151,0.213103,35.905341,26.349126,26.349126,284.975546
12.829658,0.271943,35.140003,22.831280,22.831280,279.664901
13.865748,0.305516,36.016656,29.852488,29.852488,293.198471
11.874967,0.380626,39.454249,26.078230,26.078230,287.699008
9.676055,0.315606,40.045971,34.015450,34.015450,303.110245
8.561228,0.323590,38.341709,30.841162,30.841162,292.369123
9.426606,0.365706,38.410972,31.753804,31.753804,305.126711
8.209045,0.374412,29.200868,25.665617,25.665617,281.056550
7.775150,0.342788,28.987549,24.792718,24.792718,282.468485
13.422460,0.809211,53.814630,33.850056,33.850056,337.404720
11.303583,0.421648,34.117386,32.276878,32.276878,312.179216
9.919263,0.373716,28.895532,28.344434,28.344434,294.640855
8.214650,0.492017,26.569983,19.794119,19.794119,275.893895
12.016534,0.546106,40.460101,16.934405,16.934405,316.287612
11.834544,0.554212,38.225980,8.318034,8.318034,291.993455
11.348093,0.539403,39.718198,7.683193,7.683193,311.184860
6.371897,0.288856,31.532820,8.590336,8.590336,269.333617
8.096155,0.529949,32.922801,9.027988,9.027988,277.539167
7.733721,0.360677,27.273511,7.945294,7.945294,266.214274
13.484860,0.552619,34.058585,8.744382,8.744382,289.394466
14.009040,0.513856,30.494562,7.634744,7.634744,291.643826
13.388836,0.496709,39.630639,9.506788,9.506788,289.957849
13.933788,0.479963,24.881372,8.172623,8.172623,261.474302
6.892450,0.212811,22.876158,15.230606,15.230606,261.824722
6.977110,0.260829,22.001145,19.367063,19.367063,265.206856
7.475100,0.212200,22.599660,17.163936,17.163936,265.455912
7.238379,0.233538,22.692966,11.612551,11.612551,257.329795
8.532791,0.246025,25.872679,15.946644,15.946644,239.204174
7.433220,0.256289,24.304669,10.377139,10.377139,225.754289
9.133017,0.315239,26.530077,13.778070,13.778070,227.991413
6.967720,0.325398,24.031623,13.626367,13.626367,215.193089
9.717611,0.388796,26.996568,15.749953,15.749953,221.224856
7.217204,0.345738,29.970375,15.130447,15.130447,213.858779
7.319833,0.239881,27.533127,17.535787,17.535787,211.855521
7.371620,0.273078,30.059345,14.456109,14.456109,197.629848
6.347649,0.307163,28.717429,18.891368,18.891368,200.893477
6.750344,0.265893,26.721609,17.496225,17.496225,197.626510
6.655196,0.307395,29.827822,14.313723,14.313723,196.730556
7.116852,0.238451,29.937203,22.328838,22.328838,203.793981
7.957257,0.232864,28.835670,16.781217,16.781217,196.996612
7.447349,0.261056,29.509497,20.016679,20.016679,199.171282
8.050301,0.303928,36.839992,20.028881,20.028881,204.124858
8.214215,0.292548,27.546718,16.100402,16.100402,195.923255
8.023169,0.305955,31.703771,18.264297,18.264297,200.309856
7.396145,0.258146,29.645271,20.431703,20.431703,196.668021
7.637231,0.260344,27.855698,18.260372,18.260372,196.053090
6.960263,0.262232,31.120872,38.787195,38.787195,216.282658
6.868553,0.287017,34.496366,27.638518,27.638518,211.659284
7.272313,0.289218,34.286163,21.684145,21.684145,199.147432
6.908925,0.300335,31.264904,19.987463,19.987463,196.536706
8.042508,0.297252,35.622195,30.739325,30.739325,221.013318
6.716624,0.306220,34.362800,21.819477,21.819477,210.201026
6.285414,0.297778,31.472116,17.046734,17.046734,212.254354
6.316223,0.267359,34.365480,23.282379,23.282379,203.091942
6.008727,0.297336,33.110290,22.107746,22.107746,206.909352
6.898835,0.228966,34.542582,20.521450,20.521450,205.938264
6.958902,0.252808,30.121806,21.582251,21.582251,204.235687
6.455139,0.254974,31.570967,24.865623,24.865623,201.387678
6.481015,0.203239,31.643760,21.010737,21.010737,204.966391
10.809970,0.352698,33.256709,21.056134,21.056134,209.066302
13.346994,0.518729,49.318350,20.064589,20.064589,228.653589
8.964912,0.314030,34.363141,23.701465,23.701465,204.574754
8.109709,0.361143,42.488728,23.320251,23.320251,212.070336
13.621151,0.502860,57.035668,18.947104,18.947104,230.767929
11.993646,0.235997,41.858525,19.373841,19.373841,219.222471
17.033578,0.310356,44.923471,22.571002,22.571002,257.644219
15.757529,0.269866,34.575467,22.794089,22.794089,226.792635
8.604078,0.254474,38.097093,17.016395,17.016395,215.130264
13.433240,0.330810,40.451996,19.082818,19.082818,233.600330
10.086196,0.196452,51.466405,18.058666,18.058666,242.889633
9.933260,0.231056,38.365794,19.848399,19.848399,229.037777
10.996862,0.168176,39.614476,18.591986,18.591986,234.529508
13.929066,0.234374,32.655560,28.225716,28.225716,246.964319
9.910171,0.223914,32.437683,26.242581,26.242581,235.128396
8.696950,0.168746,28.514708,28.168372,28.168372,241.000556
8.798134,0.183170,23.979223,28.613858,28.613858,224.717494
8.427886,0.156427,23.064287,27.179650,27.179650,210.374392
8.936823,0.149584,20.463101,27.576159,27.576159,206.220698
9.403011,0.185202,21.226173,29.763434,29.763434,210.898488
10.140069,0.132717,21.695799,23.904209,23.904209,200.065783
7.826296,0.093981,20.693477,26.470733,26.470733,187.421967
7.450692,0.086158,18.051483,23.709365,23.709365,113.391898
7.215121,0.058650,17.536449,26.155013,26.155013,110.094787
7.034721,0.056456,17.087458,24.225941,24.225941,108.761115
8.376050,0.040840,21.962819,28.060562,28.060562,108.499807
7.945616,0.037776,22.131947,25.103254,25.103254,104.080625
6.963344,0.027715,18.061510,22.522042,22.522042,96.280210
12.247693,0.040495,32.711010,24.255284,24.255284,118.661884
10.079468,0.034509,26.409614,22.631344,22.631344,104.559394
12.956122,0.021856,35.565359,27.288458,27.288458,117.963725
10.996390,0.015320,21.185155,20.172351,20.172351,91.061708
11.881437,0.045649,40.649095,24.878695,24.878695,117.557481
9.224854,0.016455,17.845972,23.970821,23.970821,86.348453
12.954152,0.027633,34.174431,23.082801,23.082801,99.153327
