1403715278412143104.000000 0.440166771 4.481906891 -0.404874623 -0.568249822 -0.604598641 -0.383766353 0.405309856
1403715279162142976.000000 0.412329555 4.578552246 -0.268378705 -0.560896754 -0.587168097 -0.398400515 0.426503927
1403715282112143104.000000 0.307744443 5.000245571 -0.091024652 -0.740503013 -0.363265336 -0.507648528 0.248970941
1403715282412143104.000000 0.302668989 5.086428642 -0.125176683 -0.767547846 -0.303958118 -0.526609957 0.202883840
1403715285262142976.000000 0.416363686 5.758888245 -0.384329230 0.811573803 -0.012210765 0.583976746 -0.013044460
1403715287862142976.000000 0.956717193 5.479246616 0.155419275 0.801536143 -0.155148014 0.571586013 0.082208723
1403715290162142976.000000 1.146114111 5.154262066 -0.058141850 0.759797752 -0.321136773 0.520484686 0.220622450
1403715291812143104.000000 1.672121882 4.818925858 -0.029384252 0.733297110 -0.382083207 0.517474532 0.220245048
1403715292312143104.000000 1.750936508 4.591388702 -0.093159966 0.751214623 -0.353137821 0.506856024 0.232523426
1403715294812143104.000000 2.339161158 3.914077997 0.072465688 -0.807352901 -0.156670302 -0.558715165 0.107112221
1403715295962142976.000000 2.334009647 3.718016386 -0.089020267 -0.732574463 -0.341582417 -0.531546533 0.253208220
1403715298912143104.000000 3.099012613 3.564392567 -0.277479619 -0.501838565 -0.650874734 -0.385686368 0.419244856
1403715301862142976.000000 2.903666973 3.908282995 -0.234140724 -0.321701944 -0.747577548 -0.236798912 0.530624151
1403715304412143104.000000 2.665667772 3.186398745 -0.349042594 -0.126990914 -0.803552985 -0.070038855 0.577295959
1403715306662142976.000000 2.709815502 3.071960688 -0.030182384 -0.189684078 -0.777790666 -0.092944346 0.591965318
1403715309262142976.000000 3.338584185 3.187981129 -0.229881778 -0.520806015 -0.630006731 -0.337561578 0.466802806
1403715311262142976.000000 3.937677622 3.400999784 -0.136335552 -0.566525400 -0.601935148 -0.369245142 0.424713075
1403715313612143104.000000 4.650721550 3.920008421 0.036620423 -0.551351070 -0.601013362 -0.403259158 0.414942026
1403715315262142976.000000 4.408780098 3.876423836 0.156530648 -0.639204860 -0.511449575 -0.451739550 0.354637712
1403715317762142976.000000 3.877302885 4.121904373 -0.106460378 -0.812334061 -0.116617225 -0.563492835 0.094813384
1403715318262142976.000000 3.803648949 4.189453602 -0.163162231 -0.821881175 -0.019906068 -0.566549957 0.056001276
1403715320762142976.000000 4.669090271 4.290589333 -0.045370009 0.728705406 -0.352111489 0.549440980 0.207654878
1403715321262142976.000000 4.751242161 4.391859055 0.018563259 0.716777682 -0.401561022 0.523490071 0.225691423
1403715324112143104.000000 3.990424395 3.336427927 0.107682727 0.650333822 -0.422927618 0.524878263 0.350287080
1403715326962142976.000000 3.571791172 3.519707918 0.147545785 0.670833349 -0.459554166 0.489561528 0.314836681
1403715328362142976.000000 2.919358492 3.480772257 0.047676928 0.713236570 -0.379951328 0.514832199 0.286144167
1403715328712143104.000000 2.772989035 3.473718643 0.035197288 0.719886363 -0.385363430 0.501186788 0.286479503
1403715331262142976.000000 2.575808764 3.600119829 -0.061130408 0.804478943 -0.155468836 0.569071531 0.069286972
1403715334212143104.000000 2.402185202 2.509965420 0.186167344 0.823660910 -0.042295199 0.565438807 0.008537362
1403715336962142976.000000 2.730851889 1.391444683 0.160071805 -0.817275107 -0.054193538 -0.572272897 0.040350877
1403715337462142976.000000 2.850913763 1.287882328 0.203010380 -0.821863115 -0.087952793 -0.557332277 0.078651227
1403715339462142976.000000 3.624435425 0.794870079 0.305418104 -0.795059323 -0.201881424 -0.552955747 0.146166235
1403715339912143104.000000 3.804744005 0.702574551 0.263130903 -0.793494821 -0.208025888 -0.560631037 0.113067001
1403715340312143104.000000 3.917614698 0.727500141 0.245264560 -0.778530836 -0.257685989 -0.551611900 0.152355120
1403715342162142976.000000 4.358973026 1.206398606 0.412344575 -0.769078672 -0.295280278 -0.527981579 0.206308067
1403715342612143104.000000 4.420310497 1.341723800 0.415832251 -0.758092523 -0.339982480 -0.510165989 0.222347125
1403715342912143104.000000 4.472942352 1.463677049 0.419634819 -0.732814252 -0.379772872 -0.507033050 0.248341307
1403715345762142976.000000 3.973593235 2.924263477 0.251550466 -0.679619670 -0.444279730 -0.490051329 0.317147195
1403715347512143104.000000 2.979524851 3.541771650 0.247101977 -0.668713808 -0.470454365 -0.481457472 0.315742433
1403715350212143104.000000 2.905565977 3.969371796 -0.135909587 -0.470829248 -0.675164223 -0.320123613 0.469035178
1403715352912143104.000000 2.204818964 4.512026310 -0.189225808 -0.393605977 -0.707902253 -0.275021613 0.517988443
1403715355712143104.000000 1.812030554 4.813668251 -0.057212412 -0.279262334 -0.770472050 -0.189288154 0.540883839
1403715357112143104.000000 1.512047291 4.997280598 0.056131311 -0.217740014 -0.796354473 -0.130195543 0.549052000
1403715357962142976.000000 1.170717835 5.177728653 0.157553017 -0.132343903 -0.812287211 -0.131764621 0.552551150
1403715358312143104.000000 0.986320972 5.183594227 0.152941942 -0.145658001 -0.816315114 -0.116688177 0.546623588
1403715359612143104.000000 0.188577533 4.972214222 0.070034705 -0.085164472 -0.802419603 -0.083177514 0.584766150
1403715360012143104.000000 0.065669358 4.839738369 0.076703832 -0.100995012 -0.808125615 -0.067732297 0.576320469
1403715360412143104.000000 -0.021331411 4.700776577 0.094222285 -0.116843089 -0.809547842 -0.062493283 0.571904302
1403715360812143104.000000 -0.072046638 4.625927448 0.118594944 -0.189891860 -0.796140552 -0.104703501 0.564923584
1403715362912143104.000000 -0.545634091 4.637294769 0.075371563 -0.589907467 -0.571523488 -0.387593508 0.418499023
1403715363412143104.000000 -0.690274954 4.684229851 0.089846350 -0.659293354 -0.484286129 -0.417227536 0.395879388
1403715363812143104.000000 -0.644321144 4.687762737 0.129979372 -0.688455641 -0.439115137 -0.471086174 0.333593607
1403715366412143104.000000 -0.181641638 4.141785145 0.433986187 -0.802396417 -0.136552423 -0.564213395 0.138479799
1403715369262142976.000000 0.922738433 2.804919004 0.510435224 -0.797198832 -0.213339925 -0.544064522 0.151505664
1403715371562142976.000000 2.166006565 2.378103256 0.453254521 -0.765553892 -0.324213505 -0.506768942 0.228030965
1403715374312143104.000000 4.024644375 2.794459581 0.515473902 -0.647240639 -0.499926925 -0.457828790 0.348633707
1403715376912143104.000000 4.123141766 3.879211187 0.402980775 -0.616689801 -0.519376218 -0.461575776 0.369986326
1403715377412143104.000000 3.937759876 3.957029581 0.355343252 -0.609552264 -0.531755924 -0.452493072 0.375408798
1403715380212143104.000000 2.532333136 3.994566441 0.332585454 -0.612708747 -0.538711250 -0.443756163 0.370754302
1403715383012143104.000000 0.640446186 4.502389908 0.350746840 -0.734399438 -0.387697786 -0.491576850 0.262106955
1403715385662142976.000000 0.445972711 5.343156815 0.304699540 -0.823650062 -0.021942146 -0.564515829 0.049406733
1403715388312143104.000000 0.877282858 4.174936295 0.337725848 -0.823894382 -0.055264834 -0.561331868 0.055231310
1403715389712143104.000000 1.339972615 3.202358246 0.249280170 -0.813636839 -0.079375751 -0.572760463 0.060333833
1403715392462142976.000000 3.077227592 2.883091211 0.318226993 -0.725351334 -0.371538848 -0.512250423 0.270968497
1403715394662142976.000000 4.008145332 3.183907747 0.382230550 -0.339643866 -0.736837327 -0.258776724 0.524163544
1403715395462142976.000000 3.932893991 3.068711042 0.348896593 -0.121386051 -0.816503942 -0.090007007 0.557212353
1403715396962142976.000000 3.538998842 2.861996651 0.157834888 -0.007157492 -0.825445354 -0.006612261 0.564397871
1403715399762142976.000000 2.768049955 2.976170301 -0.074583456 -0.007271622 -0.829671621 -0.016847519 0.557950020
1403715400562142976.000000 2.783530951 2.590228796 -0.024139822 -0.095642716 -0.826316893 -0.094125196 0.546985745
1403715401062142976.000000 2.632773876 2.264107704 -0.026517753 -0.238601670 -0.805721581 -0.134270176 0.525217652
1403715401312143104.000000 2.514106750 2.137182236 -0.023733936 -0.254009843 -0.804530203 -0.156612605 0.513500452
1403715403162142976.000000 1.447309494 1.722096682 0.076016471 -0.347621679 -0.755375266 -0.206484243 0.515685737
1403715403412143104.000000 1.336318016 1.673405051 0.089661889 -0.347590864 -0.759825230 -0.212265193 0.506744325
1403715403862142976.000000 1.127277732 1.691473842 0.109742656 -0.408904433 -0.731998384 -0.246238843 0.486150295
1403715404062142976.000000 1.031250238 1.744087696 0.120152250 -0.442684650 -0.709947348 -0.271405876 0.475756168
1403715404462142976.000000 0.832410753 1.902330875 0.143351734 -0.468771368 -0.678003430 -0.339381278 0.453194320
1403715404912143104.000000 0.543398857 2.071013927 0.127618268 -0.488403022 -0.655141592 -0.342117488 0.463904768
1403715405362142976.000000 0.284498036 2.206622124 0.089827888 -0.570228815 -0.585938692 -0.373972744 0.437789202
1403715405812143104.000000 0.125509605 2.320191383 0.052496143 -0.651059926 -0.515544415 -0.431639194 0.352168411
1403715406012143104.000000 0.069663770 2.381468058 0.035524182 -0.679320931 -0.473838896 -0.456387490 0.325131327
1403715406212143104.000000 0.018644568 2.451531410 0.010922901 -0.704052687 -0.424600184 -0.482102454 0.302657902
1403715406812143104.000000 -0.082535610 2.660351753 -0.105338424 -0.773818910 -0.292590261 -0.514498413 0.225580513
1403715407262142976.000000 -0.067427866 2.794934034 -0.179880902 -0.807928026 -0.212255612 -0.526205957 0.159082204
1403715407512143104.000000 -0.019439435 2.875329494 -0.202453017 -0.816531062 -0.199285239 -0.523553908 0.139477134
1403715409862142976.000000 0.627894282 3.781367064 0.034986902 -0.740206659 -0.366430640 -0.503845096 0.252908975
1403715410362142976.000000 0.688143611 3.867206812 0.120148182 -0.743259132 -0.349660128 -0.516007900 0.242980510
1403715410862142976.000000 0.743636072 4.002926826 0.097129002 -0.727072477 -0.354246944 -0.533328593 0.247861698
1403715411362142976.000000 0.732084692 4.117407322 0.065993562 -0.730375588 -0.359044999 -0.513257504 0.272405684
1403715411612143104.000000 0.720437706 4.146668434 0.053881168 -0.723864198 -0.360974610 -0.517401814 0.279308826
1403715412112143104.000000 0.688627183 4.143871784 0.025737047 -0.725412965 -0.370935589 -0.510854661 0.274245054
1403715412512143104.000000 0.655749142 4.112599850 0.004691107 -0.731194973 -0.372807413 -0.504087031 0.268821478
1403715412862142976.000000 0.632182300 4.087255001 -0.007632948 -0.734813452 -0.376434773 -0.499271125 0.262820214
1403715413362142976.000000 0.609816432 4.078331947 -0.081550315 -0.730327785 -0.369738877 -0.507083237 0.269779652
1403715413612143104.000000 0.600410044 4.071373940 -0.147797689 -0.730758846 -0.365346044 -0.506666005 0.275324255
1403715414062142976.000000 0.589372098 4.036008358 -0.238940507 -0.726669252 -0.372986674 -0.513209879 0.263530612
1403715414512143104.000000 0.557244480 4.023656368 -0.228735223 -0.740417719 -0.380342096 -0.494990200 0.249211386
1403715414912143104.000000 0.534059048 4.074545383 -0.265847385 -0.736613452 -0.358696371 -0.503388405 0.274477124
1403715415312143104.000000 0.533503592 4.100095749 -0.341338903 -0.740306556 -0.343881398 -0.506425917 0.277893066
1403715415662142976.000000 0.553920448 4.089993954 -0.375637114 -0.732007325 -0.358132154 -0.526255071 0.242821440
1403715416062142976.000000 0.547555029 4.093367100 -0.385496229 -0.731799066 -0.358680040 -0.527519345 0.239879549
1403715416462142976.000000 0.548585653 4.094321728 -0.385750026 -0.734757006 -0.357429683 -0.523991883 0.240434453
1403715416712143104.000000 0.548330247 4.093066692 -0.386638522 -0.734881997 -0.356989741 -0.523928702 0.240843356
1403715417212143104.000000 0.545758963 4.091198921 -0.387852818 -0.735006630 -0.356683284 -0.523764729 0.241273433
1403715417712143104.000000 0.543690920 4.089990139 -0.387915760 -0.735154986 -0.356436372 -0.523564816 0.241620064
1403715418212143104.000000 0.543249488 4.089802265 -0.387529939 -0.735227704 -0.356371164 -0.523528099 0.241574541
1403715418712143104.000000 0.544040322 4.090031147 -0.387340546 -0.735311389 -0.356228054 -0.523480475 0.241633788
