#LBA time[ms],KF opt[#],KF fixed[#],MP[#],Edges[#]
0.009317,3,1,0,715
0.003334,4,1,0,913
0.147604,5,1,0,1117
0.500834,6,1,0,1353
0.749156,7,1,0,1563
0.409004,8,1,0,1783
1.041953,9,1,0,2019
2.635245,10,1,0,2273
3.123537,0,0,0,0
51.283853,0,0,0,0
2.182008,3,1,0,909
1.431343,4,1,0,1243
0.002001,5,1,0,1529
0.001572,6,1,0,1920
0.137331,7,1,0,1956
0.663753,8,1,0,1995
0.675055,9,1,0,2353
0.729009,10,1,0,2736
0.787389,0,0,0,0
0.765799,0,0,0,0
0.961089,0,0,0,0
39.401407,0,0,0,0
1.037897,0,0,0,0
1.129145,0,0,0,0
1.378292,0,0,0,0
2.136709,0,0,0,0
1.471675,0,0,0,0
1.576912,0,0,0,0
1.874959,0,0,0,0
2.666109,0,0,0,0
2.130523,0,0,0,0
3.122562,0,0,0,0
3.403111,0,0,0,0
3.414631,0,0,0,0
3.633612,0,0,0,0
3.221182,0,0,0,0
3.290156,0,0,0,0
3.262456,0,0,0,0
5.839057,0,0,0,0
3.139177,0,0,0,0
3.389537,0,0,0,0
3.637929,0,0,0,0
3.916717,3,1,0,660
4.015241,4,1,0,840
2.941288,5,1,0,1074
2.958232,6,1,0,1311
0.003210,7,1,0,1550
0.002773,8,1,0,1808
0.287198,9,1,0,2048
0.586482,10,1,0,2280
0.416805,0,0,0,0
1.331976,0,0,0,0
0.564690,0,0,0,0
1.968292,3,1,0,884
2.357617,4,1,0,1150
65.557821,5,1,0,1393
1.731890,6,1,0,1706
2.057212,7,1,0,1999
2.750323,8,1,0,2273
0.003984,9,1,0,2513
0.002817,10,1,0,2732
0.469188,0,0,0,0
0.729200,0,0,0,0
1.024273,0,0,0,0
0.621188,3,1,0,491
0.691136,4,1,0,798
2.209650,5,1,0,1111
3.324156,6,1,0,1502
38.025126,7,1,0,1946
1.769957,8,1,0,2318
3.425156,9,1,0,2680
2.194199,10,1,0,3047
0.002125,0,0,0,0
0.002660,0,0,0,0
0.303684,0,0,0,0
0.425942,0,0,0,0
0.493993,0,0,0,0
0.922076,0,0,0,0
0.672673,0,0,0,0
0.983200,0,0,0,0
1.386524,0,0,0,0
55.019908,0,0,0,0
0.822474,0,0,0,0
0.995430,0,0,0,0
1.070081,0,0,0,0
1.220558,0,0,0,0
1.456867,0,0,0,0
1.426235,0,0,0,0
1.455552,0,0,0,0
2.745402,0,0,0,0
2.101198,0,0,0,0
2.538001,0,0,0,0
3.089077,0,0,0,0
2.601964,0,0,0,0
2.453007,0,0,0,0
3.061068,0,0,0,0
3.207307,0,0,0,0
3.582632,0,0,0,0
3.076437,0,0,0,0
4.755988,0,0,0,0
3.044656,0,0,0,0
2.801962,0,0,0,0
4.840880,0,0,0,0
3.613060,0,0,0,0
3.695933,0,0,0,0
4.708331,0,0,0,0
4.005385,0,0,0,0
3.719777,0,0,0,0
5.355874,0,0,0,0
4.188988,0,0,0,0
4.628963,0,0,0,0
6.265323,0,0,0,0
3.509702,0,0,0,0
5.290077,0,0,0,0
3.311344,0,0,0,0
4.760155,0,0,0,0
5.138935,0,0,0,0
5.541567,0,0,0,0
3.834124,0,0,0,0
2.829887,0,0,0,0
2.801903,0,0,0,0
4.769560,0,0,0,0
2.857980,0,0,0,0
2.795422,0,0,0,0
3.744904,0,0,0,0
4.226472,0,0,0,0
4.770019,0,0,0,0
3.966126,0,0,0,0
2.969366,0,0,0,0
5.156526,0,0,0,0
3.209733,0,0,0,0
3.348566,0,0,0,0
3.160415,0,0,0,0
4.222146,0,0,0,0
3.178396,0,0,0,0
4.011228,0,0,0,0
5.340245,0,0,0,0
4.528093,0,0,0,0
2.986134,0,0,0,0
3.847495,0,0,0,0
6.494398,0,0,0,0
4.362959,0,0,0,0
3.397256,0,0,0,0
5.024352,0,0,0,0
4.051116,0,0,0,0
7.074967,0,0,0,0
4.349272,0,0,0,0
6.221565,0,0,0,0
4.510149,0,0,0,0
1.734486,0,0,0,0
1.612212,0,0,0,0
2.123099,0,0,0,0
2.892148,0,0,0,0
3.357230,0,0,0,0
3.438918,0,0,0,0
3.362316,0,0,0,0
3.308054,0,0,0,0
3.473488,0,0,0,0
4.701544,0,0,0,0
5.261716,0,0,0,0
5.586291,0,0,0,0
4.692649,0,0,0,0
4.828201,0,0,0,0
6.153123,0,0,0,0
8.032169,0,0,0,0
3.189717,0,0,0,0
3.940237,0,0,0,0
5.179983,0,0,0,0
6.781376,0,0,0,0
6.959738,0,0,0,0
6.807143,0,0,0,0
7.310205,0,0,0,0
7.760167,0,0,0,0
7.426518,0,0,0,0
9.220126,0,0,0,0
8.909317,0,0,0,0
6.944271,0,0,0,0
7.350889,0,0,0,0
7.309765,0,0,0,0
7.193333,0,0,0,0
7.853638,0,0,0,0
8.137654,0,0,0,0
6.925288,0,0,0,0
7.148936,0,0,0,0
5.297729,0,0,0,0
8.945930,0,0,0,0
5.886498,0,0,0,0
6.554092,0,0,0,0
5.730276,0,0,0,0
6.462616,0,0,0,0
5.277841,0,0,0,0
7.106331,0,0,0,0
7.841459,0,0,0,0
7.735310,0,0,0,0
8.772393,0,0,0,0
9.273731,0,0,0,0
11.454565,0,0,0,0
8.160019,0,0,0,0
7.580879,0,0,0,0
9.019503,0,0,0,0
9.635197,0,0,0,0
11.331691,0,0,0,0
9.626530,0,0,0,0
8.600644,0,0,0,0
12.244942,0,0,0,0
13.434396,0,0,0,0
11.953862,0,0,0,0
12.475569,0,0,0,0
14.327017,0,0,0,0
12.265737,0,0,0,0
13.193988,0,0,0,0
16.567188,0,0,0,0
16.761955,0,0,0,0
18.857896,0,0,0,0
15.930686,0,0,0,0
15.175688,0,0,0,0
16.037562,0,0,0,0
11.355088,0,0,0,0
13.448393,0,0,0,0
14.895227,0,0,0,0
12.744739,0,0,0,0
11.924882,0,0,0,0
12.905453,0,0,0,0
11.802469,0,0,0,0
9.104526,0,0,0,0
14.473178,0,0,0,0
9.601438,0,0,0,0
12.068473,0,0,0,0
12.353821,0,0,0,0
9.769310,0,0,0,0
12.428424,0,0,0,0
14.150546,0,0,0,0
16.661691,0,0,0,0
15.435108,0,0,0,0
17.039924,0,0,0,0
16.715366,0,0,0,0
12.987296,0,0,0,0
16.204240,0,0,0,0
14.396395,0,0,0,0
15.290244,0,0,0,0
15.763667,0,0,0,0
15.982932,0,0,0,0
15.696317,0,0,0,0
12.326763,0,0,0,0
18.416206,0,0,0,0
17.797713,0,0,0,0
14.264290,0,0,0,0
20.831157,0,0,0,0
16.790964,0,0,0,0
18.676650,0,0,0,0
18.193440,0,0,0,0
17.779063,0,0,0,0
21.270263,0,0,0,0
20.631877,0,0,0,0
14.583546,0,0,0,0
19.813013,0,0,0,0
16.709043,0,0,0,0
19.763573,0,0,0,0
19.435928,0,0,0,0
17.345149,0,0,0,0
18.440867,0,0,0,0
14.254931,0,0,0,0
20.780238,0,0,0,0
11.785445,0,0,0,0
18.943358,0,0,0,0
13.408836,0,0,0,0
16.992444,0,0,0,0
16.136688,0,0,0,0
13.683875,0,0,0,0
15.704028,0,0,0,0
18.504667,0,0,0,0
14.730997,0,0,0,0
9.875495,0,0,0,0
20.000715,0,0,0,0
15.882746,0,0,0,0
9.687826,0,0,0,0
16.368589,0,0,0,0
15.980876,0,0,0,0
17.016849,0,0,0,0
14.589934,0,0,0,0
15.240202,0,0,0,0
12.814798,0,0,0,0
10.143393,0,0,0,0
14.247504,0,0,0,0
8.849487,0,0,0,0
13.989247,0,0,0,0
14.065337,0,0,0,0
14.186320,0,0,0,0
14.632705,0,0,0,0
13.017536,0,0,0,0
10.947152,0,0,0,0
13.136516,0,0,0,0
15.197083,0,0,0,0
15.581754,0,0,0,0
16.138995,0,0,0,0
15.444397,0,0,0,0
15.520167,0,0,0,0
15.371053,0,0,0,0
17.085424,0,0,0,0
14.929116,0,0,0,0
15.908132,0,0,0,0
18.701793,0,0,0,0
14.687949,0,0,0,0
16.434997,0,0,0,0
15.384853,0,0,0,0
20.483183,0,0,0,0
16.929748,0,0,0,0
15.381284,0,0,0,0
12.741233,0,0,0,0
17.431066,0,0,0,0
14.513753,0,0,0,0
18.707139,0,0,0,0
14.015634,0,0,0,0
13.579433,0,0,0,0
12.691846,0,0,0,0
14.276801,0,0,0,0
11.789635,0,0,0,0
8.728316,0,0,0,0
11.738560,0,0,0,0
8.409524,0,0,0,0
12.395679,0,0,0,0
7.436585,0,0,0,0
10.769307,0,0,0,0
8.946249,0,0,0,0
6.527997,0,0,0,0
8.331020,0,0,0,0
11.208567,0,0,0,0
12.606505,0,0,0,0
11.462842,0,0,0,0
11.303554,0,0,0,0
9.039003,0,0,0,0
10.747667,0,0,0,0
8.555929,0,0,0,0
10.135665,0,0,0,0
10.863381,0,0,0,0
10.770103,0,0,0,0
9.976809,0,0,0,0
12.377458,0,0,0,0
8.607668,0,0,0,0
14.992076,0,0,0,0
10.315185,0,0,0,0
17.334427,0,0,0,0
12.403827,0,0,0,0
10.738984,0,0,0,0
16.668643,0,0,0,0
12.624355,0,0,0,0
18.202544,0,0,0,0
12.709964,0,0,0,0
11.285125,0,0,0,0
12.988496,0,0,0,0
9.759482,0,0,0,0
10.479812,0,0,0,0
9.957536,0,0,0,0
11.951566,0,0,0,0
12.311596,0,0,0,0
12.537917,0,0,0,0
13.764353,0,0,0,0
7.662990,0,0,0,0
10.891902,0,0,0,0
7.739668,0,0,0,0
11.979085,0,0,0,0
15.276946,0,0,0,0
7.621678,0,0,0,0
13.165684,0,0,0,0
7.392873,0,0,0,0
9.124015,0,0,0,0
8.830711,0,0,0,0
10.911981,0,0,0,0
8.993899,0,0,0,0
5.910364,0,0,0,0
8.203374,0,0,0,0
9.278303,0,0,0,0
7.569365,0,0,0,0
9.190431,0,0,0,0
7.990703,0,0,0,0
11.615801,0,0,0,0
10.232928,0,0,0,0
8.564110,0,0,0,0
8.871206,0,0,0,0
8.374058,0,0,0,0
10.074087,0,0,0,0
9.400990,0,0,0,0
10.745067,0,0,0,0
13.125876,0,0,0,0
10.571767,0,0,0,0
7.798170,0,0,0,0
10.281273,0,0,0,0
12.091672,0,0,0,0
8.760243,0,0,0,0
9.831940,0,0,0,0
11.497069,0,0,0,0
13.695868,0,0,0,0
10.757335,0,0,0,0
14.148585,0,0,0,0
10.920821,0,0,0,0
14.842955,0,0,0,0
14.922036,0,0,0,0
11.922591,0,0,0,0
12.651334,0,0,0,0
15.894500,0,0,0,0
16.071825,0,0,0,0
9.674028,0,0,0,0
10.664735,0,0,0,0
13.188073,0,0,0,0
15.867511,0,0,0,0
13.944978,0,0,0,0
16.930165,0,0,0,0
12.316985,0,0,0,0
13.715296,0,0,0,0
12.579097,0,0,0,0
12.260633,0,0,0,0
17.225278,0,0,0,0
14.386904,0,0,0,0
18.301820,0,0,0,0
15.109877,0,0,0,0
21.332972,0,0,0,0
16.769330,0,0,0,0
17.483500,0,0,0,0
20.467665,0,0,0,0
16.875448,0,0,0,0
19.983684,0,0,0,0
23.662270,0,0,0,0
17.588924,0,0,0,0
19.987275,0,0,0,0
26.495331,0,0,0,0
22.851701,0,0,0,0
17.134712,0,0,0,0
13.327162,0,0,0,0
19.267657,0,0,0,0
14.253258,0,0,0,0
16.886698,0,0,0,0
15.189145,0,0,0,0
11.981703,0,0,0,0
12.615427,0,0,0,0
17.130304,0,0,0,0
16.552844,0,0,0,0
13.279548,0,0,0,0
18.827973,0,0,0,0
19.628485,0,0,0,0
18.976475,0,0,0,0
17.141162,0,0,0,0
18.499963,0,0,0,0
14.818343,0,0,0,0
18.450782,0,0,0,0
12.089729,0,0,0,0
19.999337,0,0,0,0
19.771918,0,0,0,0
16.062123,0,0,0,0
19.667964,0,0,0,0
23.217952,0,0,0,0
25.526448,0,0,0,0
17.274809,0,0,0,0
24.814065,0,0,0,0
19.633756,0,0,0,0
22.043431,0,0,0,0
25.038914,0,0,0,0
20.011025,0,0,0,0
17.763191,0,0,0,0
22.134027,0,0,0,0
19.690341,0,0,0,0
19.419055,0,0,0,0
11.664859,0,0,0,0
18.416723,0,0,0,0
13.911159,0,0,0,0
15.118924,0,0,0,0
19.337262,0,0,0,0
18.615613,0,0,0,0
15.908898,0,0,0,0
19.339229,0,0,0,0
16.326055,0,0,0,0
19.828762,0,0,0,0
20.933324,0,0,0,0
28.548429,0,0,0,0
21.462678,0,0,0,0
30.406648,0,0,0,0
25.728428,0,0,0,0
19.965562,0,0,0,0
21.761958,0,0,0,0
24.900532,0,0,0,0
18.403458,0,0,0,0
18.468172,0,0,0,0
14.109053,0,0,0,0
35.275386,0,0,0,0
19.075350,0,0,0,0
20.118358,0,0,0,0
17.947854,0,0,0,0
12.140849,0,0,0,0
18.536068,0,0,0,0
21.816950,0,0,0,0
15.640748,0,0,0,0
18.690943,0,0,0,0
21.546669,0,0,0,0
19.981875,0,0,0,0
22.642209,0,0,0,0
18.774215,0,0,0,0
16.773498,0,0,0,0
13.906336,0,0,0,0
22.733948,0,0,0,0
16.107920,0,0,0,0
20.304794,0,0,0,0
11.199445,0,0,0,0
16.912440,0,0,0,0
22.557649,0,0,0,0
17.802739,0,0,0,0
20.372821,0,0,0,0
18.165118,0,0,0,0
15.508072,0,0,0,0
16.572599,0,0,0,0
17.456257,0,0,0,0
17.230733,0,0,0,0
18.750092,0,0,0,0
20.348185,0,0,0,0
25.484526,0,0,0,0
17.058418,0,0,0,0
16.319146,0,0,0,0
18.949027,0,0,0,0
18.735383,0,0,0,0
20.917730,0,0,0,0
19.714534,0,0,0,0
17.556216,0,0,0,0
22.324524,0,0,0,0
13.069589,0,0,0,0
9.593367,0,0,0,0
14.231289,0,0,0,0
17.975093,0,0,0,0
16.974389,0,0,0,0
11.405111,0,0,0,0
17.741658,0,0,0,0
11.915709,0,0,0,0
11.014818,0,-1080942466,30983,1080304041
10.177185,-536870912,-2147483648,2013875496,53326314
13.429683,-1075096168,-1074790808,30983,1080330318
10.884622,-536870912,0,0,-29137058
10.927491,-1074661139,1066461400,1078534937,1080268313
12.639984,-536870912,0,2020589488,-1378512703
15.843204,1068662392,1065750719,30983,1080327966
14.851505,0,1073741824,2020589496,-1047284825
11.840991,0,1065789534,30983,1080321873
11.749824,0,-2147483648,2020589496,-489557552
