1403715278412143104.000000 -0.127734870 -3.518363714 6.086760044 -0.524233937 -0.642974675 -0.354540527 0.431350678
1403715278662142976.000000 -0.134711474 -3.501351118 6.102290630 -0.521795690 -0.633094609 -0.362649262 0.442047477
1403715279912143104.000000 -0.184272945 -3.385698080 6.237458229 -0.521470785 -0.629250646 -0.361779898 0.448583633
1403715282762142976.000000 -0.366229981 -2.820307970 6.317310333 -0.769971669 -0.285472095 -0.535649359 0.196796998
1403715285062142976.000000 -0.342635274 -2.277530193 6.098034382 -0.803888738 -0.085884593 -0.583364785 0.077925235
1403715286612143104.000000 -0.136283621 -2.394308329 6.475767136 -0.824962020 -0.017029315 -0.564778447 0.013158654
1403715289562142976.000000 0.401436478 -2.713556051 6.546146393 0.785413384 -0.244621187 0.540830255 0.175467595
1403715290062142976.000000 0.475700319 -2.755742311 6.419444084 0.780095041 -0.271592230 0.532761931 0.183995202
1403715291812143104.000000 1.067051649 -3.015946150 6.460918427 0.759107053 -0.327869028 0.532116115 0.181963801
1403715292262142976.000000 1.163554192 -3.208715677 6.404143810 0.771305680 -0.305379033 0.521664023 0.199243367
1403715294262142976.000000 1.796386600 -3.691009998 6.706547260 -0.805529058 -0.100191064 -0.577398062 0.087728210
1403715296512143104.000000 1.872978687 -4.151034832 6.254350185 -0.703463972 -0.446561486 -0.450712413 0.320280552
1403715299262142976.000000 2.592278957 -4.069301128 6.238122940 -0.456502944 -0.699554503 -0.289181232 0.467549771
1403715302112143104.000000 2.486570597 -3.815327406 6.227345467 -0.265925914 -0.769613028 -0.207195848 0.542262852
1403715305062142976.000000 2.298842192 -4.557385921 6.042300224 -0.078036442 -0.813335836 -0.053775784 0.574023843
1403715308012143104.000000 2.907300711 -4.501592636 6.350998402 -0.397502124 -0.728947699 -0.279543936 0.482164502
1403715309262142976.000000 2.955222845 -4.382762909 6.258281231 -0.473053843 -0.666511953 -0.302598327 0.490322500
1403715311262142976.000000 3.518555880 -4.082318783 6.350171566 -0.520634234 -0.641947031 -0.337147683 0.450749904
1403715313412143104.000000 4.131256104 -3.467146397 6.490114212 -0.497303009 -0.640305221 -0.370484084 0.453255504
1403715315062142976.000000 3.978586197 -3.544447422 6.648955822 -0.599129558 -0.557275772 -0.427409112 0.384459406
1403715317762142976.000000 3.346770287 -3.382414579 6.388284683 -0.801722229 -0.175469339 -0.555100143 0.135336205
1403715318262142976.000000 3.263368607 -3.325619459 6.331687450 -0.818352878 -0.079517893 -0.560905218 0.096751891
1403715318712143104.000000 3.243184090 -3.377113104 6.276581287 -0.836142659 -0.052442625 -0.545009017 0.032872260
1403715320062142976.000000 3.768148661 -3.327887774 6.290494442 0.812942803 -0.117651477 0.562307656 0.095353596
1403715320412143104.000000 3.963305235 -3.225820541 6.377747059 0.786077857 -0.185277000 0.573747277 0.136265427
1403715320812143104.000000 4.128625393 -3.084653854 6.457181931 0.746670485 -0.311311424 0.563432693 0.167666301
1403715321312143104.000000 4.178806782 -2.988972187 6.515393734 0.744116843 -0.349142909 0.538003743 0.186926156
1403715321762142976.000000 4.103633404 -3.037763357 6.553076267 0.743239462 -0.339298755 0.543447375 0.192708507
1403715324562142976.000000 3.617588758 -4.123067379 6.651361942 0.704767883 -0.413052499 0.519350171 0.250928909
1403715326462142976.000000 3.288707972 -4.046368122 6.693434715 0.705129862 -0.392635554 0.516643226 0.285847992
1403715328612143104.000000 2.385870695 -4.185383320 6.525933266 0.739423275 -0.332037181 0.527616560 0.254215151
1403715331562142976.000000 2.114050150 -4.155483246 6.529356956 0.817836285 -0.056205478 0.572126985 0.025604369
1403715334362142976.000000 2.124635220 -5.263010025 6.671670914 -0.824345410 -0.025708966 -0.564192951 0.038473338
1403715336762142976.000000 2.564474583 -6.200184345 6.635727406 -0.811647713 -0.112709418 -0.566915035 0.084451221
1403715338562142976.000000 3.191311598 -6.519341469 6.764353752 -0.797602057 -0.179149225 -0.555155218 0.153425127
1403715339362142976.000000 3.541840553 -6.696117878 6.798682690 -0.778469563 -0.262340754 -0.540309966 0.182284564
1403715339812143104.000000 3.738284349 -6.767434120 6.763066292 -0.779040754 -0.260243863 -0.546552181 0.163246527
1403715340262142976.000000 3.876840115 -6.749089718 6.731445789 -0.760285139 -0.306379855 -0.543786407 0.179983988
1403715341162142976.000000 4.024113178 -6.473249435 6.823638916 -0.740294933 -0.366150528 -0.496501714 0.267176539
1403715341662142976.000000 4.185315132 -6.330944061 6.875500679 -0.730701447 -0.351593107 -0.533624649 0.240213320
1403715342162142976.000000 4.254871845 -6.197071552 6.901934147 -0.745132208 -0.350481242 -0.512253404 0.244002849
1403715342562142976.000000 4.287989616 -6.073132515 6.905713081 -0.737195015 -0.383439064 -0.492315829 0.259120017
1403715344012143104.000000 4.417414188 -5.353701591 6.858783245 -0.689783514 -0.441143423 -0.491047055 0.297428876
1403715344312143104.000000 4.405221939 -5.171783924 6.854184151 -0.660729527 -0.470552623 -0.490838766 0.317952871
1403715344512143104.000000 4.374551773 -5.059763908 6.847384930 -0.636904240 -0.488401711 -0.500516117 0.324500352
1403715347012143104.000000 2.775497198 -4.202599049 6.708790302 -0.676727355 -0.464370936 -0.455166698 0.345286965
1403715349762142976.000000 2.253697157 -3.691004038 6.442237377 -0.466800660 -0.663818061 -0.329348117 0.482672393
1403715351362142976.000000 2.427592278 -3.462527752 6.205841541 -0.407201201 -0.720206320 -0.292325586 0.479620457
1403715354062142976.000000 1.388894796 -3.154592514 6.315166950 -0.317588925 -0.751815975 -0.222269699 0.533391237
1403715354462142976.000000 1.337048769 -3.161226988 6.241861820 -0.322059900 -0.757993042 -0.208448902 0.527515888
1403715354962142976.000000 1.280006766 -3.116531849 6.262722492 -0.322587788 -0.755633116 -0.208008468 0.530743182
1403715357312143104.000000 0.790141523 -2.831952810 6.576887608 -0.117544279 -0.813653350 -0.074369624 0.564464927
1403715357812143104.000000 0.578947544 -2.744975090 6.642893791 -0.080022410 -0.817572951 -0.083465740 0.564095974
1403715358212143104.000000 0.386116922 -2.742449760 6.648538589 -0.081766598 -0.823527694 -0.082809463 0.555210829
1403715358912143104.000000 -0.078441530 -2.894166470 6.621405125 -0.047340155 -0.808110476 -0.032476109 0.586226702
1403715359712143104.000000 -0.461898178 -3.117073536 6.564598083 -0.031523697 -0.806807041 -0.038387764 0.588723361
1403715360012143104.000000 -0.533639491 -3.233160496 6.572284698 -0.042854372 -0.813084602 -0.026120238 0.579978287
1403715362012143104.000000 -0.761059284 -3.520116568 6.649413586 -0.351938486 -0.749926627 -0.242775187 0.504786670
1403715363212143104.000000 -1.236388087 -3.495670080 6.566141129 -0.599262655 -0.553579807 -0.370537698 0.443999499
1403715363712143104.000000 -1.239381790 -3.475254059 6.607582569 -0.645460844 -0.501678646 -0.432053387 0.380826354
1403715365062142976.000000 -0.891663611 -3.626621008 6.787595749 -0.731591046 -0.372571051 -0.511038005 0.254569471
1403715367812143104.000000 -0.284696341 -4.542163849 6.995959282 -0.797761202 -0.236752376 -0.525285363 0.177765995
1403715370312143104.000000 1.229508281 -5.407013893 6.982037544 -0.721147418 -0.399613470 -0.500697255 0.263738304
1403715371062142976.000000 1.616939783 -5.429727554 6.970036030 -0.737220943 -0.383426815 -0.491885394 0.259880573
1403715373462142976.000000 3.269071102 -4.879530907 6.995511532 -0.699049890 -0.422134280 -0.488356292 0.307636261
1403715375862142976.000000 3.835040092 -4.017257214 6.992756367 -0.598060131 -0.559150696 -0.422177762 0.389153659
1403715377662142976.000000 3.304803848 -3.552688360 6.824760437 -0.568207085 -0.575600564 -0.421141535 0.410444260
1403715380512143104.000000 1.820181131 -3.661746979 6.839712620 -0.578325689 -0.578749359 -0.410544783 0.402543902
1403715383312143104.000000 -0.091180533 -3.365858555 6.822702408 -0.722643256 -0.415685654 -0.470151007 0.289741814
1403715384062142976.000000 -0.335199594 -3.027996302 6.771269798 -0.755795836 -0.322925150 -0.515774548 0.241802901
1403715386712143104.000000 0.051418774 -2.793040514 6.879657269 -0.801943541 -0.082184501 -0.584342897 0.093144014
1403715389612143104.000000 0.933725119 -4.614248276 6.736502647 -0.806170583 -0.135950029 -0.568106711 0.094134696
1403715390412143104.000000 1.273493528 -4.967128277 6.716304302 -0.793468654 -0.253707230 -0.529953897 0.158710182
1403715393112143104.000000 3.267081499 -4.534366608 6.893893242 -0.621687114 -0.537497878 -0.437967539 0.364397675
1403715394312143104.000000 3.623741388 -4.301117420 6.878767967 -0.382406384 -0.724217951 -0.269930273 0.506370783
1403715394812143104.000000 3.616730690 -4.300058842 6.863916397 -0.247337103 -0.776721060 -0.185051784 0.548893929
1403715395112143104.000000 3.600789547 -4.344689846 6.853051186 -0.154954210 -0.806580603 -0.116019346 0.558530748
1403715395412143104.000000 3.569773197 -4.406460762 6.837620258 -0.072285868 -0.821067572 -0.057842068 0.563273728
1403715396312143104.000000 3.379373312 -4.604025364 6.718876362 0.010091636 -0.820735872 0.033160236 0.570255458
1403715397312143104.000000 3.096981764 -4.731824398 6.572759151 0.050909422 -0.834813058 0.061222099 0.544745207
1403715398162142976.000000 2.595941305 -4.672640800 6.503991127 0.054326691 -0.802499056 0.050899308 0.591990769
1403715398662142976.000000 2.369501352 -4.571076393 6.454031944 0.050771270 -0.804467022 0.029753145 0.591075242
1403715399162142976.000000 2.295578480 -4.545959949 6.428087711 0.057385765 -0.797587514 0.014981219 0.600280523
1403715399662142976.000000 2.395864248 -4.645583153 6.413272858 0.058038000 -0.820202470 0.021137415 0.568729103
1403715400162142976.000000 2.498492479 -4.837777615 6.432680607 0.033983156 -0.831718504 0.003828571 0.554143250
1403715400612143104.000000 2.492353201 -5.092923164 6.464553833 -0.050409377 -0.830323815 -0.057916410 0.551966488
1403715401212143104.000000 2.341061592 -5.496338844 6.461120129 -0.193193793 -0.819952667 -0.108567320 0.527794540
1403715401612143104.000000 2.119197130 -5.685732365 6.490570545 -0.200471029 -0.808361769 -0.122932300 0.539676189
1403715402012143104.000000 1.853281498 -5.798436642 6.535869598 -0.220565051 -0.788680017 -0.135067865 0.557755828
1403715402212143104.000000 1.730676889 -5.832012653 6.554857254 -0.212051541 -0.779323101 -0.150043219 0.570242584
1403715402612143104.000000 1.535025477 -5.907141685 6.567090511 -0.230391502 -0.771654308 -0.202327743 0.557254851
1403715403012143104.000000 1.359844565 -6.060353279 6.564877987 -0.277877152 -0.770283341 -0.180671304 0.544798911
1403715403412143104.000000 1.195832491 -6.183802128 6.577995777 -0.291069806 -0.782925487 -0.174868375 0.521274626
1403715403862142976.000000 0.984853804 -6.194602489 6.596971035 -0.354101390 -0.759699643 -0.210241452 0.503256559
1403715404012143104.000000 0.907291055 -6.167979717 6.603490829 -0.382032096 -0.746144891 -0.227602616 0.495496094
1403715404162142976.000000 0.829158187 -6.126317978 6.615114212 -0.399953365 -0.729456723 -0.257899076 0.491343349
1403715404562142976.000000 0.594383478 -5.994533062 6.632368565 -0.419543773 -0.706755042 -0.312582105 0.476206779
1403715404962142976.000000 0.309989512 -5.889038563 6.615339756 -0.444338411 -0.684243858 -0.309139997 0.488678008
1403715405362142976.000000 0.068916641 -5.805954933 6.583273411 -0.525661409 -0.626059771 -0.341103375 0.464088023
1403715405762142976.000000 -0.087464504 -5.729828358 6.550139427 -0.602456748 -0.568820536 -0.399410367 0.392378092
1403715406162142976.000000 -0.213576168 -5.618515968 6.510428429 -0.663534403 -0.486731946 -0.453158259 0.342726737
1403715406562142976.000000 -0.320786357 -5.489814281 6.437553883 -0.725445509 -0.398607552 -0.477008671 0.295471668
1403715406762142976.000000 -0.352705121 -5.425624847 6.396597862 -0.746491015 -0.357889563 -0.491605788 0.270166814
1403715406962142976.000000 -0.365811378 -5.363783360 6.358376026 -0.761170506 -0.320023388 -0.510758698 0.239436910
1403715407362142976.000000 -0.352651060 -5.241680145 6.298850060 -0.798260629 -0.264075726 -0.508405328 0.185924411
1403715407562142976.000000 -0.313363492 -5.166584969 6.286431313 -0.799105704 -0.256043822 -0.514127076 0.177609116
1403715410162142976.000000 0.197877079 -4.151191235 6.593946457 -0.722822726 -0.409882903 -0.482644558 0.276726544
1403715410662142976.000000 0.249436989 -4.022397041 6.597136974 -0.709674776 -0.410008669 -0.504520833 0.271501958
1403715410862142976.000000 0.256672323 -3.960655689 6.589214325 -0.699541628 -0.405804187 -0.513792872 0.286324114
1403715411312143104.000000 0.231922388 -3.856799126 6.559947491 -0.704089761 -0.411942840 -0.491098613 0.305586100
1403715411562142976.000000 0.215126321 -3.823919535 6.548960209 -0.695811272 -0.409613401 -0.496516675 0.318645298
1403715412062142976.000000 0.184088171 -3.826572895 6.521915436 -0.696483314 -0.422204047 -0.489830226 0.311000288
1403715412312143104.000000 0.165983230 -3.845887661 6.508812428 -0.699004292 -0.424088120 -0.486969739 0.307250440
1403715412612143104.000000 0.145362049 -3.873215437 6.492398739 -0.703591585 -0.425473660 -0.481799304 0.302985936
1403715412962142976.000000 0.128437832 -3.896001577 6.483200073 -0.705363393 -0.428207010 -0.479722291 0.298274547
1403715413362142976.000000 0.111530289 -3.902762175 6.410219193 -0.701674700 -0.421525240 -0.486134171 0.306010813
1403715413762142976.000000 0.102481388 -3.922376871 6.318229675 -0.699171007 -0.420881033 -0.490478754 0.305695355
1403715414162142976.000000 0.090422846 -3.960245371 6.245722294 -0.701443315 -0.426497161 -0.487849206 0.296783924
1403715414562142976.000000 0.063503161 -3.964008331 6.262975693 -0.708722353 -0.432265490 -0.478754640 0.285750151
1403715414962142976.000000 0.032245364 -3.915965796 6.216400623 -0.710337937 -0.407273233 -0.480391413 0.314281225
1403715415262142976.000000 0.029534753 -3.896105528 6.157989979 -0.715363204 -0.393795431 -0.480377823 0.320027739
1403715415612143104.000000 0.053986553 -3.901564360 6.122037888 -0.704397500 -0.410340667 -0.505715072 0.282306492
1403715416062142976.000000 0.048855644 -3.899503231 6.105778694 -0.703751624 -0.410821676 -0.508822322 0.277595252
1403715416412143104.000000 0.049739290 -3.898015976 6.105747700 -0.706494272 -0.409602076 -0.505728602 0.278083771
1403715416862142976.000000 0.048714500 -3.900645971 6.104393482 -0.707084358 -0.409218550 -0.505032659 0.278413475
1403715417362142976.000000 0.044775758 -3.904182673 6.104227543 -0.707310855 -0.408934504 -0.504791200 0.278692991
1403715417862142976.000000 0.041268293 -3.908177853 6.104790211 -0.707512617 -0.408591241 -0.504703999 0.278842241
1403715418362142976.000000 0.039042391 -3.911165714 6.106281757 -0.707637906 -0.408467859 -0.504651666 0.278799772
