1403715893384058112.000000 8.268617630 -0.339962900 -12.513163567 -0.573010147 -0.595444262 -0.400351822 0.396010101
1403715894634057984.000000 8.102475166 -0.395693600 -12.282896042 -0.567054927 -0.599287271 -0.411853284 0.386885494
1403715897134057984.000000 7.410290241 -0.421909541 -11.727651596 -0.619657278 -0.529763579 -0.325876534 0.478727430
1403715899184058112.000000 10.593754768 -0.657259524 -11.693849564 -0.671804130 -0.485918045 -0.451539308 0.329659075
1403715900084058112.000000 11.697129250 -0.390662313 -11.856224060 -0.643401802 -0.525148153 -0.474865049 0.291130185
1403715901384058112.000000 11.886488914 0.603013217 -11.812240601 -0.612472713 -0.451894134 -0.521412730 0.385742873
1403715901634057984.000000 11.788292885 0.562557101 -11.774741173 -0.634777725 -0.463683814 -0.498003751 0.366124213
1403715902034057984.000000 11.591464996 0.377956182 -11.720625877 -0.648839772 -0.474960178 -0.479703605 0.351147026
1403715902184058112.000000 11.507976532 0.287785888 -11.706580162 -0.643951595 -0.478314549 -0.485065579 0.348214030
1403715902984058112.000000 10.946736336 -0.198164538 -11.710695267 -0.645340741 -0.536812067 -0.415646911 0.350151241
1403715905584058112.000000 9.483533859 0.147292212 -11.590142250 0.008623271 -0.810003698 -0.028044658 0.585690379
1403715908484058112.000000 9.944350243 -0.754334867 -11.727729797 0.786035419 -0.155237421 0.588195205 0.109891802
1403715909684058112.000000 9.815639496 -0.284681737 -11.743833542 -0.758019805 -0.298990041 -0.554131448 0.170144975
1403715911334057984.000000 8.735245705 0.072235033 -12.033820152 -0.335084468 -0.711457849 -0.263346791 0.558743894
1403715912884058112.000000 8.343213081 -1.052792788 -11.793037415 0.017237525 -0.813516557 0.023469290 0.580812275
1403715914984058112.000000 9.346058846 -2.783825874 -11.817350388 0.053770196 -0.864599347 0.129773825 0.482426822
1403715915384058112.000000 9.251831055 -3.024080992 -11.781229973 0.060674641 -0.841849804 0.096764028 0.527488708
1403715915734057984.000000 9.021692276 -3.135424376 -11.847521782 0.100121982 -0.823050380 0.061898440 0.555636942
1403715918434057984.000000 7.582162857 -3.191295147 -12.327338219 -0.198840231 -0.770862401 -0.110824600 0.594938338
1403715918884058112.000000 7.865062237 -3.098642588 -12.488683701 -0.240651369 -0.792101264 -0.149123117 0.540763199
1403715919134057984.000000 8.005879402 -3.018393040 -12.481205940 -0.232250065 -0.816942513 -0.162356988 0.502299905
1403715919634057984.000000 8.063527107 -2.884630203 -12.465303421 -0.212879047 -0.795406997 -0.174468219 0.539973140
1403715920034057984.000000 7.990074158 -2.858967781 -12.616288185 -0.212635696 -0.800954700 -0.174611166 0.531759918
1403715922284058112.000000 7.270061016 -2.878036737 -11.625975609 -0.146468908 -0.796714544 -0.088959798 0.579550743
1403715923234057984.000000 7.214626789 -2.853538275 -11.095845222 -0.131278664 -0.803604066 -0.103448696 0.571213424
1403715923634057984.000000 7.248727322 -2.899617672 -10.940020561 -0.159127280 -0.804229558 -0.060936000 0.569368243
1403715923784058112.000000 7.264584541 -2.903261423 -10.952137947 -0.163992569 -0.799147129 -0.052736651 0.575924516
1403715924134057984.000000 7.334692001 -2.859793663 -11.108894348 -0.147616938 -0.782640219 -0.074312821 0.600134254
1403715924434057984.000000 7.459422588 -2.800014973 -11.287926674 -0.141213685 -0.795328379 -0.085422046 0.583279133
1403715924684058112.000000 7.583322048 -2.747525930 -11.430057526 -0.155522600 -0.807434916 -0.077429079 0.563796461
1403715924784058112.000000 7.632219791 -2.719536543 -11.485100746 -0.171862349 -0.803670585 -0.077040821 0.564483583
1403715925084058112.000000 7.789556026 -2.594746351 -11.636110306 -0.229847580 -0.771691144 -0.129671291 0.578660667
1403715925234057984.000000 7.887123108 -2.522038937 -11.679200172 -0.260490447 -0.752490997 -0.167092592 0.581362307
1403715926134057984.000000 8.764972687 -2.076398134 -11.743261337 -0.493091792 -0.638515055 -0.318385065 0.497785091
1403715926284058112.000000 8.950903893 -2.001866579 -11.789079666 -0.528273344 -0.598454893 -0.352279127 0.488547415
1403715926434057984.000000 9.150429726 -1.942577362 -11.855664253 -0.556476116 -0.561319947 -0.393701285 0.469311833
1403715929084058112.000000 9.964913368 -2.938786507 -12.464836121 -0.868098617 -0.027575139 -0.494688183 0.030462582
1403715929234057984.000000 9.919076920 -3.036183596 -12.382912636 -0.878282666 -0.057061527 -0.473311543 0.036601532
1403715932084058112.000000 11.326700211 -2.947516918 -11.898028374 -0.807731092 -0.068777680 -0.583930492 0.043190956
1403715932434057984.000000 11.705269814 -2.903575659 -11.818614960 -0.729737520 -0.068430260 -0.678540468 0.048818972
1403715932684058112.000000 11.773478508 -2.874748468 -11.747922897 -0.691739142 -0.061794605 -0.717069924 0.059069682
1403715934484058112.000000 11.423962593 -2.797536373 -11.084307671 -0.696922958 -0.032041576 -0.715830445 0.029301006
1403715934984058112.000000 11.185092926 -2.785085440 -11.044157028 -0.722620368 -0.035763018 -0.688414633 0.051246502
1403715936234057984.000000 10.119370461 -2.840548277 -11.333788872 -0.833016157 -0.041828409 -0.551429272 0.016135350
1403715936434057984.000000 10.283948898 -2.794451475 -11.348198891 -0.772106946 -0.030920492 -0.634346545 0.022346202
1403715938234057984.000000 9.932080269 -2.487213612 -11.914324760 -0.830859065 -0.246439278 -0.475600749 0.150813967
1403715940934057984.000000 10.525503159 -1.112626910 -11.417373657 -0.844051242 -0.374227822 -0.348132879 0.162279427
1403715941734057984.000000 11.017714500 -0.274445981 -11.094448090 -0.620336473 -0.256559908 -0.664806366 0.327707618
1403715941984058112.000000 10.931354523 -0.349907517 -11.138737679 -0.611278772 -0.255167842 -0.672548056 0.330010504
1403715942134057984.000000 10.802332878 -0.507786632 -11.193408012 -0.671452999 -0.289996862 -0.616425812 0.291671157
1403715944784058112.000000 10.298940659 -1.282223940 -11.955821991 -0.752328217 -0.503392458 -0.332005113 0.265275061
1403715946334057984.000000 10.260782242 -1.112618923 -11.504235268 -0.660252452 -0.615818501 -0.309434593 0.298470378
1403715946984058112.000000 10.073680878 -0.586113393 -11.266063690 -0.508333266 -0.555763602 -0.451510966 0.478395164
1403715947134057984.000000 10.031159401 -0.533743203 -11.228494644 -0.489502281 -0.531409204 -0.472394347 0.504812121
1403715947584058112.000000 9.931345940 -0.792433083 -11.235503197 -0.551388264 -0.559245706 -0.416455239 0.458017826
1403715948084058112.000000 9.885262489 -1.247812748 -11.499234200 -0.622721851 -0.650051177 -0.290996432 0.323993921
1403715949634057984.000000 9.776947021 -0.724098325 -11.931241989 -0.525455594 -0.693150461 -0.293817937 0.396370888
1403715949884058112.000000 9.740633965 -0.683227181 -11.951451302 -0.493121237 -0.741303861 -0.254553735 0.377495199
1403715950834057984.000000 9.196009636 -0.046426382 -11.852065086 -0.330209821 -0.622085690 -0.349594504 0.617862940
1403715950984058112.000000 9.182012558 -0.118929967 -11.830036163 -0.337491423 -0.632170856 -0.336718857 0.610802710
1403715952784058112.000000 8.631743431 -0.341495275 -11.412936211 -0.161715180 -0.673981249 -0.155128092 0.703940868
1403715952934057984.000000 8.736210823 -0.359394282 -11.373511314 -0.158934563 -0.689287364 -0.148108587 0.691148758
1403715953734057984.000000 9.465138435 -0.515069842 -11.493929863 -0.133851632 -0.904485524 -0.041204773 0.402854770
1403715953884058112.000000 9.404405594 -0.465385377 -11.499261856 -0.097915791 -0.906332254 -0.046492301 0.408427417
1403715954184058112.000000 9.064509392 -0.352523297 -11.503843307 -0.008337745 -0.831220508 -0.114081249 0.544048190
1403715954634057984.000000 8.572492599 -0.417797357 -11.556409836 -0.044645086 -0.700787008 -0.062008493 0.709266782
1403715954784058112.000000 8.542525291 -0.483359486 -11.572327614 -0.045351844 -0.692885697 -0.057904974 0.717286348
1403715955684058112.000000 9.110126495 -0.977138817 -11.616748810 -0.090549365 -0.902997315 0.002108959 0.419990629
1403715956134057984.000000 8.797503471 -1.023606539 -11.496090889 0.045103181 -0.787336111 0.018474454 0.614594340
1403715956584058112.000000 8.650850296 -1.088549733 -11.373648643 0.167010829 -0.689270198 0.114095084 0.695698500
1403715956734057984.000000 8.738088608 -1.093603015 -11.336341858 0.184169203 -0.690382719 0.139205649 0.685620308
1403715957584058112.000000 9.697478294 -0.993526220 -11.416783333 0.198541254 -0.896679521 0.103762724 0.381812125
1403715957734057984.000000 9.704923630 -1.040955305 -11.475601196 0.204571456 -0.898646712 0.096185803 0.375942677
1403715957884058112.000000 9.615002632 -1.133678079 -11.514715195 0.203973606 -0.863464177 0.112512186 0.447398692
1403715958334057984.000000 9.224842072 -1.501127839 -11.597857475 0.237242937 -0.698375165 0.200864032 0.644702792
1403715959634057984.000000 9.778033257 -1.151428103 -11.928203583 0.508744121 -0.754906595 0.235154659 0.340584546
1403715960884058112.000000 9.869338036 -1.303875566 -11.678946495 0.516248465 -0.660732329 0.317343473 0.442960024
1403715961334057984.000000 10.093513489 -1.069832921 -11.591878891 0.536176682 -0.740992367 0.239611715 0.325624317
1403715961484058112.000000 10.126675606 -1.168093324 -11.531570435 0.517123461 -0.719872653 0.293203086 0.358327627
1403715962084058112.000000 10.133457184 -1.721288681 -11.330857277 -0.495227844 0.497768611 -0.489712864 -0.516872406
1403715962284058112.000000 10.150682449 -1.719525933 -11.340538979 -0.497388840 0.462410361 -0.530981123 -0.506793857
1403715965134057984.000000 9.952533722 -0.681057870 -12.243520737 0.712389469 -0.306026816 0.597795725 0.203688741
1403715967434057984.000000 10.381105423 -0.775055826 -11.574668884 -0.656042457 0.281791896 -0.639081299 -0.285966277
1403715969384058112.000000 9.578487396 0.000253990 -11.911999702 0.852742255 -0.263476431 0.431692123 0.130585909
1403715969884058112.000000 9.643742561 -0.020682424 -12.025460243 0.835558891 -0.194467172 0.467813611 0.212542161
1403715971234057984.000000 9.937643051 0.357796043 -11.937202454 0.878647327 -0.238058075 0.404354334 0.088345446
1403715973184058112.000000 9.881375313 0.227034658 -11.409689903 0.814276397 -0.011462727 0.578851163 -0.041880265
1403715976134057984.000000 9.806661606 -1.418286800 -11.531785965 -0.823276997 -0.040533643 -0.565916300 0.017627316
1403715978834057984.000000 10.021372795 -0.238795891 -11.573409081 -0.541892707 -0.597786963 -0.409381688 0.425922155
1403715980384058112.000000 8.846218109 -0.572694659 -11.455133438 0.031042779 -0.783236504 -0.025883824 0.620408833
1403715980734057984.000000 8.826045036 -1.008690119 -11.436683655 0.156316757 -0.764533460 0.112412199 0.615156233
1403715981184058112.000000 9.019431114 -1.493348718 -11.434720993 0.330827296 -0.704988241 0.277383745 0.562675059
1403715981384058112.000000 9.160074234 -1.632937431 -11.428694725 0.411449939 -0.657316566 0.348665088 0.526380539
1403715981784058112.000000 9.474372864 -1.706317663 -11.398777008 0.558699548 -0.522929430 0.472163320 0.437563092
1403715981984058112.000000 9.626877785 -1.624807119 -11.394371986 0.638429523 -0.468200713 0.487855256 0.367686182
1403715982234057984.000000 9.805070877 -1.463257551 -11.382300377 0.697467923 -0.387066752 0.520742118 0.304213047
1403715982634057984.000000 10.055809021 -1.106066346 -11.362350464 0.759478927 -0.248027936 0.566785216 0.201068446
1403715982784058112.000000 10.133359909 -0.942741275 -11.358653069 0.776867092 -0.188450575 0.580425262 0.155146927
1403715982984058112.000000 10.211907387 -0.705948353 -11.353347778 0.793690324 -0.106309012 0.591651976 0.093285024
1403715983184058112.000000 10.260998726 -0.455170989 -11.350950241 0.799908996 -0.026698891 0.598821044 0.029087473
1403715983584058112.000000 10.262723923 0.051716190 -11.347187042 -0.771208704 -0.142696157 -0.608865380 0.118987486
1403715983984058112.000000 10.086673737 0.445219874 -11.331186295 -0.708797634 -0.282526165 -0.590030193 0.263911575
1403715984234057984.000000 9.888041496 0.558840871 -11.318634987 -0.685229123 -0.360240966 -0.542565346 0.326052666
1403715984384058112.000000 9.754848480 0.576518536 -11.305969238 -0.663681209 -0.401482701 -0.519068837 0.359035552
1403715984534057984.000000 9.618654251 0.557775438 -11.291298866 -0.638085902 -0.446799755 -0.496966511 0.382414132
1403715984634057984.000000 9.527532578 0.527772009 -11.283579826 -0.624233782 -0.484320670 -0.474429697 0.388178021
1403715984734057984.000000 9.435467720 0.488091111 -11.277240753 -0.607281148 -0.520134985 -0.448352188 0.399561584
1403715984834057984.000000 9.343574524 0.442344218 -11.271736145 -0.586398780 -0.546971381 -0.420797050 0.424132943
1403715984934057984.000000 9.255857468 0.391357541 -11.265694618 -0.561631918 -0.571185112 -0.397055507 0.447955459
1403715985884058112.000000 8.618623734 -0.349768430 -11.246973991 -0.581764877 -0.618033826 -0.335263968 0.408878803
1403715986234057984.000000 8.425936699 -0.554180920 -11.378114700 -0.594047010 -0.583152592 -0.350789875 0.428937793
1403715986584058112.000000 8.314241409 -0.683533967 -11.546117783 -0.575908482 -0.596712351 -0.376165003 0.413235784
1403715986984058112.000000 8.214097023 -0.744993985 -11.743454933 -0.579541385 -0.606382668 -0.367608100 0.401616901
1403715987384058112.000000 8.155982971 -0.720076084 -11.899479866 -0.599689603 -0.535518825 -0.404186547 0.436148077
1403715987834057984.000000 8.179073334 -0.761339605 -12.044139862 -0.603150368 -0.560889423 -0.411498636 0.390232712
1403715988134057984.000000 8.191382408 -0.777817190 -12.122713089 -0.602799296 -0.573030829 -0.401175767 0.383831531
1403715988484058112.000000 8.192717552 -0.759644151 -12.179728508 -0.585280597 -0.560305476 -0.418584377 0.410233498
1403715988884058112.000000 8.202201843 -0.774466217 -12.220933914 -0.605477810 -0.556013823 -0.393612325 0.411478430
1403715989234057984.000000 8.258615494 -0.790639102 -12.227985382 -0.603693724 -0.564115822 -0.402004272 0.394613653
1403715989484058112.000000 8.305014610 -0.786672711 -12.228021622 -0.604023576 -0.562584341 -0.404439837 0.393805593
1403715989834057984.000000 8.370836258 -0.761363506 -12.231915474 -0.592231810 -0.557665110 -0.420880467 0.401410848
1403715990184058112.000000 8.418364525 -0.748628736 -12.263905525 -0.587028265 -0.564400911 -0.422750324 0.397657633
1403715990634057984.000000 8.424935341 -0.755501628 -12.365591049 -0.586886942 -0.573884010 -0.418658853 0.388517201
1403715991034057984.000000 8.360736847 -0.738081574 -12.483799934 -0.589127779 -0.580735862 -0.413258821 0.380646110
1403715991234057984.000000 8.325507164 -0.723076284 -12.490158081 -0.581840038 -0.578585386 -0.422010273 0.385497779
1403715991634057984.000000 8.327992439 -0.726269364 -12.496983528 -0.586159945 -0.571139514 -0.417135894 0.395238787
1403715991984058112.000000 8.327710152 -0.727543056 -12.499176979 -0.586061537 -0.570948005 -0.417262226 0.395528257
1403715992484058112.000000 8.327159882 -0.728245020 -12.498571396 -0.586377084 -0.570789278 -0.416944742 0.395624310
1403715992984058112.000000 8.327261925 -0.729104817 -12.497941017 -0.586566746 -0.570646286 -0.416749537 0.395755231
1403715993484058112.000000 8.327440262 -0.729186177 -12.497870445 -0.586670041 -0.570628703 -0.416543633 0.395844251
1403715993934057984.000000 8.327841759 -0.728380799 -12.497951508 -0.587142289 -0.570643187 -0.415892065 0.395808280
