1413394887055760384.000000 0.146332905 0.109091990 0.110333927 -0.518585861 -0.625280738 -0.365760773 0.454215705
1413394888205760512.000000 0.071598783 0.131111234 0.429109007 -0.528077722 -0.636567235 -0.368501306 0.424409002
1413394888455760384.000000 0.001804575 0.199792519 0.501133025 -0.526017070 -0.639516294 -0.367548287 0.423359394
1413394890705760512.000000 -0.375724465 0.664303064 0.655697644 -0.488429606 -0.556390762 -0.417098671 0.527157128
1413394892255760384.000000 -0.345342636 1.299568057 0.728651941 -0.455534726 -0.625019729 -0.401924312 0.490199178
1413394892505760512.000000 -0.440019161 1.359948635 0.756707430 -0.410385251 -0.658619046 -0.360127151 0.517796576
1413394895105760512.000000 -1.593723536 -0.675018191 0.593535244 -0.029233012 -0.813909411 0.006789088 0.580216289
1413394898055760384.000000 -1.835617661 -0.407856941 0.507892668 -0.031704381 -0.797047973 -0.028249243 0.602421343
1413394900855760384.000000 -1.795362949 -1.230033875 0.772696257 0.404960275 -0.689243078 0.211021557 0.562513292
1413394902755760384.000000 0.092054918 -2.368422031 0.888991058 0.658486784 -0.410185277 0.578226268 0.252581656
1413394902855760384.000000 0.165135264 -2.319585562 0.885873795 0.662195861 -0.419710934 0.574572146 0.234960079
1413394905605760512.000000 -0.099852875 -2.403925419 0.584763825 0.303218901 -0.838723063 0.189819902 0.410573244
1413394907805760512.000000 -0.332332164 -1.841902852 0.701274395 0.078637041 -0.857145548 0.103879414 0.498324007
1413394908655760384.000000 -0.502190292 -1.327427506 0.472921461 0.123698488 -0.848452449 0.062576316 0.510794938
1413394908955760384.000000 -0.700478017 -1.297624469 0.573043764 0.126846343 -0.717829645 0.093064554 0.678210616
1413394911555760384.000000 -0.417640328 -0.112307057 0.812133670 0.025859039 -0.875250220 0.003791267 0.482963920
1413394912605760512.000000 -0.379113376 0.086396575 0.660889983 -0.100858688 -0.837576568 -0.053840693 0.534223020
1413394912905760512.000000 -0.506268919 0.110193543 0.726880133 -0.170938864 -0.794713020 -0.074311666 0.577658057
1413394913305760512.000000 -0.687029839 0.154606715 0.815937877 -0.141807675 -0.794924080 -0.112712473 0.579035699
1413394915905760512.000000 -0.725243628 -1.943213105 0.631281912 0.557862222 -0.530236602 0.455144018 0.447753221
1413394917255760384.000000 0.286082983 -2.470767498 0.325210661 0.817491412 -0.186997071 0.529740453 0.126945138
1413394918455760384.000000 1.315662026 -2.715785503 0.076732889 0.830532551 -0.052113812 0.553914785 -0.026044186
1413394918655760384.000000 1.576611400 -2.683864355 0.065615177 0.827126920 -0.007931522 0.559406161 -0.053507186
1413394918955760384.000000 1.977900267 -2.688886166 0.078265175 -0.800254643 -0.093057975 -0.591269553 0.036510762
1413394919055760384.000000 2.103851318 -2.685076237 0.104598813 -0.787224650 -0.108614862 -0.604709148 0.052982662
1413394919255760384.000000 2.313997030 -2.667147160 0.204111382 -0.765284121 -0.141005486 -0.619938970 0.100664265
1413394919555760384.000000 2.500854254 -2.640952110 0.409709752 -0.737598538 -0.243973404 -0.618889630 0.115763173
1413394919655760384.000000 2.524574518 -2.626601696 0.467473626 -0.750637770 -0.270171255 -0.588393450 0.131695166
1413394919755760384.000000 2.536759138 -2.605832100 0.514436662 -0.764631569 -0.286006123 -0.554582596 0.161174566
1413394919855760384.000000 2.545724630 -2.579302073 0.551364064 -0.775897205 -0.299361557 -0.520751715 0.192831308
1413394919955760384.000000 2.557135105 -2.546955585 0.579384029 -0.776623309 -0.322172165 -0.495737284 0.217499360
1413394920155760384.000000 2.596633434 -2.464670420 0.605132163 -0.757442057 -0.385632873 -0.458479553 0.259548575
1413394920255760384.000000 2.626942873 -2.413738728 0.600427449 -0.741325557 -0.421595454 -0.444246769 0.274478734
1413394920355760384.000000 2.664121866 -2.354840755 0.588051260 -0.715920866 -0.456744164 -0.444299400 0.285377085
1413394920655760384.000000 2.776916981 -2.124875307 0.556741476 -0.638024330 -0.533432782 -0.469103575 0.297180563
1413394920755760384.000000 2.799073935 -2.032948017 0.552284598 -0.625737846 -0.546893060 -0.472913325 0.292768031
1413394921455760384.000000 2.706164837 -1.219119906 0.361207217 -0.709301770 -0.438533902 -0.392041236 0.388436466
1413394921555760384.000000 2.714593887 -1.093922615 0.299905121 -0.716979682 -0.436086565 -0.389988184 0.379048795
1413394921655760384.000000 2.744675636 -0.968574882 0.240550190 -0.702714264 -0.452103734 -0.422145993 0.351550370
1413394922955760384.000000 2.972259521 0.313766599 0.314972669 -0.578794122 -0.607187092 -0.367813855 0.401290685
1413394923055760384.000000 2.971339226 0.409947604 0.363743454 -0.582068801 -0.610206842 -0.363149345 0.396189451
1413394923155760384.000000 2.971269369 0.513310850 0.402198642 -0.580922127 -0.611897469 -0.366627336 0.392039955
1413394923655760384.000000 2.910597086 1.112822771 0.592131734 -0.547165394 -0.637491286 -0.360180736 0.405567050
1413394923755760384.000000 2.883219481 1.248748660 0.620625556 -0.519691050 -0.652911007 -0.361534715 0.415837824
1413394924055760384.000000 2.763236046 1.661896825 0.641489685 -0.440384328 -0.693213284 -0.338481218 0.459290206
1413394924455760384.000000 2.528426409 2.171810389 0.632924199 -0.360702395 -0.735166430 -0.233085915 0.524495065
1413394924655760384.000000 2.412091255 2.418930292 0.643932700 -0.298226804 -0.760675430 -0.204673588 0.539019763
1413394924755760384.000000 2.354609966 2.539046764 0.653770447 -0.260884583 -0.772418320 -0.195030674 0.545226932
1413394925205760512.000000 2.092546463 2.952622652 0.730966628 -0.122917816 -0.795587122 -0.196581095 0.559721589
1413394925605760512.000000 1.803519964 3.015555143 0.761481702 -0.101713136 -0.810912609 -0.160359725 0.553498030
1413394926005760512.000000 1.441887021 2.880186081 0.705841064 -0.137743041 -0.808665812 -0.093515858 0.564217329
1413394926155760384.000000 1.299711943 2.817947388 0.691638112 -0.118726574 -0.814285636 -0.101803362 0.558998108
1413394926705760512.000000 0.707724869 2.528708458 0.657221973 -0.094449736 -0.823043466 -0.029289620 0.559303820
1413394927005760512.000000 0.347299874 2.404924393 0.647502065 -0.048140265 -0.816795468 0.089796282 0.567859411
1413394927305760512.000000 -0.012488738 2.415782213 0.601053715 0.046740025 -0.813238740 0.044176389 0.578365386
1413394929505760512.000000 -1.947130680 2.083760262 0.727743149 0.036332417 -0.791877091 0.065774173 0.606039941
1413394930905760512.000000 -2.035353184 1.910633802 0.415250897 0.041761603 -0.838762701 0.033973660 0.541829288
1413394931155760384.000000 -2.124584198 1.905991793 0.369450927 0.044126019 -0.779313862 0.026252916 0.624526799
1413394931605760512.000000 -2.103396893 1.854881406 0.462484956 0.036202032 -0.798741162 0.022177078 0.600175083
1413394933655760384.000000 -1.093028784 1.311734200 0.643309236 0.515606046 -0.622277379 0.386119843 0.444783986
1413394934055760384.000000 -0.863202274 1.307689548 0.495789528 0.568328023 -0.578348815 0.417762458 0.409866542
1413394934255760384.000000 -0.746012568 1.321143627 0.443744779 0.591258407 -0.538359046 0.452032834 0.395283878
1413394934405760512.000000 -0.657523930 1.339099765 0.380697310 0.618770897 -0.513052881 0.469240218 0.365667731
1413394935005760512.000000 -0.373332649 1.441280365 0.129771560 0.659910023 -0.465522289 0.493203759 0.323354006
1413394935255760384.000000 -0.290707171 1.487434268 0.139524654 0.638476968 -0.474863648 0.503496289 0.336665004
1413394935705760512.000000 -0.200806335 1.635050774 0.044419691 0.631518364 -0.495264143 0.476051420 0.359545648
1413394936005760512.000000 -0.151624277 1.773207784 0.030128278 0.631484985 -0.503844738 0.465799302 0.361106813
1413394936205760512.000000 -0.110243663 1.873599052 -0.012701375 0.665166318 -0.498648643 0.449695915 0.326614410
1413394936405760512.000000 -0.051397171 1.960694671 -0.066808879 0.694433630 -0.429471165 0.491722494 0.302531779
1413394936505760512.000000 -0.016627349 2.002880573 -0.088701725 0.714485288 -0.381017148 0.512428761 0.285925627
1413394936705760512.000000 0.059836242 2.096893549 -0.121069118 0.756207228 -0.297667861 0.533232093 0.234963804
1413394936805760512.000000 0.101438962 2.148365021 -0.131674320 0.770503402 -0.266966164 0.539795876 0.208983555
1413394936905760512.000000 0.145946532 2.202345371 -0.139550179 0.783316314 -0.238040060 0.542801082 0.187402129
1413394937005760512.000000 0.194816589 2.258851290 -0.147076011 0.796582580 -0.208694279 0.542621732 0.165724859
1413394937105760512.000000 0.249572873 2.317420483 -0.153171644 0.809376657 -0.177239329 0.541333258 0.143017694
1413394937305760512.000000 0.378095269 2.437518597 -0.164326027 0.825133801 -0.129888922 0.541628063 0.094457619
1413394937455760384.000000 0.491594166 2.522658825 -0.170266271 0.827099264 -0.115552343 0.545833349 0.067973293
1413394937555760384.000000 0.575104833 2.573593616 -0.173511595 0.825641572 -0.109614134 0.550045788 0.061241444
1413394937655760384.000000 0.664119065 2.620220184 -0.176821247 0.822670519 -0.107573666 0.555135608 0.058869325
1413394937855760384.000000 0.852462947 2.701050758 -0.179013819 0.815518200 -0.118946902 0.563537717 0.056630302
1413394938055760384.000000 1.046524882 2.757725954 -0.171827748 0.812759519 -0.159953699 0.557610631 0.053919174
1413394938255760384.000000 1.249549270 2.772352934 -0.121124521 0.810462952 -0.198493823 0.548257172 0.056251127
1413394938455760384.000000 1.458730459 2.728244305 -0.001545742 0.796286225 -0.215594113 0.556120038 0.100886211
1413394938555760384.000000 1.563539624 2.692097664 0.064171150 0.790305197 -0.224759236 0.555715322 0.126813278
1413394938755760384.000000 1.772848487 2.610183954 0.158091709 0.784601629 -0.267568439 0.532991767 0.169491529
1413394938955760384.000000 1.985243797 2.520307302 0.206889659 0.755318940 -0.348658562 0.523677468 0.183555365
1413394939355760384.000000 2.332552433 2.258874893 0.196607187 0.664173245 -0.483169883 0.509934366 0.255710155
1413394939555760384.000000 2.449142218 2.091265917 0.194678321 0.664923668 -0.479423285 0.475648761 0.319042385
1413394940155760384.000000 2.676632404 1.548646927 0.334909558 0.622465670 -0.560274124 0.426405847 0.341771096
1413394940255760384.000000 2.695369482 1.445139170 0.330514371 0.602596521 -0.576169550 0.422140539 0.355954230
1413394940355760384.000000 2.710654736 1.335683227 0.315428436 0.576839745 -0.592663825 0.418585002 0.375222892
1413394940555760384.000000 2.727885246 1.115179062 0.268699080 0.527596951 -0.626370132 0.394302219 0.416926414
1413394941005760512.000000 2.778795004 0.611381829 0.265236914 0.471052021 -0.673991680 0.341944516 0.454883844
1413394941105760512.000000 2.797156096 0.496813983 0.286806434 0.452619433 -0.696104407 0.349252939 0.434277326
1413394941405760512.000000 2.782152891 0.146062002 0.372214466 0.431174457 -0.730037928 0.335825235 0.410310328
1413394941855760384.000000 2.598706961 -0.472147435 0.546325982 0.437434733 -0.701625705 0.293976426 0.479531199
1413394942205760512.000000 2.420564890 -0.980994284 0.679031610 0.331716150 -0.753203928 0.382692546 0.419755608
1413394942655760384.000000 1.746080875 -1.397770762 0.880472600 0.232200220 -0.790610015 0.317921817 0.468982548
1413394942805760512.000000 1.432743073 -1.468038917 0.892253160 0.207887262 -0.782175660 0.254157692 0.529516816
1413394943105760512.000000 0.832738638 -1.545550466 0.797956765 0.167961299 -0.730003953 0.101291746 0.654693246
1413394945155760384.000000 0.443413943 -2.404492378 0.153456748 -0.296358317 -0.805823743 -0.169323966 0.483889848
1413394946155760384.000000 -0.098153569 -2.165833950 -0.058656827 -0.631665051 -0.510004938 -0.396674186 0.428420275
1413394946355760384.000000 -0.059383173 -2.145644665 -0.073068544 -0.684764147 -0.435646683 -0.446569264 0.376677603
1413394946555760384.000000 0.014384363 -2.147700548 -0.085700184 -0.737036943 -0.349306613 -0.476326168 0.328443170
1413394946655760384.000000 0.064834736 -2.161371946 -0.088650353 -0.750475049 -0.312191606 -0.503460050 0.293004215
1413394946755760384.000000 0.122050956 -2.181519508 -0.090014167 -0.757082939 -0.277348846 -0.536043465 0.250120759
1413394946855760384.000000 0.179475456 -2.208237648 -0.091649182 -0.766008914 -0.238418400 -0.559325039 0.208668575
1413394946955760384.000000 0.234358683 -2.239645720 -0.091825247 -0.774199665 -0.195696205 -0.577605486 0.169380218
1413394947055760384.000000 0.284098804 -2.274486065 -0.088125870 -0.780463576 -0.152521610 -0.592404187 0.129116878
1413394947355760384.000000 0.390356451 -2.380763769 -0.004535822 -0.798984230 -0.030284068 -0.600297272 0.018713577
1413394947655760384.000000 0.443158925 -2.449571133 0.177221641 0.816508830 -0.026436234 0.576239645 0.023711979
1413394947855760384.000000 0.475481242 -2.473607063 0.254316270 0.851351678 -0.015710216 0.524107814 0.016265338
1413394948955760384.000000 1.127174258 -2.391186237 0.677090049 -0.766902387 -0.096944973 -0.632124066 0.053681169
1413394949155760384.000000 1.076247096 -2.359710217 0.711021423 -0.844447076 -0.097924583 -0.525578737 0.032968022
1413394949355760384.000000 1.054791451 -2.301743507 0.706598997 -0.877388418 -0.094699442 -0.469796479 0.022647636
1413394949455760384.000000 1.077497602 -2.257925272 0.696565509 -0.877545178 -0.091939054 -0.470102429 0.021575421
1413394949855760384.000000 1.299615264 -1.998519540 0.721040726 -0.756153226 -0.074772090 -0.648187816 0.049939841
1413394949955760384.000000 1.328667164 -1.927036643 0.725175619 -0.757251382 -0.069580436 -0.645556808 0.070607685
1413394950055760384.000000 1.340180635 -1.859106541 0.730809331 -0.758174777 -0.070561148 -0.641054869 0.096129417
1413394950155760384.000000 1.335850358 -1.798926353 0.736002028 -0.766192853 -0.074875347 -0.625484109 0.126932815
1413394950255760384.000000 1.320444465 -1.751532793 0.737498581 -0.793274343 -0.085024923 -0.584567845 0.147536680
1413394950355760384.000000 1.304281712 -1.719806194 0.740840435 -0.822832286 -0.111661635 -0.541436970 0.131623194
1413394950455760384.000000 1.296843171 -1.696854472 0.748679399 -0.842383146 -0.139329121 -0.510077953 0.103916168
1413394950555760384.000000 1.304547906 -1.672195792 0.760644853 -0.852878094 -0.155668020 -0.491034985 0.085154094
1413394951055760384.000000 1.493890285 -1.415287018 0.902088821 -0.697485924 -0.190978914 -0.676313400 0.140145496
1413394951555760384.000000 1.251744151 -1.262183666 1.035950422 -0.823166132 -0.277281404 -0.459045768 0.186520085
1413394951655760384.000000 1.203714967 -1.241304398 1.071346760 -0.846105278 -0.281418741 -0.417053849 0.175998271
1413394951755760384.000000 1.186386585 -1.204671741 1.113511086 -0.857496500 -0.281897038 -0.396976143 0.166264400
1413394951855760384.000000 1.208534956 -1.146017075 1.170979738 -0.838644445 -0.282188356 -0.435962349 0.164262027
1413394952855760384.000000 1.605358958 -0.460868746 1.487638712 -0.738606751 -0.310906529 -0.554422796 0.224527523
1413394953055760384.000000 1.674941659 -0.350033730 1.529291391 -0.680041432 -0.298706144 -0.619553208 0.253913552
1413394953155760384.000000 1.687428594 -0.311708033 1.536617875 -0.665451467 -0.293366253 -0.634586930 0.261553288
1413394953355760384.000000 1.638964176 -0.295863986 1.593239307 -0.643513978 -0.282703698 -0.658030033 0.270120323
1413394953455760384.000000 1.574138761 -0.322193384 1.638504624 -0.655944049 -0.283728540 -0.647116899 0.265471756
1413394953555760384.000000 1.491398811 -0.363646686 1.658684492 -0.706683755 -0.301288426 -0.593800485 0.239216298
1413394953955760384.000000 1.144906402 -0.511724472 1.411619902 -0.806776524 -0.334016681 -0.456761777 0.170039043
1413394954055760384.000000 1.084326029 -0.512595832 1.319678068 -0.781963587 -0.328206927 -0.496299058 0.185743034
1413394954155760384.000000 1.030454516 -0.501514018 1.231541634 -0.748854220 -0.321427763 -0.542521000 0.203893468
1413394954255760384.000000 0.973931551 -0.486969709 1.146361470 -0.713535964 -0.312270105 -0.586076558 0.223311976
1413394954355760384.000000 0.906622767 -0.476738513 1.065327048 -0.688103795 -0.305135697 -0.614297211 0.236736968
1413394954455760384.000000 0.822796464 -0.475534528 0.996645033 -0.685760200 -0.300373554 -0.616332352 0.244219527
1413394954555760384.000000 0.722571850 -0.484797388 0.940046072 -0.715796053 -0.303274959 -0.581596076 0.239596292
1413394954655760384.000000 0.612254441 -0.502703249 0.886795163 -0.764508069 -0.308156461 -0.519674420 0.224734321
1413394954755760384.000000 0.505518615 -0.520773530 0.833648324 -0.806411803 -0.306592375 -0.459904879 0.210211173
1413394954855760384.000000 0.415606618 -0.530872107 0.779036641 -0.826480210 -0.303506643 -0.431603938 0.196295977
1413394954955760384.000000 0.349855274 -0.527751803 0.725920498 -0.812636137 -0.304384232 -0.459776014 0.188623130
1413394955055760384.000000 0.298987687 -0.512324929 0.669353664 -0.780146480 -0.306333959 -0.508829236 0.196529150
1413394955155760384.000000 0.251793712 -0.489175081 0.612570524 -0.743443489 -0.312697619 -0.551233530 0.213667333
1413394955255760384.000000 0.198497802 -0.465141356 0.558609188 -0.708589911 -0.324301302 -0.580589652 0.235891491
1413394955355760384.000000 0.133442223 -0.445178002 0.510710239 -0.699612200 -0.337385237 -0.570909917 0.266037494
1413394955455760384.000000 0.060013168 -0.433159143 0.471122622 -0.725971639 -0.348225474 -0.511087954 0.300821245
1413394955655760384.000000 -0.042100683 -0.420498610 0.451498806 -0.777994752 -0.385723203 -0.397436470 0.296624184
1413394955755760384.000000 -0.057946440 -0.410181850 0.457215250 -0.773856521 -0.413935870 -0.398125470 0.267019123
1413394956205760512.000000 0.023549050 -0.158255279 0.561457515 -0.666369438 -0.397696823 -0.550633729 0.307557315
1413394956305760512.000000 0.023679618 -0.111003160 0.584063709 -0.648759127 -0.396411419 -0.557028055 0.334199756
1413394956805760512.000000 -0.048140787 -0.015898844 0.584592164 -0.679935753 -0.539430380 -0.388511837 0.309452593
1413394959705760512.000000 0.069682844 0.343436778 0.949063599 -0.362371743 -0.799628615 -0.198107660 0.435929239
1413394959855760384.000000 0.035726294 0.375039339 0.976133943 -0.315856129 -0.815720797 -0.204349786 0.439403743
1413394962155760384.000000 -1.210618258 0.251719236 0.804592729 -0.034976076 -0.803826034 -0.011622855 0.593721569
1413394965105760512.000000 -0.322751194 -1.458902001 0.468415856 -0.052554309 -0.845943093 0.024598120 0.530106962
1413394968005760512.000000 0.510919034 -1.731879711 0.755098820 0.561563134 -0.562791407 0.433520913 0.424231619
1413394968655760384.000000 0.760028243 -1.708588958 0.771666408 0.664489567 -0.511658251 0.438437790 0.323159158
1413394969055760384.000000 0.941966176 -1.805078864 0.768588305 0.662541151 -0.475858778 0.472427130 0.333781779
1413394969255760384.000000 1.047882199 -1.863253832 0.746715248 0.660302877 -0.455227822 0.501363575 0.324657291
1413394969655760384.000000 1.210201502 -1.916947842 0.585681617 0.683768094 -0.426532209 0.480800927 0.345488131
1413394970055760384.000000 1.440752745 -1.870725870 0.480169207 0.701499343 -0.454055518 0.445929378 0.320748091
1413394970455760384.000000 1.787384629 -1.871873736 0.521709383 0.640236437 -0.458925694 0.529188037 0.315348387
1413394970755760384.000000 1.964432359 -1.854692817 0.480240643 0.611335337 -0.472160041 0.564327955 0.291321099
1413394971155760384.000000 2.000479221 -1.774576068 0.472723365 0.688050210 -0.462680757 0.452834517 0.327802300
1413394971355760384.000000 2.032932758 -1.743920445 0.499517620 0.707967460 -0.488126546 0.415336818 0.296664774
1413394971655760384.000000 2.142861605 -1.819594383 0.517916977 0.692953467 -0.512373328 0.429567039 0.269742846
1413394971855760384.000000 2.221496344 -1.961938500 0.552574873 0.639806569 -0.509158492 0.490247101 0.301766664
1413394971955760384.000000 2.245739937 -2.043162346 0.569789946 0.610393703 -0.511346579 0.511601448 0.322812796
1413394972155760384.000000 2.252032995 -2.189893961 0.580294669 0.559943914 -0.532624185 0.513243198 0.373303801
1413394972255760384.000000 2.233684778 -2.247244596 0.570300937 0.533098698 -0.554635882 0.500644565 0.396912992
1413394972455760384.000000 2.157524347 -2.318748474 0.529335618 0.473353624 -0.613013506 0.456673712 0.437721431
1413394972555760384.000000 2.101976633 -2.332384109 0.498953700 0.449602216 -0.652315617 0.416537404 0.445913404
1413394972655760384.000000 2.036393881 -2.332787275 0.471870899 0.426959634 -0.687286973 0.368765175 0.457552642
1413394972755760384.000000 1.961783409 -2.329517126 0.451922476 0.404297113 -0.709356010 0.317271143 0.482386649
1413394972855760384.000000 1.884023070 -2.324477434 0.439437926 0.378306627 -0.723744571 0.268580496 0.510825336
1413394973005760512.000000 1.773101568 -2.319195986 0.425742567 0.324800342 -0.745158970 0.213833839 0.541773081
1413394973155760384.000000 1.674130321 -2.320065260 0.411024749 0.259463966 -0.771293998 0.175231427 0.554146230
1413394973355760384.000000 1.554142714 -2.329110622 0.389535815 0.166336000 -0.802713513 0.132044896 0.557268023
1413394973705760512.000000 1.336277366 -2.336535215 0.370957494 0.012655426 -0.820957422 0.031748433 0.569965720
1413394973855760384.000000 1.240300655 -2.334592342 0.371327817 -0.051160134 -0.815319180 -0.016607944 0.576507926
1413394974105760512.000000 1.090495586 -2.320944071 0.379888415 -0.160974890 -0.799692929 -0.082734346 0.572480023
1413394974555760384.000000 0.881048501 -2.250648975 0.421988398 -0.351504982 -0.741627395 -0.178421497 0.542769611
1413394974755760384.000000 0.827467322 -2.185369730 0.450343400 -0.404623181 -0.704101443 -0.240023091 0.531892955
1413394975605760512.000000 0.740294099 -1.945976496 0.270071924 -0.524882138 -0.620445490 -0.384764880 0.437609702
1413394976055760384.000000 0.644357085 -1.895525813 0.195987970 -0.525191307 -0.608919978 -0.399277240 0.440418333
1413394976255760384.000000 0.580896795 -1.882046223 0.183977932 -0.519126236 -0.609448016 -0.402942508 0.443529457
1413394976905760512.000000 0.331350148 -2.078161478 0.162197918 -0.550101042 -0.598325670 -0.353276551 0.463239521
1413394977105760512.000000 0.290955544 -2.188433647 0.166385338 -0.606191099 -0.621037483 -0.284794897 0.407107741
1413394977305760512.000000 0.296346754 -2.208974123 0.200897232 -0.629611731 -0.634439170 -0.265363455 0.361467004
1413394977505760512.000000 0.331884474 -2.103064537 0.277838051 -0.601467073 -0.657009840 -0.311984450 0.330516696
1413394977905760512.000000 0.333731622 -1.547825813 0.492877454 -0.573235929 -0.641065240 -0.361780703 0.359931648
1413394979755760384.000000 -0.580815971 1.164654970 0.761528611 -0.492558241 -0.508349955 -0.445390016 0.548264861
1413394981105760512.000000 -0.713728905 0.007209707 0.930255771 -0.574625671 -0.580624223 -0.380102843 0.433823496
1413394981405760512.000000 -0.746795774 -0.262739718 0.867838979 -0.578459322 -0.581825912 -0.378766447 0.428251505
1413394981855760384.000000 -0.740826607 -0.588274300 0.782987654 -0.602471948 -0.576376975 -0.383087039 0.397569418
1413394982055760384.000000 -0.723064065 -0.691043735 0.753963947 -0.631766498 -0.544964790 -0.384938121 0.394597530
1413394982505760512.000000 -0.542408168 -0.837569237 0.740624368 -0.704151928 -0.427430272 -0.422424793 0.378194064
1413394982805760512.000000 -0.258204877 -0.939724743 0.782908916 -0.741889775 -0.354474247 -0.463147312 0.330820411
1413394983005760512.000000 -0.006076034 -1.024166822 0.823081434 -0.756988347 -0.318225771 -0.492838919 0.287768722
1413394983105760512.000000 0.131247997 -1.069997668 0.844881475 -0.759361446 -0.309636921 -0.505634785 0.268008828
1413394983305760512.000000 0.415482104 -1.161917329 0.891520321 -0.757399321 -0.303535610 -0.522616804 0.247151852
1413394984205760512.000000 1.494263053 -1.420044184 0.848131418 -0.726509869 -0.364398211 -0.541685462 0.214416176
1413394984605760512.000000 1.756331325 -1.366940022 0.741923451 -0.725322485 -0.400098264 -0.512432396 0.226366624
1413394985005760512.000000 1.907268882 -1.175224185 0.688025355 -0.688570082 -0.461427867 -0.484275311 0.280059099
1413394986805760512.000000 2.133777380 0.701557815 1.154406905 -0.655960143 -0.501094460 -0.472176284 0.309305996
1413394986905760512.000000 2.133096218 0.836488605 1.189316392 -0.655616164 -0.496014297 -0.474137634 0.315168023
1413394987305760512.000000 2.102795124 1.363725662 1.236726880 -0.664545834 -0.463367075 -0.467535526 0.353666961
1413394987405760512.000000 2.097634315 1.487087727 1.232596040 -0.650307000 -0.473296285 -0.488213927 0.338730931
1413394987605760512.000000 2.068580389 1.721558809 1.231939554 -0.629976571 -0.482554346 -0.515231311 0.323739946
1413394987705760512.000000 2.036951303 1.832244515 1.237884402 -0.622555077 -0.480106682 -0.524602473 0.326672703
1413394987905760512.000000 1.932264209 2.030158281 1.262227416 -0.613348722 -0.472967595 -0.537223399 0.333910406
1413394988005760512.000000 1.858250856 2.113820076 1.282380581 -0.610091925 -0.468236983 -0.542147398 0.338553101
1413394989105760512.000000 0.868976474 2.124904156 1.335172892 -0.731982470 -0.304905176 -0.557981730 0.244726166
1413394989405760512.000000 0.609498203 1.948812604 1.301697254 -0.744353473 -0.305443853 -0.543547750 0.239161015
1413394989505760512.000000 0.518828034 1.888059139 1.292282820 -0.746776462 -0.304387510 -0.537925005 0.245580852
1413394989605760512.000000 0.428453982 1.825323939 1.275888205 -0.749420285 -0.303913534 -0.531463981 0.252094895
1413394990905760512.000000 -0.412355542 1.193350554 0.620606303 -0.587235212 -0.593252122 -0.386598676 0.392107457
1413394991355760384.000000 -0.663175464 1.241952419 0.473971188 -0.612219989 -0.561671495 -0.394731194 0.392299801
1413394991705760512.000000 -0.812471867 1.361602783 0.404176772 -0.656569421 -0.497153729 -0.439635068 0.358435303
1413394991905760512.000000 -0.878938794 1.446900129 0.379576236 -0.661192477 -0.457429975 -0.475027144 0.357675284
1413394992355760384.000000 -0.982727945 1.577011347 0.335358530 -0.711005330 -0.395440638 -0.475554556 0.334583521
1413394992505760512.000000 -0.984720170 1.598329782 0.335901082 -0.717262805 -0.387124211 -0.497205585 0.297414988
1413394992855760384.000000 -0.986233115 1.647850275 0.353041887 -0.726460695 -0.353675127 -0.518134236 0.280545294
1413394993355760384.000000 -0.975952566 1.685296893 0.275721699 -0.734417915 -0.349465013 -0.525000811 0.250756502
1413394993705760512.000000 -0.980772257 1.719729543 0.168445557 -0.731533468 -0.354686081 -0.528862536 0.243641227
1413394994105760512.000000 -1.002452493 1.766178370 -0.002604321 -0.772487223 -0.257474989 -0.533148706 0.229614064
1413394994405760512.000000 -0.990678310 1.751798391 -0.066096507 -0.791175365 -0.188925207 -0.561192691 0.153008655
1413394994705760512.000000 -0.982587278 1.736010075 -0.052182220 -0.793660462 -0.162568420 -0.578797340 0.093103983
1413394995105760512.000000 -1.022496939 1.792558193 -0.009636547 -0.789014816 -0.139833510 -0.587113500 0.114891738
1413394995305760512.000000 -1.062256217 1.827431202 -0.080616631 -0.806417465 -0.133809209 -0.560549557 0.132552132
1413394995705760512.000000 -1.082200289 1.872899055 -0.238774508 -0.811551809 -0.145464793 -0.553071022 0.119733714
1413394995805760512.000000 -1.072287083 1.885911703 -0.266336769 -0.802730739 -0.142547309 -0.565698385 0.123649105
1413394996205760512.000000 -1.061692476 1.906869173 -0.319249064 -0.799377680 -0.135923654 -0.570266128 0.131592572
1413394996605760512.000000 -1.058383822 1.914925933 -0.313528150 -0.786707759 -0.148904383 -0.587263942 0.118488677
1413394996905760512.000000 -1.054416656 1.918974280 -0.311295927 -0.787557244 -0.148664594 -0.586153686 0.118644148
1413394997205760512.000000 -1.051043510 1.922484517 -0.309996277 -0.787656605 -0.148392394 -0.586020410 0.118983172
1413394997705760512.000000 -1.047833920 1.926597953 -0.310579032 -0.787463486 -0.148222089 -0.586287618 0.119157180
1413394998205760512.000000 -1.049204469 1.929194808 -0.313742191 -0.787165880 -0.147849455 -0.586726665 0.119425066
