#Stereo rect[ms], MP culling[ms], MP creation[ms], LBA[ms], KF culling[ms], Total[ms]
7.036974,0.105841,0.855250,0.008613,0.008613,8.013885
7.767337,0.265650,2.368951,0.002840,0.002840,10.407384
4.870482,0.123167,1.481887,0.243901,0.243901,14.810795
7.006411,0.133217,4.695934,0.699377,0.699377,36.090649
5.757079,0.133765,5.385852,0.917949,0.917949,39.908736
10.120129,0.345184,14.814470,1.008648,1.008648,60.629141
10.039135,0.312238,20.521661,1.053435,1.053435,72.368698
9.914918,0.362264,21.643985,1.317598,1.317598,67.670338
9.963676,0.324832,25.615806,1.188196,1.188196,73.701465
4.721811,0.322637,21.290686,82.465591,82.465591,150.592774
4.480046,0.114444,10.365804,1.097607,1.097607,65.226845
5.656983,0.134376,11.081371,1.332513,1.332513,58.093788
5.742650,0.133918,13.346971,1.387950,1.387950,58.699275
6.368545,0.139989,15.362734,1.746734,1.746734,69.680276
9.016474,0.150352,22.751862,1.702719,1.702719,73.965457
7.712358,0.167276,15.958592,2.557406,2.557406,72.087283
7.702092,0.183670,15.172772,3.230494,3.230494,71.928571
6.375843,0.127232,16.419173,2.266392,2.266392,73.491841
6.370117,0.129558,18.279849,2.616349,2.616349,81.145157
6.187259,0.168989,16.747974,2.757688,2.757688,80.050410
6.121992,0.206068,20.424527,4.158299,4.158299,89.972697
5.318516,0.134340,16.551265,4.318755,4.318755,93.861359
5.998441,0.131319,20.073502,3.924596,3.924596,98.184179
6.007579,0.156483,18.135738,3.839620,3.839620,88.982870
7.730674,0.154161,23.464185,3.569127,3.569127,104.090053
7.593979,0.121457,22.389533,4.271569,4.271569,96.890064
7.900720,0.118169,20.425189,4.107453,4.107453,94.425974
7.469688,0.141071,23.483891,4.125239,4.125239,101.911492
6.780442,0.148342,20.744501,4.713403,4.713403,95.972146
6.550790,0.186097,22.879423,4.955375,4.955375,93.741839
6.594368,0.133415,22.865351,5.638233,5.638233,99.307021
6.000871,0.162014,19.550407,3.938032,3.938032,92.756128
6.233042,0.153269,18.089706,3.901770,3.901770,86.504319
4.784267,0.159752,15.530714,3.472937,3.472937,80.087401
4.424742,0.144004,14.012680,3.454891,3.454891,83.544123
4.272687,0.149987,11.977995,3.201319,3.201319,163.761720
3.877826,0.140500,14.533190,2.745888,2.745888,78.384982
5.101607,0.119093,12.707199,3.459130,3.459130,73.026578
5.538710,0.176405,18.932744,4.949116,4.949116,85.178777
9.220369,0.322989,23.170132,3.093298,3.093298,102.797672
6.248902,0.234688,17.376488,3.735398,3.735398,97.991301
5.667641,0.284963,14.693990,4.278374,4.278374,91.264682
9.451899,0.338806,25.362944,4.340586,4.340586,121.056526
6.261363,0.250853,14.358822,3.684057,3.684057,96.460112
5.965758,0.276080,24.403421,3.642392,3.642392,108.706720
6.029776,0.278723,19.365597,3.428461,3.428461,108.316900
5.552466,0.289023,15.445284,2.850464,2.850464,92.098937
7.254339,0.233608,12.421716,4.756300,4.756300,93.545884
5.194707,0.180062,11.458590,4.427551,4.427551,84.538785
4.604325,0.174728,10.595202,3.213838,3.213838,82.152353
5.659321,0.270516,12.859967,5.388353,5.388353,91.967716
4.737073,0.174524,11.762164,3.322601,3.322601,87.186746
4.664018,0.173822,9.845938,2.750286,2.750286,81.436297
4.200714,0.212518,8.940689,1.191195,1.191195,74.956058
3.896742,0.211389,9.715105,2.189126,2.189126,80.522398
4.184851,0.205752,9.431090,2.567432,2.567432,88.871611
7.696458,0.447858,18.821667,1.233866,1.233866,101.962469
8.390355,0.467873,21.271779,1.727547,1.727547,121.748646
6.583525,0.317021,13.373400,1.436805,1.436805,96.103984
5.690684,0.243567,11.112856,2.302965,2.302965,98.808509
6.099186,0.289026,13.240137,3.422929,3.422929,105.893210
7.073727,0.225053,16.953534,2.216147,2.216147,106.509391
8.770637,0.328383,18.691604,1.983780,1.983780,113.884675
6.236448,0.247472,12.104037,1.474526,1.474526,101.726800
5.713558,0.220678,13.481850,2.063903,2.063903,104.572233
11.066656,0.467451,27.588345,2.022077,2.022077,126.543819
7.001449,0.260332,13.802532,1.955098,1.955098,102.836151
8.205134,0.473594,27.441486,2.448611,2.448611,128.424908
5.565819,0.204384,12.192439,1.414805,1.414805,99.371820
10.917419,0.528147,31.204652,2.249728,2.249728,127.656613
6.584685,0.377971,16.657302,1.810541,1.810541,110.957604
8.121055,0.266943,22.806021,3.759611,3.759611,119.195914
7.140481,0.247094,17.728463,2.107125,2.107125,110.718255
6.152580,0.206382,17.212922,4.917579,4.917579,114.990137
7.890188,0.316323,20.323149,3.520575,3.520575,126.251483
6.547726,0.280851,16.966264,4.215674,4.215674,120.447910
4.413818,0.313470,13.824882,4.330316,4.330316,119.772555
4.837518,0.246154,17.195842,3.724423,3.724423,120.044440
3.997807,0.223051,12.895246,2.980357,2.980357,106.327634
4.712635,0.215053,14.529893,3.707959,3.707959,120.551790
5.396771,0.165151,15.376255,4.407754,4.407754,110.393259
4.541299,0.164854,16.437729,3.228573,3.228573,129.030573
5.656594,0.240599,20.197161,4.121036,4.121036,126.449620
4.684069,0.193850,16.240697,3.752077,3.752077,157.220072
4.491346,0.156936,19.399424,4.825366,4.825366,113.377128
6.670794,0.188934,20.298042,4.092075,4.092075,152.862233
6.326156,0.174373,19.853462,3.862487,3.862487,120.618119
8.172360,0.180708,19.047421,2.810394,2.810394,126.961131
13.738409,0.649369,35.166581,4.309887,4.309887,156.830105
12.935714,0.455708,38.686250,3.069841,3.069841,155.472124
6.166787,0.234790,16.921996,3.611699,3.611699,126.396479
12.285051,0.521186,34.490735,3.424457,3.424457,151.178311
6.139102,0.358690,15.788733,3.362027,3.362027,120.160457
5.994505,0.373415,13.734511,3.520386,3.520386,123.756056
8.236287,0.751977,18.787039,1.834915,1.834915,137.136182
4.071939,0.376175,9.404141,3.548677,3.548677,121.596106
4.799025,0.319022,9.120431,1.992144,1.992144,124.575217
5.878264,0.322616,10.992972,1.812467,1.812467,130.760082
6.015073,0.257098,9.648001,1.407836,1.407836,124.540701
5.821755,0.304418,11.404964,2.948515,2.948515,127.700440
5.691994,0.279840,9.056893,1.368098,1.368098,516.924185
5.134646,0.441644,10.094156,1.026137,1.026137,71.588705
4.698992,0.203593,13.637823,1.118788,1.118788,127.157865
4.675897,0.259843,16.421404,1.790499,1.790499,125.294647
8.044835,0.533783,21.765455,1.299252,1.299252,138.960532
4.871215,0.231155,12.542590,2.908827,2.908827,140.258054
5.327874,0.212640,13.030647,1.674599,1.674599,130.367248
5.860937,0.336151,13.156277,2.996352,2.996352,124.316562
6.691678,0.220451,13.359101,3.485272,3.485272,134.069401
5.310414,0.242209,17.063840,3.211732,3.211732,130.379141
11.474885,0.600208,31.159735,3.551794,3.551794,177.394462
10.850779,0.590718,25.617682,6.918975,6.918975,146.059417
9.114580,0.428283,23.601615,4.625166,4.625166,141.347082
5.238906,0.299741,13.975456,8.717784,8.717784,136.063016
5.175357,0.264682,13.727657,3.106884,3.106884,124.970675
7.149103,0.287956,15.734880,5.817300,5.817300,146.091556
7.247235,0.308511,19.377095,3.369122,3.369122,145.728408
6.101433,0.385691,16.731352,4.666773,4.666773,133.565007
4.865326,0.306378,15.982175,4.141490,4.141490,129.122839
5.342244,0.356357,14.406913,6.102329,6.102329,127.236549
5.414862,0.293329,14.660941,5.070769,5.070769,128.631733
6.962788,0.186702,18.308346,9.497796,9.497796,147.193942
6.467648,0.185981,16.346647,7.293912,7.293912,130.254765
5.747765,0.269506,17.822551,3.609273,3.609273,140.200272
5.923237,0.481341,15.782501,5.150912,5.150912,128.100801
10.193960,0.543972,31.197942,6.742295,6.742295,142.231772
5.890310,0.299025,17.585920,5.638209,5.638209,126.698309
6.398637,0.310683,14.722840,5.183385,5.183385,134.250167
6.424348,0.337964,15.746319,7.106638,7.106638,132.173372
6.027766,0.421793,18.493067,5.407870,5.407870,127.491048
7.652667,0.308321,17.899010,6.963258,6.963258,132.971997
6.905398,0.527197,15.246135,6.242983,6.242983,128.628769
6.168813,0.381228,15.017791,4.273298,4.273298,124.298939
11.721506,0.646733,23.056124,5.494731,5.494731,136.122845
7.718091,0.320093,22.530707,6.608348,6.608348,142.534513
7.095722,0.403979,17.627083,7.691201,7.691201,134.376377
7.123337,0.615808,28.331015,6.022868,6.022868,138.120304
6.180169,0.221739,17.963961,3.531885,3.531885,133.383439
7.782343,0.291898,31.951499,4.350926,4.350926,157.302926
6.512247,0.416764,22.113535,4.122961,4.122961,129.535023
11.562928,0.473724,34.737711,7.550593,7.550593,158.051117
8.031930,0.232747,18.062125,6.176441,6.176441,134.050904
7.960677,0.282926,19.575336,8.739096,8.739096,150.369533
7.756382,0.243268,21.530333,4.993793,4.993793,146.339809
6.133576,0.323639,15.273465,6.995601,6.995601,137.847434
5.272816,0.293236,16.943586,6.431360,6.431360,153.209647
10.999189,0.420079,32.135173,6.240980,6.240980,161.315058
6.443215,0.271655,22.941893,6.582810,6.582810,156.687725
8.251406,0.243074,25.186777,7.483959,7.483959,161.177919
5.930104,0.338130,18.249203,8.039544,8.039544,140.777388
9.749976,0.349897,21.681642,9.525746,9.525746,156.925263
6.190950,0.170538,15.738749,9.953313,9.953313,140.568721
6.080630,0.202427,18.462032,13.414337,13.414337,160.373831
12.241050,0.496407,34.233553,10.101594,10.101594,187.748766
11.347574,0.533166,30.228941,7.369885,7.369885,179.635616
6.390305,0.271485,21.105000,9.729818,9.729818,166.246636
7.768276,0.444876,19.634144,8.908260,8.908260,151.493788
10.544380,0.369945,27.642456,9.303200,9.303200,164.294637
5.937544,0.236419,19.002225,10.499811,10.499811,147.227710
8.759772,0.256625,27.825856,9.900718,9.900718,168.654089
15.749212,0.741597,45.412866,10.658725,10.658725,198.523458
7.411839,0.276538,28.774923,10.317151,10.317151,165.361349
10.510032,0.351831,31.987656,8.874770,8.874770,174.325725
8.038493,0.316963,27.847810,7.763541,7.763541,166.076711
6.540216,0.225624,24.147356,9.221719,9.221719,162.915815
6.555669,0.313968,21.976094,8.616576,8.616576,164.705449
6.459462,0.318414,20.052836,6.265681,6.265681,166.734629
5.905840,0.346171,23.020425,7.705382,7.705382,169.234051
7.552931,0.375323,20.104593,4.803464,4.803464,163.541846
7.046433,0.425480,19.030682,3.477246,3.477246,171.164122
7.067444,0.350556,19.953940,2.020439,2.020439,163.037478
5.542509,0.326752,17.158619,3.542321,3.542321,161.917852
4.746524,0.201822,13.945145,4.539463,4.539463,149.054442
6.621637,0.287028,19.205264,5.569620,5.569620,157.520665
6.384474,0.279186,20.017059,2.116534,2.116534,98.075570
5.686904,0.209662,13.028778,2.140053,2.140053,149.364345
8.365446,0.350045,21.522529,4.370863,4.370863,159.823767
7.429388,0.362899,19.541827,2.788799,2.788799,159.080092
7.162389,0.328743,17.230986,2.737471,2.737471,148.649710
6.205958,0.328837,13.620345,1.615283,1.615283,60.780432
6.363556,0.379792,16.521379,5.174204,5.174204,149.283456
4.307673,0.239514,15.573283,1.139203,1.139203,148.254931
4.554844,0.397931,20.201483,1.302416,1.302416,60.760146
4.898230,0.267778,16.150118,4.906109,4.906109,150.744389
4.825147,0.302849,14.286614,1.027259,1.027259,54.669076
6.211693,0.488257,23.713872,1.918661,1.918661,154.458040
5.002019,0.327613,17.087510,1.411410,1.411410,60.846455
3.409665,0.311064,13.373697,3.697194,3.697194,135.468743
4.148756,0.325140,16.895071,0.960942,0.960942,54.769890
6.103864,0.330911,24.781368,1.119136,1.119136,60.446206
6.876771,0.324165,30.228548,1.145735,1.145735,68.168782
3.900432,0.139065,15.277005,1.135103,1.135103,51.206792
6.669132,0.213557,21.397759,1.095243,1.095243,56.603240
4.144760,0.129809,16.016905,0.949479,0.949479,49.172179
6.387036,0.113426,13.427693,1.251647,1.251647,44.199509
4.566446,0.141382,14.438074,2.437704,2.437704,87.254312
4.597484,0.132353,12.935573,2.146828,2.146828,73.714025
4.984343,0.149363,13.067224,1.772367,1.772367,72.420613
6.121859,0.181778,14.383781,1.940724,1.940724,76.699987
5.767243,0.160032,14.787825,2.397920,2.397920,80.781326
6.167053,0.207102,13.514790,3.980608,3.980608,87.013425
5.742162,0.164610,14.691521,4.065500,4.065500,91.479710
6.638428,0.183567,14.679684,2.776247,2.776247,91.953602
5.195836,0.142002,14.954502,3.565214,3.565214,92.955749
6.299082,0.190478,14.419509,2.798133,2.798133,86.113093
6.814946,0.279001,14.173003,3.470841,3.470841,88.954112
5.175433,0.212403,13.842126,4.675611,4.675611,93.151198
5.685651,0.145374,13.665932,2.594562,2.594562,93.244390
5.530215,0.117739,15.929314,4.776467,4.776467,93.491016
4.833813,0.195541,15.066057,2.306659,2.306659,84.477185
4.763199,0.187068,13.416814,1.759351,1.759351,84.052924
4.700913,0.168906,14.111583,2.164143,2.164143,85.083245
5.691254,0.290133,15.586514,2.056565,2.056565,91.510985
4.648966,0.165693,14.197000,2.429827,2.429827,86.483559
4.653539,0.154440,11.871726,2.696012,2.696012,88.598326
4.659389,0.167319,14.439310,2.627467,2.627467,91.265928
4.904128,0.182438,13.821964,1.948729,1.948729,84.550560
5.183803,0.150974,15.634933,1.784848,1.784848,90.535928
6.334810,0.308219,16.757289,2.453223,2.453223,99.461761
7.213471,0.208641,15.252430,2.982200,2.982200,99.057538
6.069791,0.210753,14.720892,1.527631,1.527631,104.953612
5.673457,0.244649,17.428878,2.821135,2.821135,106.280804
5.711885,0.194294,14.295903,3.434587,3.434587,100.130243
5.293931,0.195408,14.693344,1.798124,1.798124,93.872334
4.570478,0.150930,13.746125,3.307818,3.307818,93.549579
4.901379,0.181961,14.965545,2.262326,2.262326,99.740960
4.540547,0.217921,18.610910,2.705437,2.705437,107.790302
5.802532,0.207046,17.313588,3.703649,3.703649,105.189429
4.792219,0.222193,13.800475,3.272917,3.272917,96.020483
4.254417,0.174059,12.846788,2.739678,2.739678,96.245713
5.055415,0.176775,11.992240,2.710574,2.710574,93.342571
4.712090,0.209012,13.784455,2.377873,2.377873,100.223500
7.933424,0.254777,24.042635,2.844064,2.844064,121.241384
4.035893,0.158210,15.651761,1.925028,1.925028,63.782122
5.421764,0.145176,10.935253,1.750148,1.750148,98.405106
4.130709,0.137119,11.936191,1.889940,1.889940,100.554974
5.523204,0.176958,11.803203,2.249737,2.249737,100.273547
4.460744,0.163095,11.819104,1.223909,1.223909,105.348754
4.914090,0.231661,12.699664,2.501939,2.501939,106.019278
4.063661,0.214047,9.943193,2.383338,2.383338,100.557706
4.400725,0.241408,9.869696,3.360146,3.360146,100.487792
4.849064,0.201173,10.871008,3.486056,3.486056,117.247591
5.222277,0.198297,11.885976,2.585919,2.585919,109.905992
4.166727,0.176750,11.362435,3.240938,3.240938,106.033040
4.756404,0.187726,8.515855,2.999134,2.999134,98.883975
4.864659,0.234834,15.640745,3.180680,3.180680,109.642991
6.450155,0.268842,16.751365,3.643528,3.643528,113.764995
5.363724,0.271375,14.445614,3.454350,3.454350,111.898748
6.415319,0.264555,18.620220,3.284252,3.284252,112.639937
5.583344,0.234803,13.375262,2.381991,2.381991,108.979112
4.316854,0.225279,10.417564,3.152528,3.152528,105.770887
4.440651,0.263937,11.250490,3.680590,3.680590,101.752945
8.210657,0.425496,23.176898,2.459145,2.459145,126.190033
8.229631,0.363579,13.548489,2.828769,2.828769,123.346757
10.078005,0.614601,30.056768,3.158183,3.158183,136.684415
6.185969,0.270558,12.235570,3.104441,3.104441,109.209756
5.657144,0.304050,11.251464,3.850095,3.850095,107.819382
6.692724,0.388052,17.483713,2.819775,2.819775,127.662863
4.862267,0.231275,10.734386,5.100962,5.100962,104.412662
4.571310,0.206062,15.959063,1.997347,1.997347,108.357714
5.561556,0.231519,14.982889,3.084674,3.084674,126.622003
7.120542,0.313725,20.179000,4.012515,4.012515,127.151842
4.759845,0.166243,11.630846,2.652710,2.652710,104.458573
3.702650,0.147834,10.260197,3.952733,3.952733,103.514221
4.321624,0.192637,10.196415,3.653970,3.653970,103.977925
5.866364,0.260414,7.948277,5.649494,5.649494,101.553763
3.634192,0.181443,7.636053,4.479913,4.479913,92.804682
2.720011,0.103931,8.171438,4.862990,4.862990,95.417958
7.091306,0.209561,18.767747,4.628004,4.628004,125.157475
6.577918,0.149623,10.845215,3.489167,3.489167,113.145713
4.224444,0.272403,8.764612,5.931981,5.931981,100.787495
2.992290,0.135197,7.057155,3.742874,3.742874,98.076866
2.682018,0.097535,6.256167,3.029538,3.029538,85.305008
2.906479,0.110207,5.894521,4.759501,4.759501,85.545432
3.461809,0.090268,8.128086,3.971469,3.971469,93.915648
2.748937,0.103406,7.749116,4.880082,4.880082,89.245818
6.239777,0.307779,23.766964,5.030299,5.030299,130.543686
3.260105,0.193109,9.103574,4.980397,4.980397,96.587465
3.456870,0.202831,8.797219,4.585150,4.585150,90.100738
5.269395,0.192910,18.807652,5.289128,5.289128,119.388130
6.035906,0.114657,16.618107,4.441168,4.441168,117.141849
5.856668,0.146722,21.334652,4.510737,4.510737,110.560175
5.394474,0.200461,20.811254,5.825619,5.825619,111.343961
3.312267,0.179856,11.961618,4.216841,4.216841,57.977886
3.784256,0.228380,10.004898,2.985374,2.985374,50.866869
8.544175,0.306969,26.252360,4.070208,4.070208,127.532777
8.906332,0.566363,24.628542,2.574939,2.574939,127.722921
5.563858,0.390053,12.021920,2.853995,2.853995,111.740401
7.495940,0.365080,10.557976,2.166346,2.166346,114.746851
8.673228,0.696882,17.559838,1.516318,1.516318,124.156416
9.181472,0.601211,19.859203,1.871897,1.871897,129.618606
9.998915,0.525876,19.955891,1.603377,1.603377,129.339483
5.887708,0.290783,11.466043,1.573951,1.573951,110.925958
7.648336,0.514969,16.832975,1.540578,1.540578,123.046741
6.890113,0.373237,12.573222,2.175315,2.175315,128.488272
6.681214,0.291081,12.859867,3.245178,3.245178,121.631966
5.737208,0.254757,11.732441,2.374663,2.374663,109.783136
11.442961,0.430352,29.494494,4.524541,4.524541,144.175170
10.008534,0.524826,28.576557,2.554523,2.554523,131.772205
10.205043,0.391126,26.402760,3.918775,3.918775,140.259283
9.931419,0.455745,32.867926,3.446243,3.446243,143.398820
8.330353,0.301192,21.347523,2.919096,2.919096,132.187725
5.304847,0.238291,15.215261,2.481345,2.481345,71.274631
4.970635,0.212282,16.472043,3.177426,3.177426,104.940766
7.897652,0.214958,30.726316,1.833437,1.833437,93.038773
4.919570,0.168274,16.721443,2.112879,2.112879,65.919357
4.729939,0.198880,13.385825,1.709418,1.709418,54.658986
4.511786,0.187112,14.579872,1.925399,1.925399,59.934677
4.210396,0.199645,16.157910,1.803153,1.803153,53.555238
4.760700,0.280712,14.764176,1.190109,1.190109,62.160315
5.866912,0.303832,15.458591,0.679711,0.679711,65.762185
6.538149,0.265000,28.596255,1.308529,1.308529,84.447895
5.225880,0.246021,11.975222,1.383754,1.383754,94.995285
6.287319,0.662276,14.713842,1.870940,1.870940,109.019595
6.833301,0.321453,22.039181,1.176932,1.176932,119.801528
11.344407,0.566605,28.891532,1.067251,1.067251,134.387634
8.931477,0.378392,25.819532,1.922772,1.922772,127.554650
7.214218,0.625043,23.186477,0.806838,0.806838,65.784699
7.855767,0.284301,18.883233,1.090380,1.090380,106.971396
6.050446,0.334564,24.448060,3.131539,3.131539,120.540142
9.460859,0.583635,22.642016,2.299249,2.299249,115.540785
9.881711,0.438936,20.543434,3.125576,3.125576,122.445413
6.389020,0.269250,19.962943,3.337889,3.337889,99.078765
5.554568,0.206190,17.063919,4.430507,4.430507,94.182625
5.094603,0.200186,17.725413,3.021885,3.021885,93.944481
5.671117,0.178663,18.410342,3.551563,3.551563,99.422623
5.401351,0.154292,18.951334,4.366780,4.366780,108.245794
10.644329,0.335021,29.373657,2.897806,2.897806,119.595487
6.980733,0.247851,22.968866,4.394186,4.394186,103.208735
5.446733,0.191800,24.184493,4.152479,4.152479,101.162296
5.887033,0.222355,20.570705,3.638082,3.638082,98.030105
7.730249,0.180293,19.662355,6.009218,6.009218,99.410156
5.845802,0.152036,19.604379,2.886692,2.886692,97.906358
6.661736,0.140511,21.842742,2.990276,2.990276,107.401209
8.962776,0.212148,32.033811,3.911565,3.911565,126.838075
5.643630,0.192786,21.187056,3.915693,3.915693,106.633940
6.249328,0.203523,19.683174,3.729989,3.729989,104.529583
6.124998,0.227802,22.077118,6.151982,6.151982,128.741888
6.351930,0.229779,21.350532,4.531500,4.531500,116.425638
5.588662,0.233965,18.875585,4.838453,4.838453,98.959383
6.285402,0.217098,22.178235,3.434201,3.434201,108.880080
8.561644,0.301887,22.365078,5.608018,5.608018,123.461576
9.273596,0.518952,31.460501,3.938692,3.938692,126.478014
6.176082,0.287502,22.359627,5.676696,5.676696,126.324691
7.103191,0.407454,21.410568,5.312902,5.312902,118.491476
8.130635,0.337700,20.258086,3.387645,3.387645,130.164564
6.992396,0.347000,21.731896,4.396215,4.396215,124.102295
6.141521,0.463351,20.417691,4.551411,4.551411,122.019258
6.715361,0.574578,21.970940,6.378603,6.378603,128.305295
6.262020,0.475324,21.340524,10.968506,10.968506,133.789299
7.987814,0.348825,32.873152,27.679195,27.679195,205.986646
7.362130,0.262212,29.847641,8.309048,8.309048,162.004175
10.499672,0.401773,34.243666,11.306609,11.306609,172.402069
8.308510,0.336954,30.667210,8.786646,8.786646,167.746697
10.621787,0.310297,30.652627,8.691604,8.691604,182.945489
8.131953,0.260296,28.059686,12.307616,12.307616,161.027838
7.781366,0.182105,23.767634,11.409252,11.409252,151.220210
7.068943,0.251825,20.474228,9.892735,9.892735,152.972966
7.926966,0.430162,25.193823,13.438618,13.438618,168.745046
7.782933,0.322570,20.499563,9.490233,9.490233,152.761920
7.237285,0.531139,29.665389,9.112646,9.112646,170.369761
7.552621,0.354687,22.928168,8.109841,8.109841,160.913502
6.347027,0.276257,20.391074,9.205999,9.205999,159.362305
8.863052,0.408551,24.983623,7.267639,7.267639,177.156136
8.661593,0.448682,25.267544,7.802533,7.802533,165.858335
7.557778,0.211250,21.219464,6.529409,6.529409,155.942588
5.105811,0.267091,23.119218,4.259867,4.259867,87.820420
4.851433,0.157595,19.163071,4.837884,4.837884,99.707094
5.459986,0.169612,20.983595,4.828321,4.828321,82.454913
4.652070,0.182902,20.681108,3.060049,3.060049,73.733674
6.453718,0.196923,22.803178,3.548481,3.548481,77.987567
5.266048,0.213111,21.489740,4.414492,4.414492,152.794379
7.608642,0.266224,28.908225,4.232980,4.232980,90.786277
5.200590,0.175536,19.909157,5.396934,5.396934,146.352157
8.504329,0.197171,22.985850,4.690529,4.690529,81.409174
6.700160,0.197539,18.746060,4.766579,4.766579,138.437673
10.013385,0.291447,29.620065,4.117626,4.117626,159.749499
6.940474,0.212114,22.624271,4.311560,4.311560,140.845081
9.878037,0.284126,29.911417,2.381104,2.381104,77.625658
5.753871,0.218270,18.942461,6.437702,6.437702,142.169402
7.617959,0.447048,28.593138,3.772566,3.772566,78.447167
4.869427,0.201014,19.838118,3.284886,3.284886,62.606705
7.455248,0.272521,26.644901,2.809739,2.809739,142.995070
6.028610,0.184245,20.304967,6.098462,6.098462,120.785419
10.817972,0.352574,27.116732,5.127249,5.127249,138.248203
5.983397,0.230967,19.050861,3.512866,3.512866,70.909890
7.823317,0.277418,24.178293,4.278117,4.278117,125.411734
5.413893,0.235385,29.069014,4.174926,4.174926,74.207529
5.186677,0.191745,23.751534,5.416166,5.416166,72.519824
5.618119,0.452145,21.634185,4.049123,4.049123,66.878584
5.081874,0.345543,19.791038,3.224602,3.224602,61.229519
5.303550,0.256178,18.134713,3.354341,3.354341,60.463951
4.006247,0.170991,27.691251,3.615008,3.615008,74.663113
5.728141,0.188363,26.239100,5.509115,5.509115,71.888121
6.303991,0.219586,25.611143,6.371874,6.371874,74.239770
6.814434,0.236370,24.696123,4.943255,4.943255,103.481471
6.041584,0.158630,20.864955,3.680753,3.680753,118.660024
5.755446,0.158645,32.209789,4.975827,4.975827,86.842847
4.078145,0.177151,26.893723,3.977308,3.977308,79.460738
2.614290,0.280812,17.053966,3.760883,3.760883,57.591405
1.970843,0.242002,11.663269,2.915959,2.915959,60.109781
2.142357,0.084592,13.725806,3.587697,3.587697,49.006415
2.652911,0.069735,14.234430,2.746186,2.746186,50.016070
3.058275,0.117911,14.833800,4.593333,4.593333,61.797369
5.643438,0.207633,27.309862,3.583525,3.583525,68.315450
7.239036,0.099667,24.636839,3.826332,3.826332,66.789801
7.092364,0.156169,30.445315,6.345691,6.345691,83.981750
6.220908,0.153954,24.271152,4.273250,4.273250,102.152298
5.833549,0.221906,27.563640,5.825055,5.825055,71.912269
5.223917,0.205161,26.389877,4.074453,4.074453,74.549675
3.817388,0.266639,17.705758,5.262837,5.262837,76.777142
4.373739,0.289693,18.995954,4.116146,4.116146,55.681075
5.810063,0.257268,22.559986,5.275944,5.275944,66.301655
4.323024,0.175247,16.821119,3.462797,3.462797,60.811353
5.918413,0.151454,19.211537,5.314900,5.314900,85.871982
5.319022,0.076819,20.842590,4.209611,4.209611,93.047131
7.384390,0.116784,20.699530,4.901231,4.901231,93.833505
5.109780,0.118231,18.930727,6.211689,6.211689,88.898854
4.165758,0.135421,16.073712,3.418396,3.418396,55.456495
3.465843,0.120540,14.692125,3.203963,3.203963,51.869223
3.256694,0.119272,10.242260,3.365854,3.365854,46.536551
3.983527,0.148842,15.515958,4.964566,4.964566,82.140896
3.805972,0.131742,11.855995,2.610331,2.610331,74.366959
5.206889,0.109887,11.618661,2.606914,2.606914,73.004695
3.757835,0.086118,13.077673,3.563491,3.563491,50.987155
4.772735,0.191403,16.069695,3.719088,3.719088,57.367101
4.365439,0.189338,20.669548,3.914324,3.914324,62.363748
6.433339,0.167096,21.253226,5.468114,5.468114,67.045912
8.199894,0.144038,27.876912,6.075259,6.075259,78.040849
6.815088,0.170534,23.559820,4.107134,4.107134,70.133694
7.786980,0.177025,24.676691,7.310811,7.310811,76.385255
7.293820,0.190668,21.102242,6.693875,6.693875,94.706498
6.310446,0.207259,20.563759,5.812361,5.812361,87.260433
7.504722,0.177972,17.377666,4.919975,4.919975,66.511226
5.840374,0.122794,17.901019,4.505678,4.505678,81.441465
5.510095,0.169135,21.555209,6.749629,6.749629,65.577509
6.341494,0.205055,23.286396,6.866037,6.866037,75.153262
6.361900,0.135966,20.744871,4.545475,4.545475,77.152069
5.920050,0.143572,20.168047,4.936584,4.936584,65.845530
6.774307,0.144836,20.786544,5.142060,5.142060,67.651732
6.934432,0.224920,24.508565,4.488859,4.488859,65.586678
8.244288,0.179462,24.113350,4.804014,4.804014,70.212988
7.146419,0.275859,23.583563,5.780595,5.780595,67.890135
5.894478,0.178046,20.689452,5.573541,5.573541,62.543628
7.941146,0.215695,22.911756,6.584368,6.584368,66.272308
5.654358,0.171392,17.657739,5.429583,5.429583,56.848547
5.503901,0.113644,19.266634,6.986049,6.986049,60.102340
9.223249,0.202233,25.715556,4.915672,4.915672,78.219337
5.944426,0.111030,18.523536,4.969969,4.969969,65.870142
5.450646,0.112833,16.016459,5.942486,5.942486,81.126474
10.108655,0.181108,32.020085,5.807874,5.807874,84.241021
6.289271,0.125768,19.603337,9.448246,9.448246,90.294235
5.805618,0.136766,20.758425,7.461883,7.461883,93.924378
5.069317,0.141772,17.638241,6.880345,6.880345,93.513265
5.301753,0.156710,18.407486,4.131528,4.131528,64.078794
6.475067,0.116312,16.550929,4.884074,4.884074,64.289908
5.531096,0.148982,18.624256,6.808725,6.808725,91.196498
6.874502,0.155786,20.728349,7.906848,7.906848,103.135228
7.182616,0.168373,28.456612,7.554815,7.554815,106.608852
6.024343,0.159636,26.304999,6.759092,6.759092,104.972412
8.964979,0.202516,25.476370,7.549001,7.549001,109.833797
5.161283,0.177396,23.341029,6.121205,6.121205,103.467749
7.394304,0.224821,24.803272,5.560272,5.560272,104.299327
6.513949,0.159325,22.021604,8.463137,8.463137,105.266000
9.191900,0.255713,27.143653,5.856149,5.856149,118.849164
7.550259,0.236552,19.230068,7.933049,7.933049,109.529096
7.110969,0.179145,17.772295,7.463615,7.463615,101.255760
5.127788,0.180553,15.340605,8.088902,8.088902,94.997974
4.969982,0.169881,14.772085,10.674287,10.674287,101.726516
6.802001,0.266270,21.999594,6.918690,6.918690,106.259218
5.138833,0.152496,15.984215,6.065432,6.065432,72.135877
6.072599,0.196161,24.326787,8.688172,8.688172,102.891376
6.241977,0.145510,23.219870,7.543825,7.543825,108.322889
8.231411,0.197583,24.825543,10.499074,10.499074,117.102310
7.858059,0.200705,30.745385,8.940556,8.940556,125.418755
6.958498,0.214088,30.859165,9.656142,9.656142,132.580594
6.920325,0.191888,36.071384,6.599235,6.599235,127.328304
7.529260,0.220285,34.322157,8.595446,8.595446,135.945266
7.865032,0.246453,35.613566,13.413010,13.413010,140.462226
9.040765,0.266092,32.670385,9.052001,9.052001,131.597166
7.133613,0.218985,32.743469,12.381486,12.381486,137.912019
7.520374,0.240390,33.478895,7.705597,7.705597,128.979862
7.008908,0.277837,27.453253,12.352808,12.352808,129.046078
5.454239,0.246051,22.835412,11.336042,11.336042,134.947042
6.718216,0.199690,24.694753,13.357410,13.357410,138.766769
6.756206,0.216695,35.477745,13.982643,13.982643,151.787877
7.412796,0.195652,30.906928,13.586092,13.586092,143.187071
7.038479,0.309851,35.938210,9.495230,9.495230,138.699571
5.765088,0.265406,27.807367,8.597469,8.597469,138.035022
11.478591,0.402467,35.838081,12.300579,12.300579,153.164047
7.542865,0.212946,30.241766,13.307522,13.307522,139.252714
7.201425,0.217776,30.380317,11.571047,11.571047,141.070779
4.948773,0.258059,21.450818,7.515433,7.515433,129.532819
6.178853,0.246793,18.806296,9.818597,9.818597,120.162802
7.979408,0.316921,42.895272,7.697522,7.697522,158.531340
6.998842,0.253475,21.292020,7.984471,7.984471,118.117519
5.865653,0.139555,13.846328,8.718713,8.718713,111.019673
9.322825,0.333355,37.593408,11.686941,11.686941,149.925869
10.872723,0.312345,42.660274,11.617052,11.617052,164.708948
7.398736,0.261369,25.381995,10.264017,10.264017,137.583568
6.501954,0.159611,24.721436,10.622893,10.622893,135.208107
6.984649,0.253033,26.521197,14.111024,14.111024,149.857745
7.677053,0.289992,36.276385,13.147832,13.147832,162.855641
10.487193,0.419409,32.946309,10.309168,10.309168,161.726909
7.961261,0.232106,28.717660,15.514517,15.514517,156.011690
9.732442,0.252288,30.973092,13.846856,13.846856,161.835459
8.942473,0.308958,30.224251,13.747217,13.747217,157.072025
9.239518,0.207640,33.746795,14.323616,14.323616,165.507670
10.022127,0.339955,36.256896,12.804045,12.804045,172.907070
8.135663,0.241638,27.818660,12.199530,12.199530,158.578209
8.581699,0.228514,30.553265,10.381843,10.381843,156.228173
11.823365,0.378077,36.518472,12.953993,12.953993,176.405393
8.718355,0.273370,33.139571,14.526542,14.526542,171.839152
10.783330,0.343874,33.886844,11.363754,11.363754,184.309385
7.481272,0.243061,29.701982,14.446639,14.446639,184.379439
7.475877,0.286387,30.282974,11.302919,11.302919,177.051557
8.337796,0.280017,26.410238,18.665865,18.665865,194.538331
11.648080,0.272208,34.734164,14.634976,14.634976,192.653204
8.213193,0.266169,31.841122,15.313906,15.313906,192.531294
13.714657,0.480361,42.399098,11.750023,11.750023,204.548065
7.572492,0.266473,33.525288,13.462373,13.462373,198.637914
7.665562,0.290178,30.393261,9.980516,9.980516,192.268408
6.237484,0.249677,22.347347,9.677793,9.677793,176.079478
11.575165,0.271464,26.527324,9.110473,9.110473,187.243449
7.319970,0.235637,22.292215,9.740587,9.740587,177.425568
7.595300,0.235387,23.516299,9.075920,9.075920,183.209313
8.255507,0.242988,20.553450,8.783883,8.783883,176.227221
6.866224,0.209310,23.357799,9.131963,9.131963,171.597343
7.491929,0.252660,22.262878,10.945134,10.945134,168.597900
8.489980,0.277667,28.371694,6.461528,6.461528,170.768026
9.509152,0.352556,23.975307,10.236297,10.236297,168.914989
7.082655,0.223273,23.957283,10.597959,10.597959,165.188808
6.848165,0.218330,20.713203,9.843304,9.843304,160.914536
6.930340,0.294862,23.994205,6.979864,6.979864,88.439853
6.280554,0.215685,18.562508,9.596717,9.596717,158.713038
5.642727,0.202763,20.610306,5.187748,5.187748,161.758586
6.904916,0.242782,25.274120,8.477673,8.477673,159.844212
8.012044,0.347753,26.432772,8.247298,8.247298,176.746482
7.071894,0.263558,22.021436,5.584899,5.584899,205.693981
9.998821,0.274263,27.791867,8.214857,8.214857,185.531049
5.480067,0.216716,19.754030,5.858695,5.858695,68.774033
6.962411,0.225497,19.111606,7.940748,7.940748,158.420042
7.883570,0.351982,23.339062,5.452114,5.452114,71.862925
6.751619,0.215938,21.540432,6.793430,6.793430,156.695310
5.472983,0.180901,21.789104,7.169318,7.169318,71.358408
7.602865,0.177237,26.653651,11.547432,11.547432,84.429762
8.010384,0.138558,26.749279,11.260259,11.260259,86.579871
6.799228,0.113955,26.978711,11.254256,11.254256,83.072805
6.719681,0.143368,25.785780,16.799553,16.799553,152.024226
6.292387,0.137855,26.459079,13.011349,13.011349,146.586893
8.832366,0.185843,28.594017,14.567328,14.567328,144.146354
11.510840,0.355834,36.949966,17.141135,17.141135,151.812155
8.418509,0.296034,38.579850,17.874741,17.874741,158.752680
8.070169,0.262926,28.813265,14.233189,14.233189,152.581284
14.955650,0.564792,47.545296,15.802090,15.802090,189.230412
14.833070,0.360349,35.922240,16.384650,16.384650,168.795330
10.501715,0.314916,33.522525,12.423299,12.423299,163.946844
10.377618,0.307092,36.078262,9.061196,9.061196,169.509570
7.581652,0.277242,30.243383,10.997429,10.997429,170.325375
10.120914,0.287606,30.943657,7.811077,7.811077,164.831540
7.413832,0.209135,23.953702,9.436039,9.436039,161.195352
7.051729,0.220875,25.970617,9.961653,9.961653,167.102890
7.632744,0.162744,29.721933,10.709027,10.709027,166.684493
7.305058,0.167917,38.329368,9.457612,9.457612,179.177501
6.786663,0.216008,25.898132,8.531234,8.531234,155.661431
9.185144,0.193193,29.717120,10.474404,10.474404,170.112472
13.531897,0.367664,45.819837,13.953691,13.953691,202.524665
6.622355,0.254657,26.968955,9.970745,9.970745,155.711029
8.494723,0.231148,28.197429,8.342111,8.342111,163.458345
9.551211,0.271957,23.208025,9.583604,9.583604,160.406805
7.917523,0.290012,24.375350,8.226758,8.226758,154.273959
9.937378,0.288043,26.736226,9.753278,9.753278,160.886231
8.212450,0.267416,23.187692,9.286897,9.286897,94.413580
6.754023,0.175836,21.267796,7.351290,7.351290,82.977150
6.409864,0.162659,27.938597,9.042491,9.042491,96.647176
6.533225,0.201658,39.636242,9.378777,9.378777,181.767359
8.588643,0.272804,36.788289,16.032038,16.032038,199.481500
6.976089,0.233619,34.570274,8.151334,8.151334,189.629656
7.440773,0.210934,35.499105,10.254217,10.254217,184.422440
7.871959,0.236073,28.635903,9.964782,9.964782,171.065260
5.034395,0.229853,31.447544,6.712770,6.712770,96.962511
5.666889,0.215270,21.190402,9.709587,9.709587,154.109852
2.845035,0.258564,10.917368,7.760778,7.760778,70.797066
2.593619,0.133686,9.889988,6.004851,6.004851,55.981425
3.138566,0.097501,13.050978,7.181460,7.181460,130.523715
2.698392,0.133375,10.347524,8.117691,8.117691,130.647760
3.507381,0.125751,16.661884,7.554462,7.554462,66.987606
6.829739,0.154768,32.201832,9.324541,9.324541,161.945301
8.992578,0.292588,32.145331,8.931333,8.931333,160.794772
11.709973,0.340428,35.856915,9.745864,9.745864,184.876161
7.893537,0.247182,33.079931,7.866643,7.866643,159.558848
7.290353,0.168803,36.382514,10.023454,10.023454,168.505012
9.670289,0.258988,45.319364,10.271956,10.271956,193.249577
7.716720,0.236086,34.323311,10.412522,10.412522,163.750407
13.282936,0.202649,35.194678,8.682465,8.682465,170.278875
9.896755,0.260930,38.727319,11.547303,11.547303,168.133722
7.668340,0.241033,27.873189,12.539131,12.539131,158.645974
8.678699,0.131788,31.401617,11.944679,11.944679,157.779504
8.028231,0.161789,23.783509,10.908274,10.908274,153.953469
7.786263,0.171397,24.284623,12.773310,12.773310,141.740520
8.549069,0.283378,26.464352,12.541821,12.541821,151.980018
7.599525,0.186761,26.673806,9.283135,9.283135,141.557556
10.835516,0.230110,25.378169,7.732006,7.732006,107.545286
9.216138,0.199329,34.611287,11.821283,11.821283,132.562417
8.513512,0.241611,35.816315,9.585728,9.585728,125.365018
9.079721,0.265331,37.606259,8.002224,8.002224,114.530649
8.298274,0.193058,32.207956,8.670923,8.670923,147.289902
11.840645,0.306617,35.936780,8.425947,8.425947,151.855402
9.592808,0.273617,32.361260,7.126499,7.126499,150.588190
8.793258,0.188543,31.378550,13.648623,13.648623,150.081719
8.255501,0.162556,30.233799,8.210985,8.210985,144.372710
10.525528,0.206048,32.351629,6.528430,6.528430,151.476582
8.258051,0.168662,34.974431,6.538975,6.538975,151.728299
12.024550,0.197538,37.461819,8.005517,8.005517,155.418552
8.387798,0.197495,28.809413,13.884953,13.884953,149.595639
12.248470,0.194639,33.245679,7.199454,7.199454,154.873444
11.455614,0.224113,29.711534,10.784799,10.784799,156.297832
8.859344,0.186138,27.088461,7.639210,7.639210,153.003665
9.912134,0.207757,30.841042,11.375042,11.375042,155.027440
7.268774,0.201701,26.448175,5.349099,5.349099,143.716225
9.281732,0.303017,20.670325,11.721655,11.721655,139.945513
7.155719,0.280110,24.604198,9.166648,9.166648,130.050410
8.462029,0.298775,27.924578,7.891230,7.891230,95.171413
5.141214,0.117577,16.644280,7.877684,7.877684,74.491472
5.801402,0.197679,15.619281,6.658944,6.658944,118.639192
4.360796,0.167125,10.520081,6.827385,6.827385,63.566444
3.799486,0.196962,10.381702,3.974723,3.974723,58.720281
2.360059,0.094911,7.911783,4.634692,4.634692,51.346737
1.740590,0.038357,6.134466,4.296002,4.296002,46.982971
2.368218,0.070501,8.470875,4.530154,4.530154,54.673029
1.989250,0.073248,7.196048,4.737944,4.737944,44.982144
2.376403,0.053319,8.035580,5.167536,5.167536,62.750999
1.848334,0.034085,6.424192,3.214736,3.214736,33.288134
1.406908,0.068081,5.482015,4.366738,4.366738,38.137706
1.747623,0.081504,6.676528,4.224970,4.224970,37.571818
1.930517,0.027563,7.338874,4.246486,4.246486,41.066061
7.510850,0.079522,27.090659,4.279640,4.279640,64.107769
7.249513,0.117972,24.347874,8.927169,8.927169,64.655908
5.012047,0.120332,19.809574,5.486062,5.486062,95.601610
5.124592,0.162653,16.646423,7.969697,7.969697,103.292191
5.050911,0.154005,16.291446,5.440521,5.440521,53.719389
5.744485,0.133102,16.752040,6.438198,6.438198,59.485824
7.075517,0.158442,19.429249,6.139987,6.139987,64.367651
4.335113,0.119239,16.957208,8.013417,8.013417,79.496869
6.245532,0.149389,19.176463,10.109325,10.109325,67.263308
9.121293,0.211938,43.088159,7.222518,7.222518,93.524585
5.221719,0.117792,25.913304,15.934567,15.934567,87.695377
5.938288,0.163407,22.576712,9.500123,9.500123,102.710897
5.627373,0.153011,24.993597,7.469360,7.469360,103.868308
7.121359,0.186395,30.748448,8.274179,8.274179,111.597779
8.962590,0.183542,27.005372,8.772313,8.772313,112.314060
8.989681,0.193260,30.484702,8.326949,8.326949,119.459460
6.773732,0.133663,24.041828,7.108538,7.108538,107.205502
7.541330,0.142608,28.687749,11.047014,11.047014,131.739722
7.611825,0.185080,27.667175,8.304011,8.304011,122.684538
9.201588,0.280916,42.344848,9.075921,9.075921,131.417371
6.765715,0.190322,26.216845,8.824445,8.824445,111.803400
7.310413,0.231222,38.012257,7.580236,7.580236,127.525109
12.948401,0.379342,37.684566,7.017691,7.017691,127.686531
8.051336,0.143998,26.448244,9.928439,9.928439,108.324774
8.117715,0.173463,28.658634,8.512055,8.512055,122.792858
16.087078,0.218258,51.552771,10.080364,10.080364,146.672834
10.629320,0.227916,34.728019,7.878431,7.878431,124.698506
11.119595,0.110797,25.656608,10.465892,10.465892,124.911880
8.408016,0.131825,21.230910,9.130493,9.130493,112.601209
9.741692,0.177750,24.013148,7.210176,7.210176,108.691002
7.611465,0.097962,20.657799,9.202030,9.202030,108.592641
6.966339,0.109969,17.792463,8.957027,8.957027,99.281513
7.499691,0.077335,17.394011,7.006930,7.006930,96.698898
7.920497,0.093764,19.979782,6.753587,6.753587,105.513868
7.101047,0.065613,18.446683,9.938912,9.938912,104.303333
7.372405,0.056772,18.455261,7.645708,7.645708,102.913675
17.057492,0.132855,32.271863,9.672643,9.672643,137.383414
13.337230,0.128274,24.076554,8.979143,8.979143,135.580696
12.041662,0.143666,23.584016,9.280787,9.280787,122.389546
11.648400,0.141422,28.396069,6.979557,6.979557,94.860327
5.484273,0.067269,14.249297,5.835373,5.835373,69.594348
6.555745,0.060986,13.658892,7.680108,7.680108,64.183918
5.771298,0.085897,12.870010,8.303158,8.303158,66.422054
7.283383,0.043067,19.633568,6.528191,6.528191,72.120499
6.783746,0.060025,18.977849,7.382231,7.382231,68.761125
11.096423,0.072912,32.116031,7.037667,7.037667,87.405733
6.362189,0.064774,16.741797,9.305886,9.305886,58.465701
5.239890,0.032093,16.165832,9.019917,9.019917,57.299304
9.333095,0.034769,23.693812,13.281680,13.281680,82.435006
6.305834,0.021248,10.865970,8.495071,8.495071,49.153367
9.354885,0.024346,25.022257,9.755227,9.755227,85.954163
9.187862,0.029179,27.851366,6.590938,6.590938,78.573500
9.193749,0.038675,25.251863,9.347410,9.347410,78.965023
