1403715893384058112.000000 0.087797567 -0.410502881 -0.459577918 -0.533880591 -0.631465197 -0.374618709 0.419385433
1403715894134057984.000000 0.046721391 -0.457010865 -0.364091724 -0.538137972 -0.631360471 -0.364783704 0.422758102
1403715896584058112.000000 -0.980200768 -0.576870084 0.216806680 -0.564607501 -0.580446064 -0.334712505 0.481942266
1403715899284058112.000000 2.569087267 -0.444019377 0.318657786 -0.643793881 -0.534196496 -0.427941114 0.342096418
1403715901084058112.000000 3.633070469 0.872755885 0.204563826 -0.584214628 -0.500871599 -0.492756397 0.406216770
1403715901484058112.000000 3.514969349 0.949370086 0.258742452 -0.596325397 -0.494755566 -0.482828885 0.408030868
1403715901584058112.000000 3.477406263 0.924090922 0.273856401 -0.604228854 -0.500219882 -0.474828571 0.399030626
1403715901984058112.000000 3.308129311 0.730498195 0.330338866 -0.618429720 -0.514204144 -0.457831651 0.378852308
1403715902284058112.000000 3.161858320 0.528894961 0.355530739 -0.612158239 -0.523189127 -0.463908345 0.369221598
1403715905234057984.000000 1.263684869 0.271692395 0.626127601 -0.040941328 -0.781779468 -0.052826528 0.619962811
1403715905884058112.000000 1.242313504 0.113996044 0.343103826 0.130748600 -0.813908100 0.108895920 0.555517912
1403715906184058112.000000 1.242507219 0.010439262 0.239339009 0.264694065 -0.792364776 0.171090826 0.522324741
1403715908484058112.000000 1.797386527 -0.602190614 0.322911859 0.794056714 -0.104832031 0.594348907 0.072342940
1403715911234057984.000000 0.547797680 0.107785627 0.024832565 -0.317669660 -0.718044877 -0.252417058 0.565493822
1403715913134057984.000000 0.245154351 -1.294613123 0.258061111 0.161786526 -0.797245920 0.124031335 0.568190396
1403715915184058112.000000 1.461028099 -2.851932526 0.248359025 0.088659815 -0.860382855 0.164074704 0.474299788
1403715915834057984.000000 1.105433345 -3.138669014 0.165668994 0.154183507 -0.819817185 0.101159006 0.542119861
1403715916184058112.000000 0.841198504 -3.300088406 0.063912973 0.147018850 -0.817994833 0.105310604 0.546058297
1403715918984058112.000000 0.074333981 -3.172339916 -0.448387057 -0.186867610 -0.817932427 -0.121144816 0.530462921
1403715919234057984.000000 0.175401375 -3.072869062 -0.416245461 -0.163636908 -0.830390036 -0.148123845 0.511600018
1403715919734057984.000000 0.171979636 -2.962064028 -0.449482709 -0.162897766 -0.806258559 -0.139338210 0.551358700
1403715920134057984.000000 0.077967919 -2.966036797 -0.591868520 -0.163353622 -0.817294002 -0.134714946 0.535908699
1403715922884058112.000000 -0.690243781 -3.047232628 0.848233461 -0.086418271 -0.801722229 -0.061703980 0.588188648
1403715923234057984.000000 -0.669172466 -3.057720661 0.955612481 -0.080694199 -0.810305834 -0.068299212 0.576392353
1403715923684058112.000000 -0.624114811 -3.100736380 1.113297462 -0.110878877 -0.811217189 -0.022167357 0.573708296
1403715923984058112.000000 -0.584412098 -3.079288244 1.026160121 -0.107600719 -0.794473886 -0.024462964 0.597189188
1403715924334057984.000000 -0.477960438 -2.999280930 0.820368052 -0.090965629 -0.796571791 -0.048292916 0.595706582
1403715924484058112.000000 -0.410298705 -2.960035563 0.731962979 -0.091426946 -0.806991100 -0.049783826 0.581315815
1403715924634057984.000000 -0.339058489 -2.919627190 0.646793723 -0.098209761 -0.815342546 -0.045857780 0.568742812
1403715924934057984.000000 -0.199626788 -2.807872057 0.483878076 -0.152191743 -0.803503454 -0.056746822 0.572712660
1403715925084058112.000000 -0.123725608 -2.728330851 0.414431095 -0.180973634 -0.784817457 -0.093657978 0.585267842
1403715925234057984.000000 -0.033626847 -2.643808842 0.371409953 -0.212627709 -0.767589271 -0.130759805 0.590337336
1403715925384058112.000000 0.073842786 -2.561874628 0.354981661 -0.257266968 -0.759948909 -0.150447458 0.577630401
1403715926334057984.000000 1.026617646 -1.960234880 0.242886141 -0.501236796 -0.618281484 -0.334499210 0.504579008
1403715926484058112.000000 1.221800566 -1.882546425 0.174578756 -0.527709365 -0.583297372 -0.379831403 0.486842036
1403715926984058112.000000 1.903502584 -1.785579562 -0.028444106 -0.630037010 -0.519180179 -0.448749304 0.363496244
1403715929884058112.000000 2.194731474 -2.917647123 -0.085157670 -0.803068519 -0.162615642 -0.571624875 0.043383278
1403715932384058112.000000 3.796542645 -2.536374092 0.218158588 -0.732239783 -0.115748063 -0.665117204 0.089701973
1403715932584058112.000000 3.899535656 -2.496353626 0.270744890 -0.700593710 -0.109339774 -0.698254108 0.098257333
1403715934484058112.000000 3.539954662 -2.454175472 0.970925272 -0.693424702 -0.076153092 -0.712635756 0.074250877
1403715934984058112.000000 3.298536062 -2.471850157 1.010772943 -0.718913913 -0.081394538 -0.683835089 0.094378769
1403715936284058112.000000 2.284257650 -2.644024372 0.715939045 -0.809352934 -0.091524243 -0.577747822 0.052713718
1403715936784058112.000000 2.511720657 -2.504906893 0.655929565 -0.749642551 -0.060566455 -0.654537499 0.077126697
1403715938384058112.000000 2.067018747 -2.242362261 0.133283854 -0.779927254 -0.337019444 -0.489194632 0.197027862
1403715940984058112.000000 2.445096016 -0.848572731 0.666841209 -0.807462096 -0.421245515 -0.364212900 0.194695204
1403715941634057984.000000 2.800574303 -0.051150095 0.965411365 -0.618420064 -0.307867348 -0.631108761 0.352811605
1403715942134057984.000000 2.620047331 -0.271688700 0.860300779 -0.651797712 -0.331657141 -0.597146094 0.329514563
1403715944834057984.000000 2.228399038 -1.080787301 0.106055938 -0.707322776 -0.560890734 -0.315671057 0.292314827
1403715946284058112.000000 2.173577785 -0.947180569 0.535501122 -0.627074122 -0.649569452 -0.293073624 0.314556181
1403715946884058112.000000 1.944413304 -0.495175421 0.759899199 -0.483633816 -0.594961345 -0.410620302 0.493467510
1403715947084058112.000000 1.873568177 -0.400068551 0.812644362 -0.463340253 -0.573614419 -0.431085140 0.520045996
1403715947284058112.000000 1.822066069 -0.412227809 0.854982793 -0.440727592 -0.530805707 -0.460922658 0.558171034
1403715947484058112.000000 1.796522141 -0.552631021 0.842403114 -0.485947281 -0.567694843 -0.422957033 0.512528181
1403715948084058112.000000 1.800210118 -1.118010521 0.554632843 -0.581114113 -0.687437654 -0.270714015 0.341247588
1403715948334057984.000000 1.777474284 -1.083700418 0.441824943 -0.572473347 -0.689845324 -0.275208861 0.347344071
1403715950134057984.000000 1.451907992 -0.390053064 0.115994535 -0.367421597 -0.784515679 -0.255556166 0.429217488
1403715952734057984.000000 0.426011145 -0.375220120 0.624418974 -0.124908514 -0.692401290 -0.110708036 0.701941669
1403715952884058112.000000 0.504725993 -0.371341437 0.669081271 -0.114603840 -0.680321217 -0.109139949 0.715623856
1403715953834057984.000000 1.260912657 -0.412495524 0.548369050 -0.055964477 -0.913153589 -0.014658489 0.403489500
1403715953984058112.000000 1.132493258 -0.363512993 0.553062856 -0.002929745 -0.894266963 -0.046003878 0.445153654
1403715954634057984.000000 0.394473195 -0.451230228 0.490346223 -0.000899686 -0.702041686 -0.017244266 0.711926579
1403715955534057984.000000 0.968240738 -0.888661027 0.425705999 -0.037276093 -0.891721785 0.010669293 0.450920016
1403715955684058112.000000 0.997454524 -0.940986395 0.436719447 -0.033652451 -0.906948328 0.028433736 0.418931723
1403715955984058112.000000 0.819289327 -0.999636948 0.514093161 0.041994341 -0.835730493 0.046053451 0.545591652
1403715956634057984.000000 0.576539278 -1.108960390 0.694136143 0.216597423 -0.670472682 0.168916181 0.689216554
1403715957534057984.000000 1.559858441 -0.875623822 0.656156898 0.252819419 -0.877427995 0.132582545 0.385518223
1403715957734057984.000000 1.597334027 -0.927952111 0.577845633 0.260987669 -0.883897424 0.119615912 0.369192272
1403715957884058112.000000 1.520210624 -1.031597257 0.538482487 0.258170068 -0.848794043 0.140449092 0.439512253
1403715958584058112.000000 1.148696184 -1.565033317 0.392678559 -0.300475657 0.625973165 -0.295661330 -0.656091809
1403715958734057984.000000 1.212535977 -1.557699919 0.351388752 0.322008550 -0.635260224 0.323598206 0.622927964
1403715960334057984.000000 1.659307480 -1.549319148 0.287217259 -0.476368397 0.526289344 -0.462491930 -0.531219363
1403715961484058112.000000 2.044757128 -1.002803564 0.520912707 0.561203361 -0.686220169 0.314678878 0.339308113
1403715962084058112.000000 2.118768692 -1.548667908 0.718932390 -0.525466859 0.466075569 -0.521049857 -0.484938413
1403715964284058112.000000 1.598702669 -0.511305809 -0.520629406 0.798404515 -0.265336752 0.507652640 0.185567603
1403715967234057984.000000 2.165536404 -0.604815066 0.403103113 0.731813729 -0.256953716 0.589914501 0.224553600
1403715969534057984.000000 1.262706876 0.108103961 0.081213661 0.889271259 -0.205901936 0.393691808 0.108663663
1403715969884058112.000000 1.417584419 0.073953710 0.025891256 0.846074641 -0.141135916 0.480682015 0.182162687
1403715971084058112.000000 1.642324805 0.544385135 0.060308859 0.880881846 -0.230530858 0.412394285 0.028873686
1403715973984058112.000000 1.026420832 0.014293648 0.604785800 -0.861002564 -0.030378556 -0.501243591 0.080664240
1403715976484058112.000000 1.895414233 -1.333941340 0.554773152 -0.813672841 -0.100104697 -0.571257651 0.039754681
1403715978434057984.000000 2.123362780 -0.348485172 0.520112514 -0.588762641 -0.550934017 -0.478906184 0.347101092
1403715980434057984.000000 0.679600120 -0.630750239 0.600788176 0.097099207 -0.777543306 0.031848200 0.620470643
1403715980734057984.000000 0.722729266 -1.006458044 0.615977168 0.203959912 -0.753206968 0.150355071 0.607019663
1403715980984058112.000000 0.843309760 -1.284885168 0.616253316 0.298110217 -0.725539029 0.241185293 0.571448267
1403715981234057984.000000 1.016583562 -1.497912169 0.618474782 0.394020051 -0.670780122 0.328950435 0.535344660
1403715981484058112.000000 1.220128894 -1.621816158 0.629672527 0.487418771 -0.598629534 0.417030185 0.479741156
1403715981734057984.000000 1.422795534 -1.630091310 0.650852740 0.570522428 -0.503158092 0.491756529 0.423688173
1403715981934057984.000000 1.569167137 -1.545123458 0.655444801 0.650798917 -0.444094360 0.505757749 0.351354867
1403715982184058112.000000 1.730597615 -1.372070312 0.665431440 0.711663008 -0.359779686 0.532668769 0.283475697
1403715982434057984.000000 1.872318268 -1.151706100 0.678489208 0.750277281 -0.276285380 0.559458077 0.218534246
1403715982634057984.000000 1.966572165 -0.943916321 0.686821163 0.773377180 -0.200135916 0.578393340 0.165210396
1403715982834057984.000000 2.038831472 -0.711006880 0.691935599 0.790711701 -0.119161330 0.591771781 0.101891354
1403715983034057984.000000 2.080388308 -0.462308556 0.697206378 0.799720883 -0.036477800 0.597938299 0.039821267
1403715983234057984.000000 2.091269016 -0.205874592 0.700030565 -0.798411906 -0.043887585 -0.599931598 0.026353762
1403715983434057984.000000 2.069511652 0.048538081 0.701677084 -0.786469817 -0.131779507 -0.596008182 0.094199419
1403715983634057984.000000 2.011483192 0.288759232 0.708995402 -0.750251472 -0.209557146 -0.601106763 0.178547740
1403715983834057984.000000 1.908196926 0.487822115 0.716387928 -0.713525176 -0.278355092 -0.590595543 0.254159987
1403715984134057984.000000 1.677824497 0.660640359 0.730319440 -0.672036648 -0.374231368 -0.543117344 0.336661875
1403715984234057984.000000 1.588859200 0.682194293 0.735851467 -0.661052763 -0.403039873 -0.520953476 0.359410137
1403715984434057984.000000 1.408237100 0.674536645 0.753566444 -0.626702547 -0.456663579 -0.489205062 0.399225056
1403715984584058112.000000 1.275564194 0.627092779 0.767015755 -0.600910008 -0.504216075 -0.460374802 0.415606141
1403715984684058112.000000 1.188569903 0.580320954 0.774000406 -0.583240569 -0.541007817 -0.436137557 0.420624584
1403715984784058112.000000 1.101885200 0.525510728 0.779385209 -0.562353671 -0.571459115 -0.407467782 0.437221646
1403715984884058112.000000 1.017856002 0.465994984 0.785186172 -0.538019359 -0.594604075 -0.379752576 0.461269170
1403715985184058112.000000 0.808701456 0.259867162 0.801672459 -0.462195903 -0.651376367 -0.339601427 0.496744037
1403715985634057984.000000 0.570056975 -0.143912569 0.824184716 -0.481849700 -0.662805200 -0.338941932 0.462199569
1403715985934057984.000000 0.409203321 -0.420122743 0.793940187 -0.547484219 -0.647690892 -0.308800280 0.430581033
1403715986184058112.000000 0.289285272 -0.581161499 0.697120488 -0.556304157 -0.622086167 -0.320905775 0.447832674
1403715986584058112.000000 0.175238967 -0.747676075 0.504786968 -0.537111580 -0.632036328 -0.349419177 0.435829788
1403715986984058112.000000 0.083604515 -0.820527375 0.307376802 -0.540119469 -0.641900361 -0.341639906 0.423694521
1403715987334057984.000000 0.023599043 -0.802731872 0.169718117 -0.563660443 -0.573490381 -0.369871736 0.465393037
1403715987834057984.000000 0.051124603 -0.841425359 0.007723808 -0.566469014 -0.598118544 -0.386073440 0.415107667
1403715988134057984.000000 0.065847330 -0.854937315 -0.071113579 -0.565281689 -0.610261083 -0.376259595 0.408003330
1403715988584058112.000000 0.062074281 -0.836037695 -0.141586035 -0.553560674 -0.591147542 -0.385416329 0.442232490
1403715989034057984.000000 0.097672835 -0.857288837 -0.174802169 -0.567399800 -0.599724829 -0.372296482 0.424008101
1403715989284058112.000000 0.142255783 -0.858017325 -0.176566869 -0.567159176 -0.600628018 -0.377159745 0.418720752
1403715989784058112.000000 0.231931701 -0.819285512 -0.178853571 -0.557566464 -0.594205678 -0.393095732 0.426045924
1403715990134057984.000000 0.280675590 -0.796636879 -0.209572241 -0.549973845 -0.599571049 -0.398494989 0.423373401
1403715990584058112.000000 0.297600985 -0.798421204 -0.297621369 -0.548452675 -0.608758152 -0.395031184 0.415407658
1403715991034057984.000000 0.230338931 -0.789326608 -0.430056632 -0.550978720 -0.617104173 -0.388942927 0.405374438
1403715991434057984.000000 0.197235197 -0.780635774 -0.440812796 -0.547466576 -0.608377635 -0.393415272 0.418785751
1403715991834057984.000000 0.197413310 -0.783567786 -0.444099784 -0.548885107 -0.607053339 -0.391513437 0.420628905
1403715992334057984.000000 0.196722060 -0.785750747 -0.444104046 -0.548848212 -0.607217371 -0.391591340 0.420367569
1403715992834057984.000000 0.196146518 -0.787329137 -0.443125784 -0.549115360 -0.606970429 -0.391470194 0.420488238
1403715993334057984.000000 0.196182042 -0.787871480 -0.442930609 -0.549234331 -0.606982470 -0.391229987 0.420538962
1403715993834057984.000000 0.196918458 -0.785901964 -0.443515301 -0.549216270 -0.606605530 -0.391360372 0.420985073
