1403638538777829376.000000 25.637657166 0.118909016 -21.414892197 -0.579708278 -0.605840802 -0.374933243 0.395373702
1403638539027829504.000000 25.635734558 0.129591450 -21.414230347 -0.574443996 -0.600197792 -0.383021951 0.403820544
1403638539277829376.000000 25.632589340 0.149157733 -21.388116837 -0.566797674 -0.590347826 -0.394348562 0.417994052
1403638539777829376.000000 25.626945496 0.195080817 -21.254638672 -0.566649795 -0.598113835 -0.387589842 0.413451463
1403638540027829504.000000 25.621475220 0.229309544 -21.232254028 -0.572675288 -0.606229186 -0.375860244 0.404052466
1403638542927829504.000000 24.349233627 1.304368734 -20.881196976 -0.293007433 -0.765904367 -0.220160589 0.528267324
1403638543077829376.000000 24.229309082 1.304002881 -20.835262299 -0.299802423 -0.767354965 -0.212093160 0.525643766
1403638543477829376.000000 23.897745132 1.299733758 -20.764444351 -0.301442921 -0.767780423 -0.208294034 0.525603533
1403638545177829376.000000 22.284620285 1.262216091 -20.552585602 -0.176373541 -0.802855432 -0.118627876 0.556994557
1403638545627829504.000000 21.868442535 1.265159965 -20.606750488 -0.161576882 -0.805049658 -0.106322274 0.560788393
1403638546027829504.000000 21.505199432 1.258384466 -20.577188492 -0.078570589 -0.821067929 -0.059205618 0.562289059
1403638546327829504.000000 21.232757568 1.248195410 -20.547468185 -0.042295333 -0.824488223 -0.034620866 0.563233376
1403638546627829504.000000 20.951799393 1.229717612 -20.561075211 -0.033004463 -0.825541914 -0.023838747 0.562870264
1403638546777829376.000000 20.806982040 1.217073441 -20.550828934 -0.021809101 -0.825718760 -0.018772203 0.563347638
1403638547677829376.000000 19.874711990 1.039314747 -20.534679413 -0.015523407 -0.827674627 -0.013095721 0.560840607
1403638547827829504.000000 19.708673477 0.991197884 -20.560724258 -0.012104778 -0.827773213 -0.020250130 0.560566604
1403638548677829376.000000 18.706962585 0.618308723 -20.546854019 0.056012366 -0.826963723 0.034294836 0.558406174
1403638549127829504.000000 18.140005112 0.391438127 -20.458776474 0.066020571 -0.826285779 0.043814059 0.557649910
1403638549277829376.000000 17.948087692 0.313712627 -20.402833939 0.064785071 -0.825689197 0.044619247 0.558613718
1403638550027829504.000000 16.954658508 -0.055417895 -20.122478485 0.056147266 -0.824859083 0.048768423 0.560425401
1403638550477829376.000000 16.326967239 -0.244613737 -19.849847794 0.056147780 -0.824693918 0.052460391 0.560335100
1403638550627829504.000000 16.115423203 -0.300430596 -19.772930145 0.052912824 -0.822322249 0.057596881 0.563621223
1403638550927829504.000000 15.698345184 -0.387910336 -19.646160126 0.050005611 -0.809858024 0.060306307 0.581371427
1403638551227829504.000000 15.320059776 -0.440514535 -19.541427612 0.045662206 -0.802200973 0.067169420 0.591503799
1403638553877829376.000000 14.049588203 1.341051102 -18.938596725 -0.052064583 -0.791195154 -0.038810745 0.608106256
1403638554977829376.000000 14.789628029 2.209539175 -18.734041214 -0.064570740 -0.813413978 -0.021937450 0.577673972
1403638557327829504.000000 16.048370361 4.277729034 -18.455730438 -0.113504432 -0.813698173 -0.045419127 0.568286180
1403638560027829504.000000 15.691394806 7.305437565 -18.199228287 -0.109385692 -0.814652860 -0.075728193 0.564482808
1403638561877829376.000000 15.535800934 8.770069122 -18.530282974 -0.373618424 -0.721264601 -0.262445807 0.520873308
1403638563777829376.000000 16.677392960 9.285548210 -18.685056686 -0.567715466 -0.567536294 -0.384690106 0.455648243
1403638564227829504.000000 17.189289093 9.172971725 -18.673997879 -0.557556272 -0.574172497 -0.377087653 0.466113716
1403638564527829504.000000 17.595283508 9.041511536 -18.655412674 -0.545896828 -0.580022573 -0.380675524 0.469741046
1403638566627829504.000000 21.398973465 7.144671440 -19.501129150 -0.550288618 -0.599529207 -0.383480072 0.436680824
1403638567177829376.000000 22.303804398 6.598208904 -19.968030930 -0.547760546 -0.613306761 -0.375266999 0.427770913
1403638567527829504.000000 22.818958282 6.318080902 -20.293176651 -0.541515648 -0.607490718 -0.389582336 0.431209415
1403638569527829504.000000 24.514636993 5.315706253 -21.007038116 -0.550577998 -0.620292723 -0.389616013 0.400375187
1403638572427829504.000000 25.803884506 4.679418087 -21.514074326 -0.762432396 -0.327937126 -0.497014821 0.253239900
1403638573577829376.000000 27.269321442 4.266086102 -21.434864044 -0.774659991 -0.322629988 -0.503924131 0.204627410
1403638573777829376.000000 27.548650742 4.273764133 -21.378156662 -0.775533557 -0.317484945 -0.509359360 0.195714340
1403638573927829504.000000 27.759910583 4.294720650 -21.336566925 -0.772774518 -0.297129273 -0.528873801 0.186618060
1403638574077829376.000000 27.967119217 4.323486805 -21.309621811 -0.776810110 -0.255733132 -0.543852210 0.188126072
1403638574427829504.000000 28.427532196 4.357718945 -21.290136337 -0.795348763 -0.161274210 -0.562915683 0.156642392
1403638574777829376.000000 28.860877991 4.324265480 -21.263240814 -0.805761278 -0.122258566 -0.569977283 0.104534775
1403638575077829376.000000 29.214664459 4.280259609 -21.221061707 -0.817674935 -0.116351470 -0.555103183 0.098643877
1403638575427829504.000000 29.631834030 4.215606213 -21.228521347 -0.821960270 -0.115318157 -0.546693981 0.110493749
1403638575677829376.000000 29.950109482 4.153702259 -21.246383667 -0.823988497 -0.132222086 -0.541827500 0.099916421
1403638576377829376.000000 30.957725525 4.061810017 -21.075727463 -0.821348071 -0.149991140 -0.543845534 0.084392279
1403638576677829376.000000 31.426689148 4.092607975 -21.022304535 -0.820585430 -0.161303952 -0.544234276 0.066555284
1403638576877829376.000000 31.740356445 4.153133392 -21.007329941 -0.811572373 -0.159093618 -0.557720125 0.070623606
1403638577327829504.000000 32.408679962 4.365122318 -20.981391907 -0.808551371 -0.147078648 -0.563154638 0.086425982
1403638577677829376.000000 32.889217377 4.578902721 -20.904447556 -0.809516609 -0.151779249 -0.561285436 0.081268907
1403638577877829376.000000 33.147495270 4.721338272 -20.891979218 -0.810353577 -0.150666013 -0.559896410 0.084516287
1403638578677829376.000000 34.134639740 5.370997429 -20.805839539 -0.809242487 -0.136896625 -0.561297596 0.106446773
1403638578827829504.000000 34.309368134 5.481165409 -20.808151245 -0.808552563 -0.143941015 -0.562392294 0.096118063
1403638579027829504.000000 34.534408569 5.631103516 -20.810886383 -0.806446075 -0.148953214 -0.565085948 0.090197943
1403638579377829376.000000 34.908119202 5.916547298 -20.745086670 -0.806981862 -0.143824294 -0.563839555 0.100895137
1403638579827829504.000000 35.349075317 6.278491497 -20.702926636 -0.785559118 -0.179941237 -0.576768875 0.133624956
1403638582777829376.000000 36.388587952 7.505369663 -20.575099945 -0.684712112 -0.433783799 -0.500862122 0.303542554
1403638585427829504.000000 35.206581116 7.702205658 -20.029352188 -0.689218342 -0.431445122 -0.496254742 0.304244161
1403638586327829504.000000 34.511188507 7.624135017 -19.867406845 -0.692978919 -0.431221902 -0.493354380 0.300714910
1403638586777829376.000000 34.167560577 7.618941307 -19.852638245 -0.688228130 -0.431496263 -0.500848532 0.298837602
1403638587177829376.000000 33.832561493 7.597008228 -19.918485641 -0.688780129 -0.430803776 -0.499031335 0.301592112
1403638589927829504.000000 31.320438385 7.206777573 -20.138837814 -0.693952262 -0.428267926 -0.493951291 0.301710039
1403638591527829504.000000 29.959131241 6.865294456 -20.218917847 -0.721662402 -0.435146302 -0.457065970 0.284502596
1403638592177829376.000000 29.670551300 7.012238979 -20.261516571 -0.712114334 -0.429200143 -0.468472064 0.298687696
1403638592877829376.000000 29.573751450 7.290498734 -19.979997635 -0.675814629 -0.488082349 -0.437154233 0.337559640
1403638593227829504.000000 29.599769592 7.453174591 -19.852144241 -0.669749379 -0.492732137 -0.439980119 0.339217365
1403638593927829504.000000 29.664829254 7.851062298 -19.602342606 -0.639203966 -0.479264468 -0.483993798 0.357034862
1403638595527829504.000000 29.381626129 8.101888657 -19.145088196 -0.643252075 -0.499394327 -0.456010818 0.359007359
1403638596227829504.000000 29.196331024 8.045401573 -19.183469772 -0.627428889 -0.518989384 -0.477246284 0.330483168
1403638597077829376.000000 28.368679047 8.021034241 -19.017099380 -0.598737359 -0.541465402 -0.510222137 0.296651721
1403638597377829376.000000 27.796617508 8.043735504 -18.957744598 -0.600698590 -0.531706393 -0.512245059 0.306683272
1403638597527829504.000000 27.460733414 8.054101944 -18.947704315 -0.606115639 -0.519626379 -0.507285416 0.324459434
1403638597827829504.000000 26.731229782 8.054866791 -18.959533691 -0.603929579 -0.519674301 -0.506142616 0.330193043
1403638597977829376.000000 26.339738846 8.043464661 -18.980051041 -0.594277263 -0.531868339 -0.507301748 0.326489776
1403638598277829376.000000 25.490217209 7.998792648 -18.992139816 -0.607992351 -0.525226831 -0.474596888 0.359499454
1403638598427829504.000000 25.055418015 7.964779854 -18.998344421 -0.614987552 -0.523021400 -0.462558806 0.366439998
1403638598577829376.000000 24.624069214 7.925134182 -19.018518448 -0.615988076 -0.526576400 -0.455574811 0.368412226
1403638598727829504.000000 24.198070526 7.882510185 -19.050699234 -0.607664049 -0.538090587 -0.449089766 0.373525679
1403638598877829376.000000 23.777286530 7.837377548 -19.075290680 -0.593763053 -0.552573919 -0.440522283 0.384769648
1403638599027829504.000000 23.362440109 7.788388729 -19.090150833 -0.577856541 -0.570492625 -0.428352416 0.396401525
1403638599177829376.000000 22.950603485 7.736060143 -19.089525223 -0.558681786 -0.589148879 -0.416679770 0.408847302
1403638599627829504.000000 21.741235733 7.552954197 -19.021709442 -0.519592762 -0.635794163 -0.379014850 0.426775008
1403638599777829376.000000 21.347389221 7.491490841 -19.015281677 -0.517727256 -0.638953328 -0.376020163 0.426973045
1403638600377829376.000000 19.845590591 7.320494652 -19.092082977 -0.558463752 -0.615458369 -0.334812790 0.444105566
1403638600727829504.000000 19.133401871 7.309450150 -19.106939316 -0.568809986 -0.613545775 -0.324685127 0.441130787
1403638600877829376.000000 18.878715515 7.334430218 -19.084274292 -0.566015840 -0.623379230 -0.327254564 0.428869218
1403638601027829504.000000 18.644998550 7.378283501 -19.064132690 -0.553583920 -0.637185574 -0.342804760 0.412340134
1403638601227829504.000000 18.344882965 7.465117455 -19.054475784 -0.540906847 -0.642409086 -0.358897835 0.407336265
1403638601577829376.000000 17.810287476 7.668543816 -19.039670944 -0.508696139 -0.645743132 -0.359900236 0.441266268
1403638601777829376.000000 17.500595093 7.789463043 -19.002077103 -0.470268428 -0.670775473 -0.343961596 0.458909988
1403638601927829504.000000 17.265249252 7.872934818 -18.957307816 -0.434142351 -0.692489505 -0.328139871 0.473606259
1403638602227829504.000000 16.793205261 8.021557808 -18.891630173 -0.386896372 -0.717342496 -0.307905734 0.490841120
1403638602677829376.000000 16.099466324 8.133250237 -18.779949188 -0.307901353 -0.694607854 -0.246552318 0.601605058
1403638602977829376.000000 15.803422928 8.072154045 -18.641681671 -0.261563987 -0.724212885 -0.196741298 0.606953800
1403638604727829504.000000 15.829623222 6.871694565 -18.553688049 -0.200996652 -0.785785139 -0.148377180 0.565797031
1403638605577829376.000000 16.126605988 6.017204285 -18.473222733 -0.184482232 -0.797694266 -0.170289412 0.548317254
1403638605927829504.000000 16.173162460 5.647979736 -18.444234848 -0.174885467 -0.796837330 -0.183643237 0.548398197
1403638606227829504.000000 16.166944504 5.260905266 -18.398748398 -0.171422035 -0.799131751 -0.192337111 0.543147802
1403638606427829504.000000 16.140935898 4.963575840 -18.406421661 -0.186575681 -0.804904044 -0.174956426 0.535452485
1403638606777829376.000000 16.038719177 4.429433823 -18.477792740 -0.195387229 -0.820065498 -0.134351730 0.520831943
1403638607177829376.000000 15.801217079 3.882874250 -18.547147751 -0.138754949 -0.829579115 -0.081183627 0.534747481
1403638607527829504.000000 15.526617050 3.483703375 -18.594154358 -0.117697038 -0.813734293 -0.062185004 0.565788686
1403638607927829504.000000 15.229040146 3.101171970 -18.730876923 -0.119999044 -0.813291907 -0.059216175 0.566259682
1403638608127829504.000000 15.087052345 2.939954519 -18.824220657 -0.122847274 -0.809716642 -0.061982833 0.570460975
1403638609077829376.000000 14.626626968 2.315937519 -19.395395279 -0.122256175 -0.805811882 -0.068397000 0.575363040
1403638609277829376.000000 14.579435349 2.209528923 -19.468194962 -0.127992362 -0.801651299 -0.059950508 0.580843389
1403638609727829504.000000 14.527514458 2.027830124 -19.717723846 -0.121978723 -0.805177689 -0.070646584 0.576037407
1403638610027829504.000000 14.518486023 1.938791037 -19.877929688 -0.123182222 -0.803361535 -0.069030352 0.578507781
1403638610527829504.000000 14.574267387 1.837239385 -20.104415894 -0.121275194 -0.792180717 -0.073322155 0.593604267
1403638610777829376.000000 14.659508705 1.796621203 -20.244672775 -0.121125132 -0.788272440 -0.071699023 0.599011183
1403638611127829504.000000 14.841458321 1.755416512 -20.391832352 -0.121546336 -0.791911900 -0.065875858 0.594779193
1403638611527829504.000000 15.126882553 1.733598471 -20.551973343 -0.102603383 -0.796485484 -0.092345640 0.588689923
1403638611827829504.000000 15.379470825 1.689240336 -20.629489899 -0.113587685 -0.802745879 -0.080592796 0.579829037
1403638612177829376.000000 15.682764053 1.629899144 -20.742296219 -0.124571316 -0.805830359 -0.068830170 0.574788630
1403638612527829504.000000 15.980983734 1.599361777 -20.796840668 -0.123112828 -0.803546309 -0.075459808 0.577462077
1403638612877829376.000000 16.287160873 1.575670004 -20.902666092 -0.119731024 -0.800022423 -0.091197640 0.580785334
1403638613227829504.000000 16.602754593 1.523890853 -20.971399307 -0.126274616 -0.802285910 -0.086860366 0.576929271
1403638613677829376.000000 17.009613037 1.435692549 -20.997085571 -0.136179745 -0.796443641 -0.088784419 0.582451701
1403638613977829376.000000 17.301532745 1.371495962 -21.074787140 -0.160643339 -0.785562396 -0.103274330 0.588574469
1403638614377829376.000000 17.744909286 1.284730911 -21.202650070 -0.219345570 -0.781012118 -0.145225257 0.566407204
1403638614577829376.000000 17.975311279 1.236748934 -21.223499298 -0.238494068 -0.776992559 -0.151513398 0.562536120
1403638614777829376.000000 18.208633423 1.197209239 -21.213529587 -0.270131230 -0.770223677 -0.153331131 0.557022691
1403638614977829376.000000 18.453016281 1.172882915 -21.172044754 -0.311292648 -0.762338758 -0.167873293 0.541991651
1403638615127829504.000000 18.642131805 1.172193646 -21.128612518 -0.341996610 -0.749733210 -0.196374476 0.531390131
1403638615327829504.000000 18.900329590 1.187716484 -21.056985855 -0.379549533 -0.724269629 -0.247402161 0.519776702
1403638615527829504.000000 19.157268524 1.206637859 -21.002683640 -0.423397452 -0.696523726 -0.286460876 0.503517151
1403638615677829376.000000 19.345285416 1.219012022 -20.975072861 -0.447974652 -0.680181265 -0.305442870 0.493332356
1403638615877829376.000000 19.590444565 1.230047226 -20.923246384 -0.468244523 -0.666443944 -0.316409796 0.486296505
1403638616077829376.000000 19.836376190 1.235844970 -20.873771667 -0.488176584 -0.652487457 -0.329472572 0.476855963
1403638616277829376.000000 20.084648132 1.237176418 -20.870851517 -0.514188349 -0.633379996 -0.345157862 0.464010954
1403638616877829376.000000 20.831861496 1.235606670 -21.079879761 -0.586501241 -0.600951791 -0.347814679 0.417010963
1403638617227829504.000000 21.283174515 1.311259985 -21.158569336 -0.568343580 -0.606559575 -0.370314687 0.414654344
1403638617527829504.000000 21.656486511 1.423038840 -21.151288986 -0.566629946 -0.620042264 -0.361833096 0.404419363
1403638617877829376.000000 22.051332474 1.620422721 -21.052982330 -0.556401849 -0.624931872 -0.366580188 0.406812340
1403638618477829376.000000 22.618007660 2.077629328 -20.886358261 -0.550803840 -0.627242923 -0.364525467 0.412677377
1403638618727829504.000000 22.817407608 2.304385900 -20.845678329 -0.552444637 -0.624149442 -0.370639473 0.409717947
1403638618977829376.000000 22.994312286 2.550334215 -20.784324646 -0.558938205 -0.610143840 -0.383641928 0.410038441
1403638619377829376.000000 23.243144989 2.949414968 -20.757749557 -0.610641181 -0.546011627 -0.430228621 0.379331023
1403638622027829504.000000 24.899702072 4.396451473 -21.058500290 -0.623090446 -0.504083276 -0.467411429 0.373075038
1403638624227829504.000000 25.356224060 3.283059359 -21.006462097 -0.643199086 -0.498764306 -0.453518271 0.363111943
1403638624727829504.000000 25.387189865 2.802988052 -21.049489975 -0.636910379 -0.489184648 -0.463236868 0.374773562
1403638624977829376.000000 25.401428223 2.534590483 -21.053888321 -0.633256853 -0.508963168 -0.452540129 0.367627084
1403638625427829504.000000 25.423826218 2.044619083 -21.063611984 -0.631899297 -0.513527036 -0.439892411 0.378798038
1403638625827829504.000000 25.466875076 1.616929650 -21.028608322 -0.638085008 -0.518677592 -0.431323916 0.371188343
1403638626277829376.000000 25.548860550 1.171545148 -21.034774780 -0.639421105 -0.519124806 -0.432081312 0.367363334
1403638626727829504.000000 25.632274628 0.777934670 -21.104871750 -0.636113465 -0.525846899 -0.435696065 0.359184653
1403638626977829376.000000 25.665876389 0.596218824 -21.110900879 -0.640101671 -0.529724061 -0.428871989 0.354585886
1403638627327829504.000000 25.707786560 0.398023814 -21.122209549 -0.637767673 -0.531640649 -0.430227101 0.354281574
1403638627577829376.000000 25.733745575 0.292721868 -21.153011322 -0.635839581 -0.531808436 -0.433084577 0.354013681
1403638627827829504.000000 25.751998901 0.211345375 -21.189113617 -0.631482244 -0.528290093 -0.440807819 0.357530683
1403638628277829376.000000 25.755416870 0.101822779 -21.246887207 -0.634919167 -0.530703902 -0.438941866 0.350087374
1403638628477829376.000000 25.742662430 0.076129325 -21.259111404 -0.638135910 -0.525076628 -0.435351789 0.357135713
1403638628877829376.000000 25.720350266 0.040114217 -21.272056580 -0.636713505 -0.513884664 -0.438300103 0.372036964
1403638629277829376.000000 25.716073990 0.002980741 -21.302761078 -0.631833732 -0.522431374 -0.444866359 0.360479593
1403638629477829376.000000 25.705022812 -0.011315262 -21.306005478 -0.638137877 -0.527052343 -0.437032819 0.352133751
1403638629977829376.000000 25.683036804 0.006561626 -21.311134338 -0.636136234 -0.507084012 -0.442568600 0.377265990
1403638630377829376.000000 25.688014984 0.012076311 -21.412694931 -0.643785715 -0.530923903 -0.429269284 0.345525295
1403638630827829504.000000 25.684795380 0.044799648 -21.419628143 -0.641693294 -0.538703978 -0.423258513 0.344789714
1403638631327829504.000000 25.683069229 0.030803273 -21.416183472 -0.641403675 -0.540306509 -0.421331733 0.345180750
