1403715535612143104.000000 -0.605517507 0.722490430 0.108250968 -0.732086480 -0.408342034 -0.458344072 0.295341849
1403715537862142976.000000 0.424930423 1.956700683 0.111146942 -0.634795845 -0.472150654 -0.471397161 0.389734328
1403715540562142976.000000 -1.070026278 -0.434386641 0.026220864 -0.841742575 -0.160654411 -0.503796995 0.108849674
1403715542612143104.000000 1.140114069 -1.269329906 0.301877052 -0.739797354 -0.256359160 -0.593828440 0.185331315
1403715542862142976.000000 1.281364322 -1.193445086 0.312922835 -0.747861564 -0.279461175 -0.567236781 0.202106431
1403715543162142976.000000 1.388064384 -1.132783055 0.282674700 -0.753286898 -0.273454726 -0.554550648 0.224176422
1403715543662142976.000000 1.480983734 -1.151060343 0.204575390 -0.738472700 -0.268988132 -0.580410004 0.213137761
1403715545662142976.000000 -0.182134539 -1.447776198 -0.230305374 0.809549391 -0.106826842 0.577158630 0.010276814
1403715545812143104.000000 -0.356667548 -1.472793818 -0.222764954 0.810757816 -0.103754774 0.576066613 0.007347133
1403715547062142976.000000 -1.724651456 -1.786385298 -0.082163259 -0.766230524 -0.369911909 -0.476072431 0.222285643
1403715547212143104.000000 -1.846401334 -1.783738613 -0.062442586 -0.736701429 -0.426784754 -0.461179703 0.249878272
1403715547362142976.000000 -1.958733559 -1.756831646 -0.042792603 -0.705879390 -0.477599412 -0.445837349 0.273609787
1403715547512143104.000000 -2.067220449 -1.704114437 -0.029108485 -0.684174776 -0.518824697 -0.419413328 0.294649541
1403715547662142976.000000 -2.175863981 -1.620682716 -0.020060727 -0.655278862 -0.561302543 -0.395219356 0.315199494
1403715547812143104.000000 -2.286310196 -1.503794312 -0.011194263 -0.621206164 -0.601452589 -0.374102622 0.335268438
1403715547962142976.000000 -2.401212215 -1.353062034 -0.001630113 -0.585077643 -0.629643083 -0.358999103 0.363804281
1403715548112143104.000000 -2.521444798 -1.175284982 0.009452466 -0.552357256 -0.635776162 -0.362349361 0.399240673
1403715548262142976.000000 -2.645775080 -0.986323833 0.016507264 -0.529735744 -0.635647953 -0.374899507 0.418069482
1403715549762142976.000000 -4.018577099 0.667791724 -0.221960291 -0.546994388 -0.601869166 -0.330348521 0.478978723
1403715549912143104.000000 -4.087933064 0.785198092 -0.236526966 -0.572024703 -0.575741947 -0.337599784 0.476797014
1403715550062142976.000000 -4.119740009 0.899475038 -0.246643156 -0.610733688 -0.539589643 -0.343236506 0.466943413
1403715550212143104.000000 -4.105238914 1.008063793 -0.244913280 -0.642830193 -0.512631238 -0.370072126 0.432464123
1403715550362142976.000000 -4.050130367 1.111321688 -0.212255225 -0.669137836 -0.486391813 -0.399011284 0.395559937
1403715550562142976.000000 -3.931075096 1.243345737 -0.142168745 -0.696442366 -0.443731010 -0.443667769 0.348180562
1403715550762142976.000000 -3.785858154 1.366489410 -0.108289480 -0.732169509 -0.379883736 -0.466321945 0.319624901
1403715551262142976.000000 -3.272592306 1.567624927 -0.119311310 -0.795087337 -0.217902765 -0.513346612 0.238390163
1403715551462142976.000000 -2.998067617 1.573924780 -0.076593414 -0.810519814 -0.144166812 -0.528592467 0.207035437
1403715551612143104.000000 -2.775459766 1.542770505 -0.044518344 -0.813335180 -0.098300911 -0.548276901 0.167974383
1403715551762142976.000000 -2.547803879 1.479622960 -0.009621989 -0.805221736 -0.058583755 -0.578011334 0.118696228
1403715551912143104.000000 -2.331535816 1.391826987 0.023915879 -0.790705442 -0.009933736 -0.606331527 0.083954260
1403715552062142976.000000 -2.139605761 1.282279253 0.055177286 0.781811118 -0.028058361 0.621949613 -0.034098528
1403715552312143104.000000 -1.893066049 1.077593446 0.097649150 0.770261586 -0.090357542 0.629794836 0.043487649
1403715552462142976.000000 -1.792854309 0.955166757 0.118699141 0.758608162 -0.135573685 0.631032705 0.089057110
1403715554062142976.000000 -3.081052303 0.398998886 -0.003967920 0.580271423 -0.590618908 0.396798760 0.396238834
1403715554862142976.000000 -3.866634846 0.313307971 -0.220922932 0.677641034 -0.397870809 0.290176630 0.546167612
1403715556962142976.000000 -2.542601109 0.595854700 0.285127193 0.636930466 -0.534891665 0.414363563 0.369477093
1403715557412143104.000000 -2.768229008 0.391794145 0.223221868 0.647725523 -0.570798457 0.390212238 0.319961220
1403715558812143104.000000 -3.036238432 -1.103245854 0.331614047 0.588521898 -0.526334763 0.451173395 0.416000426
1403715559162142976.000000 -2.993025541 -1.338689685 0.318539053 0.632232249 -0.471115619 0.465890199 0.401595324
1403715561362142976.000000 -1.277392030 -0.968359828 0.152356893 0.822939932 -0.100259177 0.557172060 0.047721431
1403715561562142976.000000 -1.031326056 -0.901306033 0.156388059 0.821218550 -0.067061804 0.566203058 0.022737492
1403715564412143104.000000 -0.651865184 1.071223974 -0.052198824 -0.580365837 -0.543324172 -0.423587173 0.434221387
1403715566062142976.000000 -1.576805353 0.719675899 0.456897914 0.026161196 -0.796445668 0.016671358 0.603913963
1403715566312143104.000000 -1.565740347 0.584316134 0.530403376 0.149088278 -0.783606529 0.104088850 0.594053090
1403715566662142976.000000 -1.460809946 0.418061674 0.569899917 0.295500785 -0.736694038 0.210895553 0.570512235
1403715566862142976.000000 -1.352587819 0.341848731 0.551734149 0.376785487 -0.699360847 0.271011472 0.543580592
1403715567012143104.000000 -1.247158408 0.298242003 0.542165101 0.439773113 -0.662100136 0.322497696 0.514021814
1403715567162142976.000000 -1.125195146 0.271095991 0.532097816 0.503601909 -0.620598555 0.377668649 0.467556477
1403715567912143104.000000 -0.465088367 0.311709166 0.324469805 0.762450337 -0.282658190 0.539750695 0.217814386
1403715568112143104.000000 -0.289069682 0.363642454 0.245279104 0.785775006 -0.178894758 0.570441663 0.158589840
1403715568312143104.000000 -0.128050685 0.446930945 0.174581513 0.796609163 -0.084548295 0.591614783 0.090870611
1403715570612143104.000000 -0.375929356 1.805344462 -0.038803466 -0.471710533 -0.631341219 -0.389103264 0.476965606
1403715572162142976.000000 -1.334460139 1.272868872 -0.352130771 -0.352379382 -0.809508920 -0.101541437 0.458490372
1403715572312143104.000000 -1.408879638 1.381983995 -0.381602436 -0.287837178 -0.815100312 -0.162610263 0.475730181
1403715572912143104.000000 -1.900580049 1.733049393 -0.500979602 -0.105946697 -0.807885349 -0.121919416 0.566773593
1403715574012143104.000000 -2.761983633 1.735801458 -0.281531900 0.194498911 -0.821390927 0.120148920 0.522543311
1403715574162142976.000000 -2.892530680 1.719316125 -0.250727922 0.247110903 -0.811123192 0.158167928 0.505962789
1403715574312143104.000000 -3.037963867 1.690366507 -0.214598179 0.304209530 -0.779769421 0.188969508 0.513523877
1403715574962142976.000000 -3.555883169 1.384969592 -0.117615260 0.409943134 -0.721540213 0.247929230 0.499857575
1403715575262142976.000000 -3.700943470 1.153559923 -0.058049686 0.391983539 -0.693696976 0.270372063 0.540400147
1403715575562142976.000000 -3.770513058 0.944200099 -0.005377416 0.389659107 -0.709609985 0.237788782 0.536727011
1403715575712143104.000000 -3.770905495 0.839152396 0.031179018 0.394531846 -0.698449194 0.211874112 0.558231831
1403715575862142976.000000 -3.736743927 0.723805845 0.064924285 0.392760515 -0.700926006 0.200363994 0.560621321
1403715576612143104.000000 -3.214854717 0.083082348 0.209994286 0.345104992 -0.693869829 0.262056231 0.575129390
1403715576762142976.000000 -3.057825327 -0.011229824 0.243194163 0.339470267 -0.697305620 0.252325177 0.578668237
1403715578712143104.000000 -0.843800128 -0.148733199 -0.119023591 0.103095010 -0.866899133 0.066958636 0.483087957
1403715578812143104.000000 -0.819291949 -0.105190113 -0.166621715 0.094845898 -0.877728701 0.049992431 0.467008978
1403715578962142976.000000 -0.829517782 -0.056975957 -0.228228882 0.091931671 -0.873392582 0.031897519 0.477196574
1403715579112143104.000000 -0.891171873 -0.035234366 -0.268321931 0.111949973 -0.848576844 -0.000390580 0.517092347
1403715579262142976.000000 -0.978203595 -0.054798495 -0.280124843 0.136247277 -0.817220747 -0.031686619 0.559091091
1403715581162142976.000000 -1.635735869 -2.195789814 -0.331892371 -0.162872419 -0.831125140 0.025767349 0.531074166
1403715581312143104.000000 -1.677766442 -2.211209536 -0.320624352 -0.148768350 -0.829019904 0.004496711 0.539048910
1403715583762142976.000000 -2.683567524 -2.478700876 -0.502348661 0.087145887 -0.709203243 0.103721328 0.691865802
1403715583862142976.000000 -2.666222572 -2.495334625 -0.522327602 -0.087905459 0.688374281 -0.107138366 -0.711993575
1403715583962142976.000000 -2.606874466 -2.498125076 -0.527420104 -0.085421339 0.687009096 -0.114975549 -0.712391973
1403715586212143104.000000 -0.886228442 -1.602573872 -0.261065751 0.092190586 -0.813054860 0.116286330 0.562956631
1403715586562142976.000000 -0.965204656 -1.594823837 -0.249623954 0.127852485 -0.778323174 0.066462845 0.611105204
1403715587062142976.000000 -0.892754912 -1.617490053 -0.244888544 0.106357008 -0.818989933 0.083221607 0.557689905
1403715587462142976.000000 -0.811591208 -1.645375013 -0.194389462 0.107506916 -0.799211264 0.095801055 0.583545923
1403715587912143104.000000 -0.691134274 -1.586744070 -0.126825184 0.013877312 -0.818017483 0.079710029 0.569474459
1403715588312143104.000000 -0.573489726 -1.377006531 -0.123835385 -0.099923387 -0.785977840 -0.046057079 0.608385563
1403715588412143104.000000 -0.527451038 -1.320131660 -0.162392005 -0.131550759 -0.779271483 -0.069989219 0.608713329
1403715588562142976.000000 -0.438585997 -1.235584974 -0.219354823 -0.175020650 -0.771522760 -0.102793396 0.602954328
1403715588712143104.000000 -0.328918904 -1.152400970 -0.275439322 -0.217676163 -0.772498429 -0.129146442 0.582395494
1403715588862142976.000000 -0.205650777 -1.069972157 -0.333504379 -0.257414103 -0.782725096 -0.156827122 0.544504106
1403715589012143104.000000 -0.086015850 -0.983296216 -0.393130302 -0.295725644 -0.795529187 -0.182466328 0.496372640
1403715589162142976.000000 0.009849720 -0.885205984 -0.435404271 -0.331938773 -0.793982029 -0.202367783 0.467393190
1403715589362142976.000000 0.083593644 -0.723544776 -0.441925347 -0.371442556 -0.784719288 -0.223464847 0.443068445
1403715589512143104.000000 0.100295059 -0.575002015 -0.422941744 -0.402826816 -0.777452826 -0.232662305 0.423280090
1403715589662142976.000000 0.081422590 -0.394687444 -0.391755253 -0.420419604 -0.771775663 -0.242106915 0.411088705
1403715590512143104.000000 -0.476962060 0.866779029 0.039099980 -0.327267647 -0.754589081 -0.289543062 0.489546895
1403715591362142976.000000 -1.549379468 1.649299860 0.344378769 -0.040373478 -0.832194686 -0.087257832 0.546084464
1403715591562142976.000000 -1.842386484 1.742054343 0.393078625 0.041350350 -0.835489571 -0.038025059 0.546627462
1403715591912143104.000000 -2.375169277 1.797876477 0.369326323 0.159524024 -0.819035590 0.043135189 0.549429059
1403715592062142976.000000 -2.601386309 1.781394839 0.312483907 0.216071472 -0.805317819 0.060106531 0.548783720
1403715592262142976.000000 -2.883814096 1.701943994 0.236382365 0.288760900 -0.772188485 0.096517578 0.557697654
1403715592412143104.000000 -3.064542294 1.594237566 0.212913856 0.342768133 -0.745025218 0.126758590 0.558014095
1403715592562142976.000000 -3.207619429 1.450564742 0.207599014 0.395670742 -0.717670262 0.154118493 0.551943362
1403715592712143104.000000 -3.308608294 1.275966167 0.202266961 0.447251737 -0.685559630 0.180666775 0.545282900
1403715592912143104.000000 -3.366368055 1.000929117 0.195188820 0.489052773 -0.665417671 0.254961461 0.503032267
1403715593112143104.000000 -3.366974115 0.701745450 0.187101573 0.517898083 -0.643496573 0.342227578 0.447854936
1403715593562142976.000000 -3.321074009 0.046027109 0.162261486 0.641038835 -0.512601554 0.406602532 0.401227117
1403715593962142976.000000 -3.137441397 -0.454128861 0.154803127 0.706837773 -0.384753287 0.481848001 0.346652180
1403715594162142976.000000 -2.992236853 -0.635326207 0.146506846 0.747625530 -0.331034988 0.497810572 0.289234579
1403715594412143104.000000 -2.772258282 -0.808516264 0.143945783 0.780661941 -0.257520318 0.518592060 0.235185996
1403715594812143104.000000 -2.332486153 -0.952389061 0.140654460 0.834203660 -0.119990818 0.521189928 0.134415641
1403715595012143104.000000 -2.063260078 -0.969030201 0.132770002 0.850915432 -0.063544095 0.517832994 0.061270814
1403715595812143104.000000 -0.728253245 -0.962434292 0.098143943 -0.747182965 -0.253414482 -0.605696440 0.103104889
1403715597562142976.000000 -0.615194023 0.323873401 0.523905277 -0.682099342 -0.447763622 -0.462724060 0.346604526
1403715597812143104.000000 -0.515093386 0.727223456 0.561649442 -0.643548489 -0.494609624 -0.448978692 0.373663962
1403715598412143104.000000 -0.262645066 1.505547643 0.574012160 -0.580840707 -0.490193635 -0.491907179 0.424690098
1403715598612143104.000000 -0.198242992 1.643955946 0.541966736 -0.568049371 -0.466318727 -0.508967400 0.448128343
1403715600212143104.000000 0.203045726 1.132328153 -0.062621549 -0.604682624 -0.547602355 -0.462640882 0.347064912
1403715600462142976.000000 0.234241337 0.985675514 -0.167741567 -0.557978690 -0.607155859 -0.440406680 0.355054379
1403715600662142976.000000 0.191279307 0.884570718 -0.248532116 -0.540062189 -0.646355927 -0.366426885 0.395333141
1403715600912143104.000000 0.093778513 0.800306320 -0.284334332 -0.474180996 -0.693165064 -0.317929268 0.439995080
1403715601162142976.000000 -0.035258710 0.757744908 -0.237244844 -0.420651823 -0.717653036 -0.299023837 0.467558563
1403715601362142976.000000 -0.157979399 0.736858547 -0.152370140 -0.398153663 -0.725971222 -0.304476708 0.470885783
1403715601812143104.000000 -0.518173873 0.682995558 0.010499071 -0.398829937 -0.716797352 -0.295119643 0.489939421
1403715602262142976.000000 -0.910903156 0.581640720 0.129396588 -0.435745507 -0.648337245 -0.346902907 0.519079089
1403715602662142976.000000 -1.188404322 0.363371640 0.175072208 -0.523989022 -0.626697659 -0.377058029 0.436477810
1403715603062142976.000000 -1.462646127 0.131401971 0.078325287 -0.592357755 -0.571341395 -0.421891659 0.380379766
1403715603462142976.000000 -1.778399587 -0.064340435 -0.093944103 -0.649534643 -0.517852247 -0.441081852 0.339677334
1403715603862142976.000000 -2.091499805 -0.187851876 -0.204998136 -0.680471897 -0.469245702 -0.423195928 0.371041268
1403715604262142976.000000 -2.241576195 -0.252743751 -0.216636330 -0.678054631 -0.496754915 -0.426889509 0.333529502
1403715604712143104.000000 -2.316658258 -0.204466790 -0.253532231 -0.660445571 -0.491411686 -0.454026222 0.340861410
1403715605062142976.000000 -2.376882792 -0.132310003 -0.280431330 -0.660420120 -0.495079190 -0.452808529 0.337203711
1403715605412143104.000000 -2.443842173 -0.039043520 -0.278538674 -0.656754971 -0.489464909 -0.450892687 0.354672760
1403715605862142976.000000 -2.500485659 0.083764993 -0.353654087 -0.652106047 -0.497654885 -0.450661272 0.352138937
1403715606312143104.000000 -2.544183969 0.208244652 -0.453277797 -0.647063076 -0.499516696 -0.449795932 0.359827936
1403715606712143104.000000 -2.584506035 0.308568865 -0.481317908 -0.647593260 -0.493501812 -0.437836766 0.381284565
1403715607162142976.000000 -2.576030970 0.368701816 -0.539491117 -0.630465090 -0.507869601 -0.455289513 0.370531708
1403715607562142976.000000 -2.586890697 0.372281462 -0.578455031 -0.631450117 -0.511430323 -0.454820931 0.364482701
1403715607962142976.000000 -2.634446383 0.355174422 -0.605947256 -0.630440891 -0.513371110 -0.457242787 0.360449135
1403715608362142976.000000 -2.632385731 0.355706513 -0.609709740 -0.633104682 -0.515804887 -0.452391416 0.358421415
1403715608612143104.000000 -2.632425785 0.355659813 -0.610523045 -0.633088589 -0.515606999 -0.452577442 0.358499497
1403715608962142976.000000 -2.633165836 0.354061544 -0.611583352 -0.633031845 -0.515297890 -0.452735245 0.358844727
1403715609262142976.000000 -2.633657217 0.351751387 -0.610726178 -0.633259118 -0.515166283 -0.452520251 0.358904064
