1413394887055760384.000000 0.885446131 -0.583683848 -0.403212905 -0.555655479 -0.588683069 -0.395677805 0.433749288
1413394888955760384.000000 0.606458664 -0.280306488 0.044574734 -0.567504048 -0.584389925 -0.387441993 0.431643784
1413394889455760384.000000 0.514367223 -0.097798467 0.114271037 -0.511995912 -0.537375033 -0.456469715 0.490636081
1413394890755760384.000000 0.450075299 0.028471371 0.148316711 -0.518367708 -0.524842858 -0.453235656 0.500412285
1413394891455760384.000000 0.598851621 0.035721291 0.082335271 -0.593912840 -0.633043170 -0.345590681 0.356498152
1413394891855760384.000000 0.618461788 0.364964306 0.109878570 -0.549073160 -0.601701736 -0.407937407 0.412384242
1413394892255760384.000000 0.552402020 0.644666135 0.235683233 -0.494363338 -0.593694985 -0.431876957 0.465417445
1413394892405760512.000000 0.504536629 0.697410643 0.264720678 -0.470313728 -0.614391983 -0.410500139 0.482511371
1413394892605760512.000000 0.431739151 0.720955014 0.261338234 -0.432746232 -0.651189625 -0.366440028 0.504385233
1413394892955760384.000000 0.293005109 0.659198880 0.283897638 -0.352377057 -0.734106302 -0.259654045 0.519132257
1413394893305760512.000000 0.134166121 0.564959824 0.336893916 -0.258571118 -0.785257638 -0.198562711 0.526388109
1413394893855760384.000000 -0.208540216 0.347352386 0.377696961 -0.184050545 -0.771411121 -0.245341614 0.557546139
1413394894905760512.000000 -0.821449399 -0.922727883 0.128824711 -0.075014830 -0.802018464 -0.053409152 0.590158224
1413394897805760512.000000 -1.163668036 -1.317316175 -0.057730310 -0.086569481 -0.798192978 -0.062121190 0.592903674
1413394899005760512.000000 -0.686707854 0.076379672 0.270800978 0.066832885 -0.827214539 -0.091014363 0.550423324
1413394901805760512.000000 -0.452018023 -2.876742125 0.376831174 0.522921145 -0.587065458 0.408717185 0.463527560
1413394902605760512.000000 0.418853730 -3.089026451 0.340786189 0.637874842 -0.428901672 0.541539133 0.340432882
1413394902705760512.000000 0.522038579 -3.055831194 0.332917303 0.635249972 -0.442356139 0.555013061 0.304530948
1413394904005760512.000000 0.680978775 -2.804974318 0.184458986 0.626035988 -0.519720674 0.432128340 0.388888866
1413394904255760384.000000 0.644506037 -2.800601482 0.178490326 0.588241398 -0.589594901 0.407365561 0.374704331
1413394904405760512.000000 0.617140174 -2.814371586 0.149066478 0.559300780 -0.633218408 0.372590780 0.383918315
1413394904555760384.000000 0.578718185 -2.846507788 0.112229019 0.518489480 -0.663385630 0.340598851 0.418426305
1413394905055760384.000000 0.439511359 -3.027345657 0.061137322 0.329906762 -0.708480477 0.273675531 0.560641289
1413394905705760512.000000 0.302285433 -3.078927040 0.065419137 0.257776111 -0.836929083 0.152489901 0.458091706
1413394907555760384.000000 0.151394576 -2.686060190 0.225456446 0.028665850 -0.870272338 0.143558890 0.470314056
1413394907655760384.000000 0.199760139 -2.617808342 0.206921861 0.007319410 -0.887550592 0.135415703 0.440298766
1413394907755760384.000000 0.211392224 -2.533582926 0.193401501 0.015148034 -0.878912210 0.093226612 0.467539042
1413394908355760384.000000 0.204466939 -2.079006672 -0.017560327 0.066210203 -0.851701677 0.008456971 0.519758701
1413394908505760512.000000 0.189805061 -2.011675119 -0.057686299 0.058455020 -0.882406890 0.025408981 0.466149658
1413394908655760384.000000 0.109870769 -1.962741852 -0.044450127 0.070340499 -0.854899287 0.027541604 0.513265014
1413394908955760384.000000 -0.060333289 -1.909042239 0.084329382 0.081370719 -0.727549374 0.047492813 0.679555118
1413394911405760512.000000 0.277173012 -0.812590480 0.304103255 -0.020792978 -0.866948664 -0.020111686 0.497557282
1413394912255760384.000000 0.398503840 -0.564107180 0.127989471 -0.062161438 -0.846632540 -0.059464753 0.525179207
1413394912405760512.000000 0.422784388 -0.556632340 0.142265886 -0.091197848 -0.857994795 -0.074669100 0.499952495
1413394912655760384.000000 0.368541420 -0.540786624 0.191561922 -0.163205922 -0.820570946 -0.093448870 0.539717078
1413394913105760512.000000 0.188763499 -0.466953337 0.294763386 -0.209335044 -0.787071228 -0.150173396 0.560486913
1413394915155760384.000000 -0.596924782 -1.621120930 0.169321239 0.359791934 -0.722845554 0.206866920 0.552494645
1413394915305760512.000000 -0.590956450 -1.793995142 0.135327280 0.411046714 -0.695271134 0.215606973 0.548773408
1413394915505760512.000000 -0.522124171 -2.042876720 0.103534967 0.467094868 -0.654162228 0.245794952 0.541737139
1413394915655760384.000000 -0.417760432 -2.238801479 0.087727524 0.486683249 -0.627661884 0.313507140 0.520474076
1413394915805760512.000000 -0.279982865 -2.422446966 0.075451717 0.507063687 -0.594254494 0.386489689 0.490279406
1413394915955760384.000000 -0.127393812 -2.575459003 0.072402783 0.534725428 -0.547010422 0.437497735 0.472698569
1413394916105760512.000000 0.027705520 -2.687519550 0.072963476 0.561239004 -0.512519002 0.471941680 0.446773112
1413394916255760384.000000 0.182080477 -2.757010937 0.074901238 0.598972857 -0.499139577 0.475675017 0.407215476
1413394916405760512.000000 0.335095644 -2.799685240 0.078089900 0.632288635 -0.495120227 0.480383813 0.352559835
1413394916705760512.000000 0.588725269 -2.857722044 0.033795290 0.642663360 -0.473912925 0.559957445 0.220993280
1413394916855760384.000000 0.650644362 -2.891823292 -0.021159045 0.685811043 -0.422195792 0.562114835 0.188257575
1413394916955760384.000000 0.671406150 -2.926969528 -0.071584240 0.720542669 -0.382554412 0.551878572 0.172917649
1413394917055760384.000000 0.685434759 -2.978926420 -0.124554783 0.754065692 -0.329927534 0.540393531 0.174664184
1413394917255760384.000000 0.709494293 -3.099685907 -0.225372896 0.806716502 -0.233444482 0.519781113 0.156651750
1413394917355760384.000000 0.730115473 -3.163717031 -0.269578427 0.821061552 -0.197138667 0.516133249 0.143530011
1413394917555760384.000000 0.802838862 -3.294314623 -0.346312404 0.828344047 -0.152386814 0.522512555 0.132683933
1413394917755760384.000000 0.932506859 -3.419229269 -0.398946822 0.821666420 -0.125296369 0.535345197 0.150235608
1413394917955760384.000000 1.108803749 -3.497354269 -0.408307582 0.819355726 -0.091342852 0.537186682 0.178166375
1413394918455760384.000000 1.690211415 -3.437034130 -0.476389319 0.827675402 -0.099588074 0.552285969 0.003999379
1413394918555760384.000000 1.820701361 -3.428677082 -0.485296577 0.826080918 -0.084811151 0.556857526 -0.017522831
1413394918655760384.000000 1.953393817 -3.431473494 -0.491034180 0.826620042 -0.055043239 0.559578538 -0.023269996
1413394918955760384.000000 2.356346846 -3.481039047 -0.482203364 -0.805552542 -0.047490980 -0.590596437 0.005059221
1413394919055760384.000000 2.481921434 -3.488569021 -0.457284898 -0.793283880 -0.063733660 -0.605136216 0.021186423
1413394919155760384.000000 2.595518589 -3.490815878 -0.416410029 -0.782957256 -0.078260459 -0.615523875 0.044539127
1413394919255760384.000000 2.690025091 -3.483953953 -0.358929485 -0.772504985 -0.098539352 -0.623533189 0.068793178
1413394919355760384.000000 2.760954857 -3.464561939 -0.292479753 -0.759294271 -0.129625738 -0.632122695 0.084204294
1413394919455760384.000000 2.813815832 -3.444193125 -0.222183138 -0.746560276 -0.168700993 -0.637649417 0.087126084
1413394919555760384.000000 2.846777439 -3.419777393 -0.154827476 -0.748799980 -0.208355173 -0.622950375 0.088428721
1413394919655760384.000000 2.861079216 -3.389275074 -0.097583584 -0.762444019 -0.235791147 -0.592971325 0.107082039
1413394919755760384.000000 2.863923550 -3.351094007 -0.050728541 -0.776327729 -0.253099501 -0.560170770 0.139515862
1413394919855760384.000000 2.863031626 -3.305747032 -0.013085863 -0.787451088 -0.267981946 -0.527187288 0.173724458
1413394919955760384.000000 2.864643574 -3.254006863 0.016169034 -0.788350642 -0.292854607 -0.502538860 0.200484991
1413394920055760384.000000 2.871896505 -3.196557999 0.036247268 -0.781051278 -0.325726360 -0.483215839 0.224418670
1413394920155760384.000000 2.885800123 -3.133242369 0.044650387 -0.769420445 -0.361533344 -0.465326965 0.246488392
1413394920355760384.000000 2.948271751 -3.005481720 0.029412476 -0.728586435 -0.436231881 -0.451406062 0.274036735
1413394920455760384.000000 2.990542173 -2.933888435 0.016940139 -0.701290250 -0.467242181 -0.457540005 0.283785075
1413394920655760384.000000 3.071564674 -2.771178246 -0.000898086 -0.651760936 -0.515987694 -0.476820648 0.285668463
1413394920755760384.000000 3.098991871 -2.677892923 -0.004856832 -0.639425278 -0.529833853 -0.480948955 0.281246305
1413394921455760384.000000 3.043822050 -1.834259510 -0.206285313 -0.719479024 -0.419498593 -0.402646333 0.379798472
1413394921555760384.000000 3.059686661 -1.708566666 -0.270307302 -0.727084577 -0.416695029 -0.400442064 0.370620310
1413394921655760384.000000 3.095057487 -1.580838442 -0.332339674 -0.713173985 -0.432871133 -0.432065159 0.342527598
1413394921755760384.000000 3.142291784 -1.454391479 -0.392621845 -0.691960275 -0.449349165 -0.468472511 0.315927088
1413394921955760384.000000 3.227499485 -1.196581244 -0.497689396 -0.649795234 -0.455950856 -0.505220056 0.338567168
1413394922055760384.000000 3.259100676 -1.074846745 -0.536357999 -0.634316146 -0.457254618 -0.498659194 0.374032468
1413394922455760384.000000 3.352991819 -0.704471886 -0.520755410 -0.579809010 -0.576655746 -0.442023307 0.368653119
1413394922755760384.000000 3.366574287 -0.459306598 -0.360449016 -0.585554481 -0.585165322 -0.394866377 0.398482233
1413394922855760384.000000 3.368185759 -0.375799119 -0.304721117 -0.591042519 -0.588639021 -0.382645518 0.397184134
1413394922955760384.000000 3.371529341 -0.287764519 -0.248240754 -0.593561769 -0.591955900 -0.377553046 0.393352747
1413394923255760384.000000 3.387541294 0.020890389 -0.116959952 -0.581128120 -0.598021150 -0.399079382 0.381309092
1413394923455760384.000000 3.381591797 0.256071687 -0.036979876 -0.577858925 -0.598770916 -0.396856368 0.387372643
1413394923555760384.000000 3.368708849 0.379325747 0.001938600 -0.577624917 -0.609124660 -0.378140628 0.390289992
1413394924255760384.000000 3.125786304 1.333492875 0.088517472 -0.419963360 -0.702822685 -0.299080133 0.490124673
1413394924355760384.000000 3.070015192 1.460310936 0.089388520 -0.403568059 -0.713508844 -0.265948147 0.507256806
1413394924555760384.000000 2.964309216 1.710697651 0.099646345 -0.349725336 -0.737060487 -0.229826823 0.530672848
1413394924655760384.000000 2.914409637 1.832740068 0.108052738 -0.316067308 -0.752444386 -0.218213409 0.535081208
1413394924855760384.000000 2.809544325 2.072866678 0.135067895 -0.238102883 -0.771633446 -0.207391962 0.552157223
1413394925155760384.000000 2.647135258 2.353983402 0.192779094 -0.150450468 -0.785451531 -0.212214470 0.561600983
1413394925605760512.000000 2.341534615 2.455444574 0.238048375 -0.120093785 -0.807365179 -0.174274415 0.550788105
1413394925955760384.000000 2.027940750 2.356508255 0.191525310 -0.157665119 -0.803309917 -0.109397098 0.563797235
1413394926405760512.000000 1.587859869 2.177241564 0.155313551 -0.129470915 -0.820047498 -0.108794115 0.546738803
1413394926805760512.000000 1.107201219 1.994280219 0.144678071 -0.096175827 -0.818923712 0.001175134 0.565785110
1413394927055760384.000000 0.800545335 1.937357545 0.133778960 -0.048136901 -0.815687835 0.079331450 0.571001589
1413394927505760512.000000 0.269784212 1.996992826 0.110764638 0.044527285 -0.821104765 0.027216397 0.568386793
1413394927605760512.000000 0.146966234 2.018016100 0.138784200 0.042611159 -0.824127614 0.031661294 0.563910902
1413394928505760512.000000 -0.889668226 2.016734362 0.270855874 0.060734853 -0.791617393 0.025483459 0.607456863
1413394928905760512.000000 -1.200844288 1.925423026 0.292644024 0.049374074 -0.802078307 0.029679017 0.594433904
1413394929205760512.000000 -1.390715361 1.851696968 0.249725565 0.047713395 -0.790966034 0.030349972 0.609241486
1413394929605760512.000000 -1.528216481 1.750314236 0.212575331 0.030907243 -0.807449937 0.056137238 0.586445332
1413394930905760512.000000 -1.608745813 1.622302175 -0.084581062 0.039785992 -0.841023445 0.024179619 0.538991690
1413394931355760384.000000 -1.736032367 1.619477630 -0.100036159 0.040651586 -0.765571415 0.017528631 0.641825914
1413394931805760512.000000 -1.650195599 1.556415200 -0.007734094 0.076873779 -0.818461835 0.000113985 0.569394946
1413394933105760512.000000 -1.134053707 1.085918069 0.204539537 0.430436403 -0.698379219 0.304383010 0.484088719
1413394933505760512.000000 -0.896244109 1.055344582 0.115111008 0.499907911 -0.639082015 0.362176657 0.458796740
1413394933705760512.000000 -0.782078683 1.039465666 0.027033269 0.524823785 -0.605358183 0.393529773 0.450816751
1413394933905760512.000000 -0.671769142 1.039575458 -0.045311589 0.543195784 -0.579658628 0.416645944 0.441973180
1413394934155760384.000000 -0.531693161 1.064298868 -0.120279968 0.585563898 -0.553873658 0.430740446 0.405957580
1413394934255760384.000000 -0.474056095 1.073603630 -0.146834686 0.596482515 -0.531544089 0.449653983 0.399350524
1413394934355760384.000000 -0.417293400 1.087774038 -0.185461506 0.615012407 -0.512335658 0.461296767 0.382723570
1413394934455760384.000000 -0.365062177 1.110805869 -0.235594377 0.633816183 -0.500121832 0.470715612 0.355783701
1413394934855760384.000000 -0.180892706 1.190844893 -0.443091601 0.667671204 -0.461534351 0.485147148 0.325320423
1413394935055760384.000000 -0.101365775 1.226541519 -0.463512331 0.663529277 -0.457910776 0.493464559 0.326403737
1413394935505760512.000000 0.018339902 1.335154653 -0.493911952 0.631929636 -0.475013793 0.494076431 0.361822158
1413394935855760384.000000 0.073426686 1.485858679 -0.567521513 0.634170234 -0.490217090 0.471774906 0.367347062
1413394936005760512.000000 0.098134980 1.557756305 -0.571090639 0.637673497 -0.496270746 0.463543922 0.363613844
1413394936205760512.000000 0.138281882 1.657037735 -0.618447185 0.670997083 -0.491423160 0.447070181 0.329233140
1413394936405760512.000000 0.192149341 1.748255968 -0.678986967 0.700466990 -0.421356529 0.489257902 0.304025412
1413394936505760512.000000 0.213973716 1.808545232 -0.704349756 0.721387744 -0.371005267 0.510351300 0.285475880
1413394936605760512.000000 0.237938583 1.871954322 -0.724988878 0.744549453 -0.321011990 0.522890389 0.263026744
1413394936705760512.000000 0.263717055 1.939622521 -0.742267787 0.763928652 -0.284013063 0.531354845 0.231109872
1413394936805760512.000000 0.291911930 2.010257721 -0.754883170 0.778425574 -0.251514196 0.537851632 0.203739464
1413394936905760512.000000 0.322786629 2.084093809 -0.764080048 0.791158438 -0.221028939 0.540867507 0.180767387
1413394937355760384.000000 0.571417987 2.379595757 -0.805353701 0.832035124 -0.104834177 0.539551914 0.074907653
1413394937555760384.000000 0.725126147 2.495665789 -0.814349473 0.830485046 -0.090457119 0.547066331 0.053202685
1413394937655760384.000000 0.811408997 2.545927048 -0.818703890 0.827498496 -0.088609889 0.552093506 0.050865736
1413394937855760384.000000 0.994273841 2.636794806 -0.823126554 0.820547819 -0.100299671 0.560607970 0.048579652
1413394938055760384.000000 1.185089469 2.703016281 -0.817578256 0.818553686 -0.141500548 0.554809153 0.046197798
1413394938255760384.000000 1.386569500 2.728585482 -0.768738866 0.817015827 -0.180533037 0.545411587 0.049185906
1413394938455760384.000000 1.595060468 2.701505661 -0.651860058 0.803256810 -0.197412521 0.554170728 0.093281843
1413394938555760384.000000 1.695946097 2.681628942 -0.587521791 0.797325253 -0.205421433 0.554863811 0.119166687
1413394938655760384.000000 1.801421762 2.649349928 -0.535423279 0.795291185 -0.222186521 0.545475245 0.143533781
1413394938755760384.000000 1.905732870 2.617380857 -0.495455295 0.792507946 -0.247168884 0.533408582 0.162216336
1413394938855760384.000000 2.013480186 2.579819441 -0.465793252 0.784671247 -0.281954497 0.523969173 0.173922658
1413394938955760384.000000 2.121482372 2.539150238 -0.446346730 0.765268922 -0.328394979 0.524654090 0.176800400
1413394939055760384.000000 2.225773335 2.491461754 -0.435976803 0.736878455 -0.376563609 0.531101465 0.182047755
1413394939155760384.000000 2.320091248 2.437990189 -0.434541702 0.709322512 -0.417121112 0.533166170 0.196482629
1413394939555760384.000000 2.593753815 2.156533241 -0.454708397 0.678900063 -0.458392292 0.481126934 0.312230825
1413394939855760384.000000 2.731648445 1.893146992 -0.366386414 0.636053324 -0.511380672 0.497313589 0.294287741
1413394939955760384.000000 2.770438194 1.804487109 -0.333071172 0.635543287 -0.522925973 0.480194658 0.303391516
1413394940155760384.000000 2.825479031 1.616091967 -0.303155363 0.639764845 -0.539186537 0.433819056 0.334334821
1413394940255760384.000000 2.849698305 1.515238762 -0.305508614 0.620483041 -0.555562675 0.430032969 0.348457396
1413394940455760384.000000 2.886425734 1.300652981 -0.339593202 0.568713188 -0.592169344 0.420277715 0.386351407
1413394940555760384.000000 2.898234367 1.192783833 -0.360878080 0.547039390 -0.607473195 0.404523909 0.409981340
1413394941005760512.000000 2.968956470 0.711258888 -0.347521633 0.492547840 -0.656695247 0.354005992 0.448138237
1413394941105760512.000000 2.995221615 0.601115763 -0.324119896 0.474979877 -0.679445565 0.360779971 0.427300572
1413394941305760512.000000 3.015702963 0.377368331 -0.266391814 0.452414721 -0.709579527 0.358110309 0.404443920
1413394941505760512.000000 2.976287127 0.137900710 -0.191614330 0.470994622 -0.701981187 0.324897468 0.424061567
1413394941705760512.000000 2.906885386 -0.130118132 -0.107477181 0.485616833 -0.680471420 0.292943358 0.464024961
1413394941855760384.000000 2.861633778 -0.349715739 -0.047781635 0.460971236 -0.685328901 0.306548685 0.473136008
1413394942305760512.000000 2.629529238 -0.983311713 0.142354414 0.333289832 -0.754510701 0.397434950 0.402090877
1413394942455760384.000000 2.433298588 -1.141996026 0.226807967 0.304611623 -0.768627822 0.377676398 0.416873574
1413394942605760512.000000 2.176804304 -1.270068288 0.293034673 0.272285104 -0.778980792 0.342840105 0.448899031
1413394942755760384.000000 1.880344987 -1.367619038 0.320822299 0.239558101 -0.780073106 0.294252902 0.497506976
1413394942905760512.000000 1.567080379 -1.435462832 0.313508034 0.228153020 -0.752889156 0.211029857 0.580147088
1413394943055760384.000000 1.275010467 -1.486395478 0.261727363 0.205464691 -0.726081014 0.138447464 0.641422570
1413394943655760384.000000 0.716979206 -1.683422804 -0.054951157 0.041975055 -0.761781812 -0.020700537 0.646140933
1413394944905760512.000000 0.989077866 -2.365424871 -0.301725924 -0.186549887 -0.851791084 -0.073703669 0.483961523
1413394945055760384.000000 0.934275806 -2.372458220 -0.346866488 -0.239962861 -0.832759917 -0.116864227 0.485047966
1413394945205760512.000000 0.847160101 -2.353661060 -0.395170569 -0.282013357 -0.804852664 -0.173404917 0.492556125
1413394945655760384.000000 0.487177223 -2.253072500 -0.505754411 -0.436709076 -0.670468628 -0.272747397 0.534196436
1413394945855760384.000000 0.365651041 -2.213113308 -0.545619607 -0.519792259 -0.612855077 -0.295239776 0.516776681
1413394946155760384.000000 0.317160845 -2.151818037 -0.587971151 -0.613671482 -0.530734718 -0.382700086 0.441892058
1413394946355760384.000000 0.354637891 -2.126677990 -0.604347587 -0.669211626 -0.458240658 -0.434278935 0.391883999
1413394946555760384.000000 0.429211020 -2.119987965 -0.618083656 -0.724512517 -0.373827517 -0.465377122 0.344613940
1413394946655760384.000000 0.481113076 -2.128496885 -0.621620059 -0.739270866 -0.337228507 -0.493569136 0.310072809
1413394946755760384.000000 0.540329158 -2.143135309 -0.623565853 -0.747131169 -0.302669972 -0.527456760 0.268282294
1413394946855760384.000000 0.600306213 -2.164448977 -0.625762880 -0.757450759 -0.264113873 -0.552001655 0.227610275
1413394946955760384.000000 0.658156455 -2.190761089 -0.626458347 -0.767167211 -0.221738800 -0.571481049 0.188933194
1413394947055760384.000000 0.709983349 -2.220775604 -0.622950375 -0.775438070 -0.178328574 -0.586897969 0.149817869
1413394947155760384.000000 0.753372371 -2.252643585 -0.611110210 -0.786492109 -0.136109322 -0.592234671 0.110283911
1413394947255760384.000000 0.789716423 -2.284884930 -0.584059715 -0.798729062 -0.095218629 -0.589663923 0.072538882
1413394947655760384.000000 0.874330163 -2.379693031 -0.359720498 -0.817567348 -0.001120469 -0.575819910 -0.003718799
1413394947755760384.000000 0.887934327 -2.392686844 -0.317391217 -0.837863386 -0.001345162 -0.545851529 -0.005423477
1413394947855760384.000000 0.908598959 -2.400902271 -0.282300025 -0.852097929 -0.013051319 -0.523215950 0.001960743
1413394947955760384.000000 0.944216013 -2.404255152 -0.239755243 -0.856904149 -0.033962689 -0.514145494 0.014703235
1413394948055760384.000000 0.995683432 -2.402560711 -0.186731502 -0.859277427 -0.059012186 -0.507134140 0.031224333
1413394948455760384.000000 1.344443560 -2.354190826 -0.013476497 -0.789010942 -0.127394393 -0.596915066 0.070176929
1413394948655760384.000000 1.508409500 -2.314500570 0.046590623 -0.725601077 -0.124574415 -0.671027422 0.087786630
1413394948755760384.000000 1.551814198 -2.298127413 0.078344040 -0.711537838 -0.122016914 -0.686219215 0.089044884
1413394948855760384.000000 1.566944957 -2.285075188 0.111089006 -0.730134249 -0.121813476 -0.667101502 0.083911426
1413394948955760384.000000 1.559380174 -2.273182392 0.144775197 -0.764869809 -0.122721016 -0.627860188 0.075534053
1413394949255760384.000000 1.486009240 -2.221749067 0.179074109 -0.862817943 -0.126155913 -0.487541050 0.043974668
1413394949355760384.000000 1.482887626 -2.188239336 0.172397956 -0.874666393 -0.124358013 -0.466866344 0.039111339
1413394949555760384.000000 1.548519731 -2.084324837 0.161184758 -0.849532127 -0.119267404 -0.512173951 0.041813295
1413394949655760384.000000 1.608224392 -2.016244411 0.168973163 -0.808490217 -0.114322059 -0.575097024 0.050372906
1413394949855760384.000000 1.708134413 -1.868623495 0.185108453 -0.754608870 -0.100391582 -0.644354224 0.072764218
1413394949955760384.000000 1.733885765 -1.794972897 0.188999325 -0.755922973 -0.095254466 -0.640945733 0.093249850
1413394950055760384.000000 1.742317557 -1.726094842 0.194592416 -0.756938577 -0.096230835 -0.635371387 0.118688270
1413394950155760384.000000 1.735557437 -1.666072011 0.199556589 -0.764580607 -0.100414425 -0.618970990 0.149024650
1413394950255760384.000000 1.718839407 -1.619583726 0.200478733 -0.791033864 -0.111706831 -0.577383459 0.168568820
1413394950355760384.000000 1.702511430 -1.588726997 0.203117132 -0.819519579 -0.139425576 -0.534836948 0.151319191
1413394950455760384.000000 1.695706248 -1.565799356 0.209956363 -0.837965429 -0.167657927 -0.504608154 0.122781925
1413394950555760384.000000 1.704097509 -1.539977312 0.220705971 -0.847891748 -0.184254661 -0.486234546 0.103468344
1413394950655760384.000000 1.730592012 -1.504168749 0.237118870 -0.846512973 -0.191642016 -0.487577558 0.094643712
1413394950955760384.000000 1.867829204 -1.329169154 0.323500127 -0.731186628 -0.204224467 -0.635643959 0.140054971
1413394951655760384.000000 1.605692148 -1.111168861 0.514872015 -0.835912824 -0.310263813 -0.410245150 0.191533610
1413394951755760384.000000 1.588256121 -1.076062799 0.555827856 -0.847161472 -0.310891658 -0.390773028 0.181549639
1413394951855760384.000000 1.608129025 -1.016611218 0.612133741 -0.828543007 -0.310443342 -0.429468930 0.180825412
1413394951955760384.000000 1.651013255 -0.939141393 0.674440920 -0.794884026 -0.303421021 -0.489403844 0.191256344
1413394952355760384.000000 1.812732935 -0.619834006 0.827635944 -0.738963068 -0.276850522 -0.568417668 0.232785046
1413394953055760384.000000 2.027398825 -0.197110265 0.978512108 -0.673325479 -0.321500778 -0.605755389 0.276279747
1413394953255760384.000000 2.026831627 -0.136928082 1.005776644 -0.648114324 -0.310833991 -0.632245541 0.289129227
1413394953355760384.000000 1.989401102 -0.142805919 1.046815395 -0.636562049 -0.304149747 -0.644888401 0.293940037
1413394953455760384.000000 1.927425146 -0.173174098 1.093058944 -0.648252666 -0.305764556 -0.634575963 0.289119244
1413394953555760384.000000 1.848536015 -0.220248491 1.113670349 -0.697965086 -0.325251788 -0.582144558 0.261082083
1413394953955760384.000000 1.512620330 -0.398434907 0.868746936 -0.796204686 -0.362453252 -0.446915925 0.186954528
1413394954055760384.000000 1.451526999 -0.404924840 0.778583646 -0.771702230 -0.355773360 -0.486063927 0.204065993
1413394954155760384.000000 1.396201849 -0.398904502 0.692063391 -0.739223242 -0.347477019 -0.531710625 0.223813877
1413394954255760384.000000 1.338538766 -0.389578581 0.608462036 -0.704128146 -0.337487787 -0.574731588 0.244926855
1413394954455760384.000000 1.188733339 -0.391440541 0.460930854 -0.676584780 -0.325344980 -0.604265928 0.266920388
1413394954555760384.000000 1.090619922 -0.409419596 0.405090988 -0.706275523 -0.329532444 -0.569619715 0.260991931
1413394954655760384.000000 0.982976973 -0.436610997 0.352368683 -0.754336715 -0.336299658 -0.508199930 0.244154587
1413394954755760384.000000 0.878738940 -0.463294774 0.299799472 -0.796404541 -0.336179197 -0.448473334 0.227145404
1413394954855760384.000000 0.790132463 -0.480323493 0.245412230 -0.816493392 -0.333469123 -0.420594513 0.212689981
1413394954955760384.000000 0.724250138 -0.481880456 0.192331821 -0.802851975 -0.333689362 -0.449035287 0.206028000
1413394955055760384.000000 0.672165215 -0.469781876 0.135829270 -0.770529330 -0.334204525 -0.498011410 0.215816170
1413394955155760384.000000 0.623030841 -0.449384391 0.078953139 -0.733752787 -0.339025408 -0.540012896 0.234637663
1413394955255760384.000000 0.567762196 -0.428392649 0.024824055 -0.698583126 -0.349487036 -0.568526387 0.258105010
1413394955355760384.000000 0.501118362 -0.412397385 -0.023244102 -0.688872576 -0.362092763 -0.557994485 0.288072407
1413394957455760384.000000 0.232677758 0.310239106 0.141380444 -0.557430625 -0.480920076 -0.493001282 0.463612586
1413394959705760512.000000 0.379233420 0.309588313 0.386717170 -0.336630374 -0.808934093 -0.181848153 0.446359545
1413394959855760384.000000 0.341611296 0.338658392 0.415210813 -0.290014863 -0.823470950 -0.188123882 0.449884802
1413394961955760384.000000 -0.836803317 0.218696117 0.255593389 -0.001926835 -0.755864739 0.009411896 0.654657364
1413394964905760512.000000 0.052906305 -1.405100584 -0.124120407 -0.025085835 -0.870015681 0.055457782 0.489252448
1413394965105760512.000000 0.041868985 -1.468390584 -0.093410224 -0.025399800 -0.845088661 0.047168277 0.531935394
1413394966355760384.000000 0.234175682 -1.548239350 0.061113857 0.319113910 -0.775863588 0.213724256 0.500523746
1413394967205760512.000000 0.541351497 -1.639502287 -0.013825880 0.476687402 -0.695529342 0.300815493 0.445553690
1413394967555760384.000000 0.663083375 -1.708777308 0.051704951 0.486037105 -0.595437706 0.416030020 0.485943258
1413394967855760384.000000 0.782122076 -1.686875105 0.109661289 0.572836041 -0.591241062 0.402421653 0.400436968
1413394968005760512.000000 0.840834498 -1.682997465 0.163809732 0.580132067 -0.539547205 0.450129658 0.411969513
1413394968755760384.000000 1.130102158 -1.662128806 0.177251518 0.691577852 -0.472759932 0.443967044 0.317980289
1413394969155760384.000000 1.338286519 -1.762852550 0.177692398 0.676564872 -0.440199494 0.500788271 0.312562764
1413394969355760384.000000 1.442244768 -1.810158968 0.125914097 0.672165275 -0.420479745 0.524601996 0.310134649
1413394969755760384.000000 1.600883365 -1.824259043 -0.039263889 0.711325169 -0.396852046 0.469880939 0.340201259
1413394969955760384.000000 1.715958357 -1.793661356 -0.096502908 0.717886329 -0.412951350 0.456200391 0.325563699
1413394970355760384.000000 2.050234318 -1.758853555 -0.074253999 0.681431592 -0.435311168 0.504884839 0.302070469
1413394970555760384.000000 2.211191654 -1.755159974 -0.076141424 0.641404092 -0.441412508 0.557740808 0.287543237
1413394970855760384.000000 2.327847004 -1.720406890 -0.129320920 0.648825765 -0.438042730 0.546568394 0.297332585
1413394971055760384.000000 2.333009481 -1.680891991 -0.135818824 0.694624543 -0.430169433 0.479792684 0.319765627
1413394971255760384.000000 2.348038197 -1.638145447 -0.100483969 0.713941813 -0.450358689 0.444474131 0.299844861
1413394971455760384.000000 2.392899036 -1.627527356 -0.087917849 0.731471956 -0.471100152 0.410668194 0.272699714
1413394971755760384.000000 2.524973869 -1.755155921 -0.053563837 0.684541941 -0.486264080 0.472035527 0.268574297
1413394972055760384.000000 2.610226393 -1.981190443 -0.006522944 0.604108751 -0.495505422 0.528041959 0.332714111
1413394972155760384.000000 2.611227274 -2.048556328 -0.004955463 0.579258084 -0.511763990 0.524388075 0.357176363
1413394972255760384.000000 2.597315550 -2.104514837 -0.013317497 0.553148508 -0.534668326 0.512617826 0.381286561
1413394972355760384.000000 2.569212914 -2.147554636 -0.028519496 0.524813831 -0.561799467 0.494641393 0.405316889
1413394972455760384.000000 2.528057814 -2.176104546 -0.050537802 0.495440036 -0.595089793 0.470068514 0.423607022
1413394972555760384.000000 2.474932671 -2.191051722 -0.078693300 0.473090112 -0.635299742 0.430100530 0.433120608
1413394972655760384.000000 2.411292791 -2.193447351 -0.103337303 0.451619744 -0.671126366 0.382629901 0.446344614
1413394972755760384.000000 2.338749170 -2.192953825 -0.120655648 0.429592848 -0.693995714 0.331919998 0.472915500
1413394972855760384.000000 2.263226986 -2.191012621 -0.130325601 0.404065013 -0.709130049 0.284352690 0.503000617
1413394972955760384.000000 2.190576553 -2.190057039 -0.136765510 0.370527089 -0.723680437 0.246521086 0.527469158
1413394973155760384.000000 2.062214851 -2.195347786 -0.149937123 0.286757797 -0.760781586 0.192535594 0.549464583
1413394973305760512.000000 1.977271438 -2.205430746 -0.162342384 0.217533648 -0.788183868 0.160909519 0.552768946
1413394973455760384.000000 1.892431974 -2.216384411 -0.171096444 0.149992704 -0.805266798 0.124195293 0.560020626
1413394973605760512.000000 1.804252982 -2.225249290 -0.176060200 0.082980908 -0.816635609 0.082932092 0.565104246
1413394973805760512.000000 1.681199193 -2.232211113 -0.174043953 -0.000863131 -0.816913247 0.016666664 0.576519072
1413394974055760384.000000 1.532963037 -2.236054897 -0.166280299 -0.110413127 -0.806922019 -0.052958164 0.577824712
1413394974255760384.000000 1.426877499 -2.228380203 -0.153299138 -0.199570745 -0.787924826 -0.098693080 0.574113011
1413394975105760512.000000 1.189883471 -1.988620043 -0.098951280 -0.442564130 -0.677563787 -0.313434333 0.496793061
1413394975755760384.000000 1.114346981 -1.869228601 -0.306480587 -0.513720334 -0.639451325 -0.369017810 0.437057495
1413394975955760384.000000 1.068240881 -1.847904682 -0.333379507 -0.511169195 -0.634889841 -0.375809014 0.440895081
1413394976605760512.000000 0.842021704 -1.878120899 -0.367691517 -0.478257507 -0.605644226 -0.406817913 0.488839567
1413394977005760512.000000 0.720825851 -2.098962784 -0.380151182 -0.557829380 -0.632611752 -0.301551193 0.444629699
1413394977205760512.000000 0.707321644 -2.175461531 -0.362174571 -0.604702592 -0.645529509 -0.249449730 0.394209802
1413394977405760512.000000 0.732103348 -2.130832911 -0.305204511 -0.590442896 -0.668810606 -0.281355679 0.353424132
1413394977605760512.000000 0.750325084 -1.962405920 -0.216296643 -0.573184252 -0.678172171 -0.309794247 0.339955777
1413394977805760512.000000 0.732999384 -1.685362458 -0.110914312 -0.563619256 -0.672228634 -0.327266306 0.351196259
1413394977905760512.000000 0.709725618 -1.512668610 -0.051779374 -0.549971223 -0.660490870 -0.349559039 0.372950464
1413394978005760512.000000 0.677545786 -1.327949166 0.006683484 -0.535211265 -0.647249937 -0.372686148 0.394615650
1413394979455760384.000000 -0.337125331 0.965833008 0.203551322 -0.507229567 -0.528770387 -0.400181085 0.550431907
1413394979605760512.000000 -0.380015194 1.062567472 0.202458635 -0.484815389 -0.508282006 -0.417216659 0.576657295
1413394979655760384.000000 -0.384979129 1.079910278 0.208024412 -0.478908747 -0.508194447 -0.421793610 0.578338087
1413394979705760512.000000 -0.385267675 1.088539600 0.216074139 -0.474544317 -0.512569666 -0.425638020 0.575249791
1413394981255760384.000000 -0.439167023 -0.212300301 0.367963493 -0.560439885 -0.597732484 -0.356836021 0.448654771
1413394981405760512.000000 -0.439436615 -0.340281397 0.331338048 -0.558150649 -0.601226032 -0.364236653 0.440825045
1413394981855760384.000000 -0.410273314 -0.655670702 0.248661846 -0.582337260 -0.596713066 -0.369460940 0.410262674
1413394982155760384.000000 -0.363212168 -0.787836194 0.210447565 -0.628779709 -0.542791069 -0.376880944 0.409847081
1413394983005760512.000000 0.359672517 -1.006238580 0.283501208 -0.745302618 -0.344239563 -0.482692450 0.305009991
1413394983105760512.000000 0.501222432 -1.039024830 0.304320246 -0.747876704 -0.335762352 -0.496237129 0.285819679
1413394983205760512.000000 0.646583796 -1.071902633 0.326661915 -0.747444212 -0.331805795 -0.506997526 0.272370219
1413394983305760512.000000 0.793555260 -1.104414344 0.349155933 -0.746193409 -0.329652131 -0.513829768 0.265525728
1413394983405760512.000000 0.941008747 -1.136736393 0.371842980 -0.742791355 -0.334488183 -0.520031035 0.256800711
1413394983505760512.000000 1.086745501 -1.168709278 0.394903630 -0.737046897 -0.348387599 -0.526546121 0.241116434
1413394983605760512.000000 1.226884723 -1.198177457 0.411792099 -0.732067883 -0.359007210 -0.530512452 0.231834188
1413394984705760512.000000 2.190500021 -1.151040792 0.174149886 -0.704238296 -0.439242631 -0.496933132 0.253321528
1413394984805760512.000000 2.226928711 -1.107710361 0.157508194 -0.696110368 -0.455304831 -0.488821626 0.263023525
1413394985105760512.000000 2.300728798 -0.922959566 0.132169023 -0.658115327 -0.500373781 -0.470243335 0.308839083
1413394985705760512.000000 2.351237297 -0.409298122 0.302889854 -0.652442515 -0.514389873 -0.431815952 0.351079434
1413394986905760512.000000 2.353864193 0.978863001 0.618556738 -0.637753785 -0.517338216 -0.463829249 0.332406104
1413394987005760512.000000 2.340030909 1.115446091 0.649930418 -0.641925633 -0.505658984 -0.459836513 0.347549677
1413394987305760512.000000 2.293830395 1.507220745 0.672320426 -0.647619784 -0.485425860 -0.455569237 0.370684713
1413394987405760512.000000 2.282176256 1.630708814 0.668951869 -0.632987261 -0.494881719 -0.476859748 0.356404424
1413394987505760512.000000 2.266124725 1.749422550 0.667565107 -0.620723069 -0.501793623 -0.493697286 0.345208824
1413394987605760512.000000 2.240737438 1.863567710 0.669845045 -0.612518966 -0.503604412 -0.504218757 0.342004031
1413394988105760512.000000 1.918675303 2.301238775 0.746288002 -0.593429685 -0.481141925 -0.530861795 0.366782457
1413394988605760512.000000 1.404050827 2.394603968 0.832018614 -0.687309444 -0.380896628 -0.483676583 0.385461509
1413394989105760512.000000 1.027160525 2.164058208 0.782370269 -0.721057951 -0.330410451 -0.548941374 0.263757110
1413394989605760512.000000 0.605295062 1.828244448 0.727895796 -0.738690555 -0.330157280 -0.521917224 0.270064741
1413394991155760384.000000 -0.337799489 1.127848983 0.000203468 -0.574287236 -0.603254139 -0.375406772 0.406630576
1413394991555760384.000000 -0.543937206 1.214682341 -0.098647512 -0.623247802 -0.548996091 -0.398364365 0.389193118
1413394991855760384.000000 -0.656649411 1.329161048 -0.142893359 -0.643778801 -0.489782870 -0.455854952 0.371292174
1413394992155760384.000000 -0.752211213 1.431685090 -0.179066926 -0.671271682 -0.443952113 -0.461108834 0.373737246
1413394992505760512.000000 -0.787941158 1.492671728 -0.193717092 -0.703428507 -0.413908184 -0.485549808 0.313224852
1413394992855760384.000000 -0.790696800 1.540564895 -0.179275200 -0.714012623 -0.380119473 -0.507007897 0.297721803
1413394993355760384.000000 -0.783009410 1.577081919 -0.254689395 -0.722099721 -0.376169443 -0.514858842 0.268307716
1413394993805760512.000000 -0.798277557 1.622303367 -0.393384457 -0.727144778 -0.365854383 -0.517132819 0.264546484
1413394994205760512.000000 -0.813524485 1.651859760 -0.553414524 -0.772004545 -0.258322120 -0.533384502 0.229738340
1413394994405760512.000000 -0.802984834 1.635512829 -0.585510910 -0.784719169 -0.218160108 -0.554179192 0.171777532
1413394994705760512.000000 -0.794302702 1.620410681 -0.570175588 -0.788175046 -0.192011639 -0.573833168 0.112370856
1413394995105760512.000000 -0.838873267 1.674926043 -0.530134320 -0.784379005 -0.168940693 -0.581522524 0.134313971
1413394995305760512.000000 -0.879349053 1.707933187 -0.601381779 -0.801793039 -0.162765697 -0.554852068 0.150911793
1413394995705760512.000000 -0.898917794 1.755520701 -0.759334862 -0.806635678 -0.174697354 -0.547569990 0.137793303
1413394995805760512.000000 -0.889085233 1.769877553 -0.786640048 -0.797973931 -0.171517462 -0.560012937 0.142143905
1413394995905760512.000000 -0.879033923 1.782858253 -0.810473621 -0.792689681 -0.168358937 -0.567525923 0.145645529
1413394996305760512.000000 -0.878968358 1.799466610 -0.833594084 -0.780732691 -0.175924122 -0.583172202 0.139346540
1413394996805760512.000000 -0.865357518 1.806650162 -0.825182498 -0.782753289 -0.177556872 -0.580395699 0.137520283
1413394997305760512.000000 -0.855194151 1.814719319 -0.817320526 -0.783012390 -0.177280009 -0.579992294 0.138102591
1413394997805760512.000000 -0.847427249 1.822128773 -0.813211620 -0.783044755 -0.177134156 -0.580016077 0.138007030
1413394998305760512.000000 -0.841037869 1.829741478 -0.812860548 -0.782969892 -0.176933810 -0.580115616 0.138269320
