#Stereo rect[ms], MP culling[ms], MP creation[ms], LBA[ms], KF culling[ms], Total[ms]
5.707901,0.071368,0.755634,0.008098,0.008098,6.550900
4.272079,0.063750,0.879908,0.001475,0.001475,5.218460
7.272187,0.218886,3.400325,0.412968,0.412968,28.223653
8.010552,0.274418,11.069664,0.332387,0.332387,43.387999
6.376671,0.133277,6.246721,0.462007,0.462007,34.052171
6.856514,0.237510,9.416554,0.486191,0.486191,49.761104
8.643009,0.333253,19.269149,0.683991,0.683991,62.331224
5.823339,0.164358,20.008935,0.897342,0.897342,58.233138
7.783030,0.296784,19.410049,1.128664,1.128664,61.873614
5.229255,0.463267,13.774403,76.974366,76.974366,138.220119
2.960197,0.099562,7.295468,0.949775,0.949775,56.385342
4.442834,0.210870,14.340037,1.141852,1.141852,62.686738
4.425830,0.094144,14.155898,0.973419,0.973419,59.992499
7.115568,0.114326,16.197094,1.179391,1.179391,56.313466
5.714977,0.106103,14.586421,1.337622,1.337622,56.754209
7.165163,0.189696,20.591758,1.557721,1.557721,70.110135
6.109223,0.150425,16.157694,2.005643,2.005643,63.364666
6.785981,0.233450,13.807216,1.752213,1.752213,63.204765
5.723355,0.125340,12.485807,3.408751,3.408751,64.012790
5.454803,0.115996,15.308051,2.027169,2.027169,70.452417
4.756975,0.155996,11.590943,2.448223,2.448223,66.227843
3.343589,0.115928,9.121369,3.164632,3.164632,46.498151
3.284079,0.131448,10.995115,3.440177,3.440177,68.772114
3.431522,0.072961,10.451228,2.666599,2.666599,51.073890
3.679751,0.077809,11.135131,3.098197,3.098197,49.664087
4.105140,0.100799,10.101038,2.920941,2.920941,63.674016
5.428682,0.111017,16.123476,2.422333,2.422333,59.696001
6.362124,0.122404,18.519886,2.421891,2.421891,67.955390
6.254446,0.093027,18.930533,3.109737,3.109737,79.370110
6.300806,0.105638,18.150287,3.060542,3.060542,72.215408
5.820488,0.136448,15.857428,2.555132,2.555132,67.283149
5.327174,0.126796,16.770674,2.777690,2.777690,61.796111
5.878390,0.138682,19.748405,2.124329,2.124329,75.254176
5.155738,0.116559,15.194013,2.276077,2.276077,65.708376
5.049298,0.157664,14.852607,2.990692,2.990692,58.799847
3.565673,0.112733,11.737503,2.576849,2.576849,48.586120
2.864490,0.064865,9.805266,2.289364,2.289364,39.288065
2.801600,0.069742,8.496962,2.203954,2.203954,37.277097
2.831020,0.063529,7.822979,2.438855,2.438855,39.078485
2.495278,0.055879,7.670641,3.028677,3.028677,48.348384
2.715121,0.071434,6.303168,2.062438,2.062438,30.328583
3.169287,0.052772,6.144413,2.059783,2.059783,29.722532
2.752784,0.046169,7.006197,2.485016,2.485016,34.968794
2.999933,0.033214,7.244655,2.145923,2.145923,34.124512
2.989731,0.039028,6.797022,2.140301,2.140301,30.655960
3.434009,0.052170,8.033183,2.505522,2.505522,35.442620
3.133129,0.058934,6.575634,2.047671,2.047671,34.391997
2.628348,0.051929,8.125175,1.859834,1.859834,32.806041
3.149610,0.064340,6.751496,2.313637,2.313637,54.215051
2.942261,0.059445,8.201942,2.199455,2.199455,57.361891
5.208490,0.192463,12.584344,1.643294,1.643294,177.365984
3.958659,0.181248,11.311505,2.716539,2.716539,68.116953
3.134457,0.142668,8.367444,1.778984,1.778984,59.194821
3.470795,0.144743,8.223989,2.911358,2.911358,60.092703
3.879285,0.128696,7.936243,1.667658,1.667658,57.916304
2.960669,0.096753,6.378677,3.178597,3.178597,60.399301
3.417636,0.136971,7.990007,2.254380,2.254380,58.200182
3.509482,0.124927,7.001138,2.747834,2.747834,55.284096
3.021441,0.098875,5.900760,1.615185,1.615185,65.084969
3.087889,0.099757,6.051894,3.711340,3.711340,61.079710
2.822205,0.091270,7.908002,1.724522,1.724522,52.943798
3.734158,0.138460,12.757627,1.729837,1.729837,70.213077
3.206086,0.125969,9.216756,1.855682,1.855682,43.187512
2.198612,0.057472,5.552644,3.231074,3.231074,54.723626
2.488933,0.072407,5.090929,3.103697,3.103697,45.806099
2.935292,0.080583,5.022835,1.679609,1.679609,42.544434
2.773829,0.080031,5.437378,1.848947,1.848947,54.173587
2.255538,0.080864,5.612162,3.948160,3.948160,43.488640
2.571650,0.112037,4.909968,1.744018,1.744018,43.413965
2.030456,0.109147,4.529541,1.206472,1.206472,39.482065
2.632161,0.140265,6.505332,2.017926,2.017926,48.526982
3.708761,0.127567,8.732775,1.231792,1.231792,58.115939
3.293452,0.120131,7.891004,1.000221,1.000221,52.736379
3.578898,0.199928,10.623542,1.281379,1.281379,66.431204
3.724512,0.212434,8.623641,0.866346,0.866346,60.950500
3.095448,0.183855,7.174797,2.347877,2.347877,66.374726
6.355141,0.290638,11.343639,0.641702,0.641702,70.288191
9.571914,0.752908,20.133258,1.600438,1.600438,100.761010
10.286483,0.519503,25.117303,1.572696,1.572696,101.885189
6.817340,0.176230,11.156441,2.731769,2.731769,78.856672
6.217854,0.222354,13.476804,2.611610,2.611610,80.919271
8.587113,0.222378,15.000076,2.150805,2.150805,94.694468
6.175047,0.226767,12.655287,3.865722,3.865722,88.636200
7.696547,0.251829,16.576157,2.102289,2.102289,93.688470
8.871810,0.225436,13.978006,2.374716,2.374716,96.678333
6.806670,0.344293,16.640878,2.761903,2.761903,97.951321
5.453140,0.231120,12.676926,2.556059,2.556059,85.982972
6.100551,0.276931,10.320620,1.515129,1.515129,84.237722
10.809322,0.442491,17.818306,2.856851,2.856851,102.400736
8.510427,0.220229,15.409471,2.123578,2.123578,94.182886
5.941076,0.280528,16.668101,2.043411,2.043411,92.524116
7.118757,0.294815,15.863603,2.427475,2.427475,99.021653
6.125065,0.340418,18.547691,3.931874,3.931874,97.244778
6.983176,0.245910,16.514139,2.862604,2.862604,95.908293
6.512590,0.244121,15.947149,3.167379,3.167379,95.759538
5.697052,0.268095,13.738350,4.321735,4.321735,95.430567
4.204353,0.403885,13.236527,3.392919,3.392919,88.096735
4.889617,0.209512,11.396193,2.679258,2.679258,82.146193
3.044412,0.178825,10.502311,2.220609,2.220609,82.546262
3.226857,0.164651,11.746119,3.393153,3.393153,85.522965
3.902356,0.164202,14.032774,2.812811,2.812811,90.440580
3.798723,0.169125,11.538632,5.423836,5.423836,88.631094
3.361095,0.219684,9.898177,2.342824,2.342824,79.739818
3.540533,0.137436,10.122565,3.732692,3.732692,78.908078
4.480508,0.145780,12.267813,3.997508,3.997508,90.100387
3.263937,0.136259,11.110093,3.403261,3.403261,80.329215
4.939797,0.155697,11.991461,2.887323,2.887323,88.338270
3.701025,0.135043,12.023305,3.129879,3.129879,87.819415
4.350321,0.135645,14.788502,3.253774,3.253774,118.301934
3.763951,0.130951,13.843417,4.196103,4.196103,89.451922
3.286269,0.108393,11.792194,3.242693,3.242693,87.155432
3.945383,0.086934,15.468116,3.734892,3.734892,93.156463
4.557360,0.132409,13.815482,2.858755,2.858755,104.116176
4.406820,0.125864,14.499939,3.313291,3.313291,92.199049
4.936093,0.172390,14.232796,3.154940,3.154940,98.097995
8.930197,0.333941,24.311585,3.160313,3.160313,125.884980
6.975264,0.230720,19.745466,3.650930,3.650930,122.180330
6.990553,0.234573,16.912606,3.906456,3.906456,105.777268
6.010866,0.277844,15.626159,3.438731,3.438731,104.116210
5.120772,0.330527,17.231273,3.277984,3.277984,119.846241
8.905288,0.483390,26.272061,3.833960,3.833960,139.550800
5.658894,0.241632,11.711137,4.668029,4.668029,106.485761
5.320410,0.385425,13.530907,5.999823,5.999823,123.456422
4.080147,0.294888,9.594661,2.598775,2.598775,111.225352
5.144917,0.627390,12.806739,1.647976,1.647976,121.759312
2.637560,0.232781,6.021249,3.369942,3.369942,105.272380
2.208296,0.166556,4.846078,1.040809,1.040809,98.870789
2.636275,0.119559,6.502104,1.968192,1.968192,101.773380
3.466832,0.183412,6.946449,1.708428,1.708428,102.036174
4.450510,0.243971,9.966755,2.192927,2.192927,119.063402
5.660629,0.309600,9.205209,1.048031,1.048031,74.611457
5.045054,0.419276,8.824334,0.833945,0.833945,71.230890
7.088798,0.494644,12.062288,3.004524,3.004524,122.158220
4.813990,0.310496,10.940080,0.849404,0.849404,110.745768
6.324035,0.291789,10.913206,1.774406,1.774406,355.882729
4.490999,0.338547,12.143559,0.951906,0.951906,44.326334
6.462980,0.313992,16.414482,1.116860,1.116860,120.857024
6.054597,0.333918,13.607595,1.010294,1.010294,48.187767
4.796332,0.203487,13.721610,1.059910,1.059910,110.490280
4.910856,0.206182,12.465141,2.380907,2.380907,111.221130
5.371024,0.216577,12.835933,2.266079,2.266079,122.054311
4.816966,0.192505,11.246659,2.405816,2.405816,109.489072
5.775914,0.188536,12.489603,2.241222,2.241222,114.312271
5.463871,0.182177,12.045534,3.953824,3.953824,122.565536
6.449363,0.240240,13.968779,1.773634,1.773634,128.384850
5.977230,0.240611,13.174682,2.588063,2.588063,117.732556
7.462477,0.450439,20.787752,3.296219,3.296219,135.708310
5.036940,0.312925,16.959569,5.255503,5.255503,131.207554
5.157495,0.378801,19.798487,5.178533,5.178533,132.804675
4.047630,0.332576,13.856936,4.087146,4.087146,124.822881
3.370445,0.385902,10.019270,3.302553,3.302553,118.978968
3.761364,0.203883,12.056148,8.319462,8.319462,113.381924
5.556511,0.209857,16.960370,5.803926,5.803926,117.046755
5.682542,0.251089,20.865257,3.463255,3.463255,122.240210
4.716032,0.270137,13.492983,4.601505,4.601505,109.121175
4.572210,0.354057,14.656224,3.935118,3.935118,106.555187
3.154488,0.206379,10.488542,6.497247,6.497247,94.797740
3.448297,0.172460,9.281263,4.782062,4.782062,87.862006
5.059194,0.146509,16.358886,5.535147,5.535147,123.110580
5.075509,0.121850,16.286431,4.587871,4.587871,108.316180
5.443047,0.133272,17.463256,8.425493,8.425493,118.744830
5.260826,0.226951,16.207489,4.836850,4.836850,112.187851
4.444409,0.408163,14.878260,4.977759,4.977759,111.249054
3.617188,0.311143,11.718555,5.023557,5.023557,102.572908
4.586913,0.195347,13.487396,4.028923,4.028923,107.673373
3.281785,0.167049,9.702263,6.449074,6.449074,92.692618
3.656630,0.167573,10.226251,8.225968,8.225968,101.021177
3.787682,0.104718,14.365657,4.909278,4.909278,102.163267
4.810911,0.192680,12.550601,4.741784,4.741784,102.152776
4.779901,0.306370,13.598342,6.267985,6.267985,105.153172
4.885225,0.324367,13.225149,5.052768,5.052768,124.610723
5.460915,0.306981,17.214328,5.850084,5.850084,130.757450
6.343587,0.549364,18.094442,6.646571,6.646571,127.064568
5.438722,0.491637,17.835609,6.174955,6.174955,119.751907
8.070625,0.439499,23.468629,5.048878,5.048878,126.282384
6.141232,0.321263,16.723109,4.610890,4.610890,131.379694
6.690152,0.330120,19.040195,6.795532,6.795532,135.050695
4.928615,0.456682,16.725452,6.570955,6.570955,125.332281
4.141172,0.303269,14.724452,5.336686,5.336686,128.080624
5.222404,0.480194,22.543268,6.881843,6.881843,138.450229
4.683578,0.225618,16.078459,6.512114,6.512114,128.823076
7.985886,0.207284,18.978135,6.275317,6.275317,134.111648
5.704440,0.275358,15.257929,6.631674,6.631674,127.855746
4.913840,0.371862,11.346808,4.355329,4.355329,116.466637
3.402023,0.197666,13.336106,6.763857,6.763857,132.632374
4.983337,0.143043,14.411619,5.931126,5.931126,121.584643
7.537048,0.282123,18.926644,8.084363,8.084363,147.866104
5.408555,0.233491,15.777553,5.048499,5.048499,122.891378
3.695555,0.467038,10.814146,5.246510,5.246510,116.767258
7.191432,0.456341,19.639679,7.745835,7.745835,134.665477
3.750951,0.142182,12.852350,5.104426,5.104426,113.097243
9.009229,0.423442,30.140072,7.123412,7.123412,143.544452
10.525244,0.514783,31.147244,7.101895,7.101895,148.400896
3.781497,0.272400,12.816398,5.446566,5.446566,120.634975
4.470808,0.277978,14.235975,6.015698,6.015698,126.643789
4.209933,0.155662,12.797784,6.402453,6.402453,113.576823
4.364529,0.146788,12.509178,7.692992,7.692992,128.556912
5.624047,0.233995,19.460158,7.594009,7.594009,130.735738
8.933303,0.464391,30.559561,7.888856,7.888856,154.471917
4.189400,0.231447,14.881360,5.477388,5.477388,126.011769
4.667202,0.248710,13.779766,5.955131,5.955131,123.667998
3.948783,0.218024,13.675686,7.494455,7.494455,131.858775
7.172516,0.391676,26.361143,8.248662,8.248662,139.942614
3.845639,0.129051,13.292557,5.811387,5.811387,114.246585
4.589683,0.157336,14.462000,8.404708,8.404708,133.259434
3.751149,0.173955,13.986082,6.623750,6.623750,119.069634
5.635834,0.177721,18.938125,7.232877,7.232877,162.500105
8.313317,0.251195,30.810924,9.865581,9.865581,142.862113
5.418215,0.184732,18.894593,5.800630,5.800630,134.604502
7.343923,0.229192,24.705918,9.640020,9.640020,144.381567
6.659964,0.252951,25.972500,10.022759,10.022759,137.000220
6.604143,0.235277,19.288770,8.584070,8.584070,133.869114
7.303551,0.332190,20.367371,7.540139,7.540139,134.267332
6.742560,0.291040,25.238684,8.140693,8.140693,130.820927
7.435807,0.282218,26.433531,9.622839,9.622839,146.323732
6.503430,0.307132,26.134913,6.898256,6.898256,158.538790
6.945093,0.545049,22.365407,10.212855,10.212855,143.524046
3.654897,0.246922,14.990384,5.488470,5.488470,129.462027
3.720948,0.187024,17.383632,6.317781,6.317781,131.588370
6.371624,0.241578,20.049933,5.168093,5.168093,142.694807
5.260144,0.261675,18.277257,6.720700,6.720700,152.909042
5.590114,0.277548,16.154522,3.359838,3.359838,138.894018
5.678387,0.285374,17.920891,5.263449,5.263449,149.979736
6.134903,0.325942,15.890517,3.157852,3.157852,138.236085
5.306773,0.319497,15.378688,3.883649,3.883649,145.852185
4.432149,0.255272,13.047425,3.430512,3.430512,66.116364
5.055417,0.260590,14.526218,3.409354,3.409354,67.149198
6.277723,0.199734,14.880665,3.617151,3.617151,137.340741
6.186592,0.341412,15.571921,1.666860,1.666860,71.533968
7.105770,0.251496,16.424291,3.969532,3.969532,147.066293
4.784493,0.235033,16.220840,3.408063,3.408063,139.476748
7.711856,0.371542,19.642086,3.988524,3.988524,147.249213
5.178493,0.246974,17.531577,3.088856,3.088856,138.888903
5.630685,0.411078,15.655315,1.848144,1.848144,55.845001
5.069412,0.266315,18.682888,4.354985,4.354985,143.919611
4.719074,0.219992,11.856951,0.900224,0.900224,55.862592
3.384545,0.221825,12.943870,1.291738,1.291738,48.704190
5.385488,0.325007,19.018117,2.040356,2.040356,62.354087
4.275823,0.209809,14.449642,2.607880,2.607880,125.314981
5.934601,0.443654,19.340612,1.066194,1.066194,62.988688
5.094147,0.413105,18.805996,1.698953,1.698953,58.958201
4.596643,0.356480,16.455130,1.052766,1.052766,58.004981
2.708192,0.319306,11.131554,1.524907,1.524907,48.149454
2.560750,0.178473,9.665186,1.104024,1.104024,43.388844
3.226997,0.214088,8.224529,1.217334,1.217334,36.708734
1.658311,0.140967,5.799565,1.061547,1.061547,35.191056
2.510574,0.140571,11.700896,0.977675,0.977675,36.640179
4.811440,0.140494,28.418298,1.436505,1.436505,60.253408
3.871812,0.197693,17.347111,1.232152,1.232152,50.141633
4.465297,0.276317,15.075975,1.234662,1.234662,46.479933
5.524396,0.175589,9.045879,0.671281,0.671281,29.099701
3.478158,0.088715,9.017685,0.746835,0.746835,29.948173
6.022704,0.132755,8.218431,0.885135,0.885135,31.572926
6.845066,0.180023,17.820438,0.865518,0.865518,43.852902
7.010112,0.145727,19.799386,0.779586,0.779586,55.152702
6.620921,0.174190,17.928498,1.656668,1.656668,74.523386
4.344755,0.123421,12.668922,2.066738,2.066738,65.104243
5.876050,0.148360,13.913250,1.798957,1.798957,72.755298
4.543468,0.127219,10.762722,2.690656,2.690656,61.995178
6.136171,0.151547,14.730158,1.364253,1.364253,73.278475
5.686578,0.128621,10.977615,1.887030,1.887030,65.167470
5.025261,0.170574,9.375435,2.101161,2.101161,60.671946
4.264127,0.135782,10.846271,2.500234,2.500234,61.075887
3.318779,0.128357,8.034005,1.120308,1.120308,56.256718
4.458377,0.108649,12.548928,1.920874,1.920874,66.567500
3.659301,0.101306,11.627562,1.506295,1.506295,68.330470
4.309487,0.120693,7.549808,0.569193,0.569193,38.596473
6.494166,0.264365,16.169588,1.587902,1.587902,71.362639
4.254058,0.131893,14.231156,0.715053,0.715053,50.019336
3.216373,0.199643,9.423339,0.781184,0.781184,43.590570
4.775661,0.172919,14.132323,3.765994,3.765994,75.187143
2.703020,0.102161,7.269853,0.614918,0.614918,35.506416
2.747923,0.067383,7.375765,1.058527,1.058527,46.041202
5.556493,0.116286,16.371785,1.105084,1.105084,56.270871
4.482284,0.200210,11.257482,2.445575,2.445575,60.489230
4.613045,0.114954,12.331985,1.001175,1.001175,61.122897
5.440078,0.141842,11.428937,1.812295,1.812295,70.767944
4.811387,0.156166,10.790897,1.408913,1.408913,61.855202
6.668736,0.156276,14.717769,1.190687,1.190687,73.109668
7.897431,0.152910,14.655047,2.636015,2.636015,86.579433
5.265194,0.164180,12.216874,1.915427,1.915427,77.445908
4.200234,0.157811,11.033428,1.816456,1.816456,76.662039
3.846631,0.192277,9.290768,2.144685,2.144685,74.411732
2.711800,0.143456,7.079621,1.203885,1.203885,63.552860
4.102200,0.110819,9.302836,2.974023,2.974023,67.446825
3.436851,0.095323,6.797356,1.881985,1.881985,62.821284
3.234206,0.084346,10.325688,1.937403,1.937403,42.802799
4.895952,0.116444,12.445580,3.807046,3.807046,82.847516
3.298577,0.096155,8.012081,1.940430,1.940430,43.635128
4.137741,0.118066,11.401229,2.792502,2.792502,77.536515
3.534699,0.083850,7.670637,3.054017,3.054017,72.747773
2.840711,0.089353,5.824047,2.026433,2.026433,41.736320
2.796913,0.057797,5.981344,1.745492,1.745492,46.483176
3.087807,0.068845,6.351833,1.926299,1.926299,53.201845
4.460744,0.093777,8.017324,1.990806,1.990806,75.699714
3.224996,0.077662,8.013779,1.242315,1.242315,72.645302
4.836686,0.087248,7.458881,1.763797,1.763797,68.850799
3.333202,0.090399,8.165788,1.328828,1.328828,69.717074
3.867877,0.095605,8.486115,1.333452,1.333452,53.765498
4.263041,0.134896,11.351669,1.171680,1.171680,82.500333
4.659026,0.200355,8.027977,2.086175,2.086175,78.285890
3.410570,0.126086,6.697548,0.807150,0.807150,72.019519
4.619534,0.183578,7.687047,2.492834,2.492834,74.982543
5.899392,0.154704,13.262697,2.188797,2.188797,93.097159
3.243810,0.132542,8.157621,3.141726,3.141726,92.463177
5.642759,0.229982,11.765790,2.198457,2.198457,81.328621
2.899344,0.148929,6.846395,2.098132,2.098132,70.778758
4.860102,0.174971,11.531031,1.698700,1.698700,81.995850
3.084589,0.107042,5.760114,3.538526,3.538526,76.565371
2.888568,0.105975,7.871938,1.989553,1.989553,69.577164
3.071229,0.106334,7.235929,1.891781,1.891781,69.481031
3.739627,0.111020,7.756508,1.526247,1.526247,73.246939
4.493181,0.129688,6.042297,1.659010,1.659010,74.045663
2.704751,0.104116,4.832576,2.356535,2.356535,68.774342
2.655764,0.110305,5.841647,1.482496,1.482496,64.302955
4.344125,0.132703,6.273407,1.867893,1.867893,70.088507
5.069673,0.194274,10.043420,2.176369,2.176369,77.008111
5.931874,0.257088,12.845711,3.231491,3.231491,88.237859
3.881281,0.138769,6.954905,1.575430,1.575430,75.867884
3.898043,0.171871,12.717778,2.451602,2.451602,83.761856
4.107474,0.136429,8.001786,2.223988,2.223988,74.850866
3.414951,0.151514,8.788421,2.355044,2.355044,76.224573
3.415452,0.195987,7.164885,2.021387,2.021387,74.667519
3.067174,0.198537,6.826282,2.567632,2.567632,69.049180
2.944326,0.142034,7.204264,2.766024,2.766024,74.446233
2.817499,0.150581,5.830406,2.501386,2.501386,72.810644
2.956102,0.103745,5.371163,1.877802,1.877802,66.463618
3.105988,0.086711,6.731211,2.531795,2.531795,73.577920
2.574076,0.115493,5.520390,2.097367,2.097367,65.164300
2.199427,0.084782,5.016625,1.919272,1.919272,66.717265
2.666103,0.083015,6.188968,2.428982,2.428982,70.236081
2.603885,0.137195,8.481755,2.045583,2.045583,73.799627
2.058994,0.057979,4.625759,2.590613,2.590613,67.491803
2.804903,0.064141,4.936455,2.792241,2.792241,68.493200
2.112581,0.072739,4.526566,2.805403,2.805403,71.084044
1.623393,0.042669,3.711137,2.201820,2.201820,66.347330
1.924359,0.060824,4.472857,1.965127,1.965127,29.617952
2.500383,0.107845,4.419687,1.648278,1.648278,59.884039
2.293169,0.080319,5.243858,1.900184,1.900184,65.841142
1.582781,0.056936,3.825735,2.035859,2.035859,28.591235
1.336396,0.056541,3.000163,1.743294,1.743294,29.922441
1.930439,0.040719,6.064440,1.558751,1.558751,38.123770
1.621096,0.021562,3.778255,2.246122,2.246122,35.703701
3.263939,0.057495,9.662895,2.305021,2.305021,49.141072
1.948128,0.051637,5.201198,2.455179,2.455179,64.866755
2.126666,0.064670,3.294482,1.865329,1.865329,26.629094
1.260180,0.039684,3.067524,2.333238,2.333238,26.378376
1.376916,0.027186,3.197051,3.735903,3.735903,32.497172
1.991862,0.033426,2.925626,3.301306,3.301306,25.341940
1.310600,0.037136,4.472970,2.867934,2.867934,36.367832
1.230095,0.028625,2.962759,4.263822,4.263822,27.502963
2.179416,0.035068,6.302182,3.652347,3.652347,33.367005
1.564623,0.044244,3.711965,1.871547,1.871547,25.130003
1.454101,0.045454,3.363788,1.701513,1.701513,22.976545
2.547333,0.068388,6.021282,1.735811,1.735811,26.613416
1.919607,0.052824,5.719075,2.443097,2.443097,61.667257
2.724263,0.091220,6.319263,2.196646,2.196646,31.069532
2.549546,0.108142,7.454808,2.549197,2.549197,68.509415
3.115460,0.098251,5.286464,1.937541,1.937541,27.130090
1.908703,0.084390,4.465599,2.104341,2.104341,25.827511
1.573347,0.055917,3.844448,1.955157,1.955157,28.275552
2.123791,0.063635,6.495209,4.832951,4.832951,43.794023
1.301149,0.029318,2.656194,3.828631,3.828631,18.817514
2.118440,0.065466,4.507010,2.811546,2.811546,21.908884
1.753113,0.050968,5.505055,2.319588,2.319588,28.726445
1.484014,0.026289,3.989983,1.877690,1.877690,25.188042
1.918000,0.034196,4.250302,3.217396,3.217396,55.755748
3.575926,0.062275,6.203841,2.292878,2.292878,62.181011
3.885605,0.074955,7.686428,2.252277,2.252277,61.359574
1.877590,0.068097,4.854086,1.920769,1.920769,25.799676
3.096070,0.080217,7.681405,3.027692,3.027692,35.691065
2.070622,0.048400,6.264117,2.191492,2.191492,27.607623
2.328520,0.058410,4.663773,1.839887,1.839887,26.815119
2.137821,0.060100,5.833121,2.305587,2.305587,25.330055
2.091042,0.053414,8.755689,1.952126,1.952126,30.934053
2.546089,0.085162,5.628698,1.883169,1.883169,27.988076
2.200200,0.077916,4.413082,1.879005,1.879005,25.858719
5.568756,0.146606,10.495906,2.583393,2.583393,42.829066
5.125673,0.398782,14.542357,2.047475,2.047475,75.849441
8.262760,0.592868,14.526179,3.185463,3.185463,96.101107
4.958154,0.489138,18.435625,1.583952,1.583952,99.219552
9.276430,0.847050,17.959071,1.075473,1.075473,103.308074
8.043568,0.736422,21.657232,1.026504,1.026504,102.835193
7.991052,0.454845,14.361619,1.689309,1.689309,100.195465
5.887239,0.290872,11.856628,2.058446,2.058446,88.077875
5.746114,0.314656,10.649521,2.284608,2.284608,84.786897
5.275643,0.217492,12.153716,2.099607,2.099607,94.872537
5.889251,0.272128,12.337658,2.533948,2.533948,98.841594
5.946917,0.241881,13.810051,2.133502,2.133502,103.892029
5.378449,0.302839,12.520932,2.188230,2.188230,103.964540
5.902269,0.259887,13.421454,2.727291,2.727291,102.527715
5.634811,0.201263,13.727039,2.525837,2.525837,106.430026
6.481784,0.185165,12.896557,3.450572,3.450572,109.977696
7.047034,0.185886,13.304747,5.231730,5.231730,125.855799
5.938709,0.163081,14.366659,3.931852,3.931852,125.319426
5.828296,0.179931,14.020095,3.424282,3.424282,111.166023
6.449535,0.234419,14.601177,4.852915,4.852915,126.629007
8.439882,0.245395,15.769163,4.495001,4.495001,123.387310
7.305253,0.317591,16.721673,3.382338,3.382338,130.480953
7.125061,0.202494,18.008732,4.598960,4.598960,122.333238
10.140268,0.342520,25.870941,2.491867,2.491867,131.794614
4.890703,0.216969,16.564789,4.551684,4.551684,78.243843
5.034381,0.248228,12.038409,4.474699,4.474699,65.802819
4.485480,0.196896,11.167441,2.561780,2.561780,62.111189
3.726926,0.112544,15.774538,2.098296,2.098296,55.415981
2.781411,0.115173,10.128645,2.441844,2.441844,48.982342
3.884212,0.194448,16.407546,1.195641,1.195641,61.001965
3.546464,0.240141,10.392479,2.453524,2.453524,47.569708
2.030232,0.094171,7.805188,0.506560,0.506560,37.655171
1.754073,0.114395,5.622710,0.438935,0.438935,31.611601
2.301538,0.117316,6.090504,0.510236,0.510236,27.778026
3.194845,0.139087,6.008481,0.652853,0.652853,27.567680
3.594859,0.093305,11.086838,0.676776,0.676776,40.649698
3.423032,0.150885,7.484636,0.328535,0.328535,32.324825
6.065281,0.229429,19.169486,0.417052,0.417052,60.531760
4.163259,0.133202,16.246967,1.324997,1.324997,105.979425
6.871370,0.323577,22.657192,0.727909,0.727909,121.089516
6.210577,0.216727,13.677746,2.039267,2.039267,105.241471
4.221373,0.285668,16.129951,1.066834,1.066834,128.015619
4.516424,0.283263,15.815466,0.465311,0.465311,52.559742
5.399789,0.334122,18.174031,0.832494,0.832494,60.764420
5.194906,0.391144,18.389464,0.578904,0.578904,54.450208
5.065900,0.322665,15.978503,0.737988,0.737988,57.218668
3.922799,0.208638,12.367600,1.771418,1.771418,91.380512
4.626799,0.234359,13.157867,2.333796,2.333796,87.145734
3.964816,0.228396,11.371843,2.464838,2.464838,75.912938
4.709784,0.213975,14.271669,3.023103,3.023103,88.986922
3.654817,0.169798,12.868255,3.902797,3.902797,89.199038
5.653864,0.253960,14.031240,4.327708,4.327708,92.513036
4.715469,0.159099,13.844668,5.888883,5.888883,83.957882
4.895740,0.177141,18.695299,3.426506,3.426506,87.506955
6.516606,0.143478,16.241933,6.004943,6.004943,88.517470
5.369777,0.218016,17.228682,4.818578,4.818578,94.485981
5.608256,0.146590,15.653938,5.871568,5.871568,87.668904
5.239212,0.151538,17.369012,5.447545,5.447545,89.661439
6.129465,0.188966,16.693076,4.104686,4.104686,95.191160
5.442216,0.155003,18.037177,4.700745,4.700745,95.224735
6.132745,0.148901,17.797442,4.778241,4.778241,93.034925
6.020933,0.178580,22.882415,3.455510,3.455510,99.209837
5.416284,0.203028,17.781710,4.065797,4.065797,96.950683
5.825044,0.345917,28.073624,4.208644,4.208644,107.600349
9.778393,0.326907,37.294813,4.386704,4.386704,123.234198
6.810305,0.195568,25.431421,3.777199,3.777199,104.486117
6.332532,0.208164,21.551449,3.246576,3.246576,115.375543
7.700322,0.377212,31.005416,4.800209,4.800209,127.705543
6.714558,0.258156,21.829872,7.594612,7.594612,113.641701
9.536558,0.388392,37.264864,4.257302,4.257302,124.489006
6.536333,0.289817,22.399505,3.742738,3.742738,112.434317
7.326203,0.526084,24.124525,4.104697,4.104697,128.696032
7.111151,0.445382,21.199926,5.714044,5.714044,123.514261
6.073698,0.336919,23.176162,4.171964,4.171964,124.065359
5.115669,0.363537,22.473888,6.897659,6.897659,130.562321
6.460566,0.470866,23.917804,5.645668,5.645668,127.352177
4.919527,0.418017,19.727230,4.609261,4.609261,126.369080
5.386612,0.732647,22.602703,10.332564,10.332564,138.396214
5.122091,0.402794,26.382734,10.312403,10.312403,135.844392
5.572300,0.435298,17.829468,7.788556,7.788556,133.538984
4.369273,0.398632,15.447708,5.175116,5.175116,133.051752
6.238618,0.298291,17.132463,5.698810,5.698810,136.867506
4.883531,0.312573,17.045209,7.317693,7.317693,129.266932
5.520302,0.314778,19.038014,0.000000,0.000000,24.873957
9.853234,0.319318,33.083283,26.206100,26.206100,204.593214
7.366063,0.442868,27.337917,8.480059,8.480059,153.293929
5.810741,0.220945,26.343059,13.627726,13.627726,163.940293
8.858291,0.385196,28.331120,10.030278,10.030278,160.810263
8.500952,0.384308,26.333704,5.361964,5.361964,160.392240
5.522037,0.295521,20.332480,10.819094,10.819094,147.449114
5.581663,0.324331,19.619536,7.087238,7.087238,137.917213
6.052221,0.350762,17.898537,4.758029,4.758029,144.636422
6.495354,0.361965,19.465860,8.980554,8.980554,153.538421
6.034181,0.377631,20.709201,6.816764,6.816764,161.878598
5.885400,0.421771,21.023540,6.010557,6.010557,158.427686
6.247740,0.437614,26.987240,4.454153,4.454153,158.126449
5.744965,0.323318,20.224867,4.047327,4.047327,160.147608
7.324663,0.548371,16.683164,4.890388,4.890388,145.067148
6.152688,0.402678,18.394961,4.589058,4.589058,143.283436
4.282925,0.257247,13.222448,2.731281,2.731281,75.350927
5.665461,0.182803,14.447866,2.613360,2.613360,71.791275
4.070416,0.158990,15.066435,3.602839,3.602839,67.308927
5.112009,0.167698,14.845679,2.111776,2.111776,56.320055
5.155135,0.206879,19.828548,2.402053,2.402053,63.915977
6.939925,0.253817,22.895907,2.069071,2.069071,67.023476
5.051070,0.197537,18.629284,2.014405,2.014405,53.444318
6.381088,0.274331,22.867690,0.834394,0.834394,59.178059
4.345562,0.165458,15.145795,0.642643,0.642643,41.723934
5.835495,0.266890,22.986064,0.921657,0.921657,52.758165
6.676679,0.263088,26.645411,0.366808,0.366808,70.125313
5.885725,0.172007,17.358132,0.676402,0.676402,45.509604
5.106298,0.196211,16.800916,1.782442,1.782442,109.249690
5.780375,0.178597,12.975181,1.633438,1.633438,95.431593
5.833676,0.188308,14.652707,2.032373,2.032373,96.014862
5.694315,0.390329,16.614965,1.982731,1.982731,100.688386
6.171677,0.209658,16.993064,2.035815,2.035815,99.866927
7.427567,0.362216,30.486915,1.971416,1.971416,81.327762
3.709730,0.233115,13.491234,1.854319,1.854319,46.086911
3.623632,0.189627,17.427268,1.976989,1.976989,55.156046
3.741912,0.196107,14.557858,1.069089,1.069089,47.483980
3.852572,0.228129,16.893442,1.385350,1.385350,59.334683
3.611241,0.192042,12.473857,1.119231,1.119231,46.328261
3.245334,0.188100,11.567193,1.060417,1.060417,45.841209
4.821413,0.199838,16.163826,1.891075,1.891075,51.639665
5.906751,0.250914,16.035910,1.808951,1.808951,61.694551
5.350535,0.317593,17.292925,1.023159,1.023159,51.248829
10.339455,0.308551,29.490422,3.320422,3.320422,107.690141
6.817799,0.248013,29.008153,2.106612,2.106612,65.875264
4.733900,0.263347,21.614432,1.821032,1.821032,68.659470
4.342803,0.286847,12.748646,0.990878,0.990878,48.776727
2.527683,0.291025,9.340243,1.046160,1.046160,41.239890
2.264876,0.188130,10.829136,1.242098,1.242098,49.594098
3.450580,0.268621,15.287386,2.198221,2.198221,50.958064
2.081123,0.109777,16.237353,1.195997,1.195997,50.030001
4.270640,0.071440,13.078110,1.347051,1.347051,40.097427
6.200172,0.223616,23.464573,2.175136,2.175136,60.598895
7.251314,0.262048,23.308908,2.298536,2.298536,53.630570
6.806598,0.242153,24.955280,2.890079,2.890079,79.231541
4.468382,0.167259,14.948690,2.142382,2.142382,65.395098
3.967595,0.171869,19.366041,2.657716,2.657716,49.856060
2.884742,0.176911,22.007361,1.790742,1.790742,54.435970
1.386117,0.273088,7.237717,1.485685,1.485685,33.362663
4.983119,0.324820,25.264501,2.340209,2.340209,71.183799
4.656512,0.054446,16.951368,1.757971,1.757971,51.333759
9.269417,0.219585,19.954226,3.491491,3.491491,66.097791
5.656414,0.226242,17.319895,1.846018,1.846018,50.739847
6.258677,0.388002,15.089306,1.838973,1.838973,52.778293
2.747681,0.286926,10.789002,1.455598,1.455598,42.962554
3.822313,0.284719,8.562800,2.494557,2.494557,34.488758
2.239725,0.113710,5.657283,1.267705,1.267705,32.852084
3.239334,0.181617,14.345044,1.630764,1.630764,45.646324
3.337441,0.162881,13.329741,1.463144,1.463144,44.667265
4.451167,0.195976,17.706730,1.683973,1.683973,52.008694
3.204634,0.082174,9.358469,1.075051,1.075051,31.941705
3.213754,0.130056,12.235795,1.618969,1.618969,44.033108
3.674556,0.208229,8.366352,1.005830,1.005830,31.059707
2.807963,0.158224,6.400035,1.562792,1.562792,25.531672
3.597704,0.144807,10.702001,1.556891,1.556891,31.144262
2.099658,0.065169,4.794571,0.863643,0.863643,23.192664
2.780648,0.081935,5.371293,1.442814,1.442814,34.825344
3.004809,0.073480,5.709105,0.883227,0.883227,25.109931
4.679166,0.109991,12.024034,1.606633,1.606633,47.834074
1.945601,0.095467,4.795146,1.482239,1.482239,24.969431
3.869475,0.182570,12.023562,2.093327,2.093327,34.797981
2.919590,0.061404,11.154268,1.842794,1.842794,40.913905
3.452874,0.071477,16.940895,1.248011,1.248011,48.877175
6.379905,0.174673,18.334930,2.926719,2.926719,54.001583
5.787557,0.254997,16.509473,2.633758,2.633758,48.397345
6.503111,0.369812,13.376216,1.634489,1.634489,49.997973
4.183953,0.141694,13.032192,1.944704,1.944704,39.033367
4.462472,0.162891,16.188549,1.935114,1.935114,46.547833
5.815756,0.163443,18.037046,1.592064,1.592064,54.534723
3.896339,0.124235,14.604589,2.571718,2.571718,39.997725
5.975277,0.145973,23.965897,3.268434,3.268434,58.250909
6.328548,0.242816,21.129457,3.407322,3.407322,57.084709
6.544624,0.267620,20.419189,4.043264,4.043264,65.268055
5.375522,0.198326,16.096828,2.839805,2.839805,52.904915
5.222181,0.283952,17.272910,3.003634,3.003634,49.021843
5.658076,0.236819,20.658265,2.944646,2.944646,58.556893
4.303787,0.221084,15.583728,4.221514,4.221514,44.936465
3.931168,0.106344,12.685763,2.883515,2.883515,37.182197
6.518768,0.251239,31.592149,2.720242,2.720242,72.856838
3.362188,0.132976,7.936862,2.660316,2.660316,32.315856
3.349445,0.141659,9.829580,1.544891,1.544891,49.884454
3.441088,0.135936,10.629734,1.443917,1.443917,36.970643
5.372401,0.160294,17.800083,1.855100,1.855100,50.120870
6.289279,0.145757,19.529115,1.439807,1.439807,45.420521
3.866022,0.117743,10.311759,2.771196,2.771196,35.214147
5.006425,0.183563,19.829313,2.412968,2.412968,51.880859
2.835095,0.063068,10.630197,2.199420,2.199420,32.031183
3.723800,0.115516,10.257847,1.606010,1.606010,31.614378
3.665716,0.090769,9.450020,2.001159,2.001159,32.419862
3.900054,0.151086,12.529150,2.097768,2.097768,60.290328
5.107343,0.118733,9.930044,2.695942,2.695942,64.760314
6.153340,0.182218,17.813838,3.258346,3.258346,79.683696
3.214089,0.094102,10.341356,2.375026,2.375026,64.510178
3.538387,0.107826,12.192977,2.358287,2.358287,56.614435
2.763842,0.090416,8.803151,2.944846,2.944846,31.273839
3.131775,0.100749,9.799259,2.504730,2.504730,51.958283
2.825929,0.076020,10.906296,1.936466,1.936466,32.853893
3.356453,0.099010,11.062728,3.015842,3.015842,61.341661
3.754777,0.122655,10.142118,2.930323,2.930323,59.519941
4.240499,0.137206,15.654101,3.619569,3.619569,47.906719
3.632373,0.098096,9.858162,3.884044,3.884044,59.532547
4.635856,0.127869,14.308074,2.903820,2.903820,63.161482
5.798885,0.134874,14.587747,3.502346,3.502346,66.337791
3.902202,0.166014,11.756086,4.121237,4.121237,61.203790
3.352152,0.227792,10.616293,3.766621,3.766621,37.737475
3.665269,0.097103,8.848353,3.399705,3.399705,35.339558
3.130886,0.077749,10.720501,2.566660,2.566660,54.760363
2.376693,0.080147,7.243806,2.022567,2.022567,28.165852
3.694128,0.107141,9.102493,2.845862,2.845862,40.288294
4.014365,0.155957,11.067077,3.937904,3.937904,61.006016
3.906411,0.130202,12.028475,3.890845,3.890845,43.528111
3.922677,0.151189,12.627409,3.678579,3.678579,46.198012
3.859066,0.123911,14.108940,3.817190,3.817190,41.263663
4.553180,0.106442,15.896583,4.319480,4.319480,70.995766
6.342539,0.136666,28.664273,4.666747,4.666747,89.726780
9.558384,0.410928,32.783412,6.847415,6.847415,100.562292
5.638846,0.175449,20.881306,6.827342,6.827342,82.750754
4.926735,0.240155,19.585616,8.391186,8.391186,88.493383
4.509437,0.193156,20.553665,6.729095,6.729095,89.604104
4.030430,0.250790,16.604543,5.192160,5.192160,79.144081
6.102524,0.355037,23.363486,5.629679,5.629679,84.554872
9.606066,0.331527,29.019959,6.251455,6.251455,99.219833
6.673548,0.216843,23.481822,7.202248,7.202248,89.318810
5.179080,0.245996,17.279075,6.504060,6.504060,80.319900
3.214070,0.208561,14.572765,5.942331,5.942331,73.927132
3.374971,0.206225,11.592869,4.989703,4.989703,68.319532
2.817868,0.130734,10.024997,6.988511,6.988511,66.680034
2.562697,0.103300,11.670889,5.720329,5.720329,74.582104
4.341787,0.155200,18.367760,7.507485,7.507485,85.755802
5.837598,0.154968,22.754169,8.641615,8.641615,91.242446
4.751239,0.143242,17.368266,9.055092,9.055092,94.363033
4.799690,0.165592,21.032982,8.673115,8.673115,90.271123
5.171177,0.204797,22.594394,12.278754,12.278754,95.858766
4.912125,0.266221,21.078335,8.100807,8.100807,86.319582
5.271468,0.127600,18.490113,13.267645,13.267645,91.106592
5.108158,0.136795,20.488970,9.904506,9.904506,90.173086
5.307300,0.173339,18.632107,8.598508,8.598508,89.490426
6.279868,0.284194,30.666494,8.459703,8.459703,107.228363
6.604042,0.197032,21.224573,7.836417,7.836417,100.681604
3.167084,0.217443,13.490931,7.513491,7.513491,80.201933
2.932450,0.136488,13.154283,8.788463,8.788463,79.308398
4.542463,0.106630,11.022457,7.936661,7.936661,78.335776
2.996784,0.089687,12.050288,8.605360,8.605360,77.474688
4.993097,0.115682,14.168607,6.825660,6.825660,81.473095
5.334049,0.189653,16.454764,8.213115,8.213115,87.282719
3.915588,0.101698,14.902360,10.269717,10.269717,88.262558
3.061928,0.131547,12.226124,7.712762,7.712762,77.973099
2.707849,0.127825,14.566413,7.947172,7.947172,69.102423
2.454111,0.096945,7.640583,8.649890,8.649890,49.057171
2.408782,0.065399,8.245789,9.183019,9.183019,44.411583
3.163139,0.047719,11.934859,8.283424,8.283424,76.771607
3.605666,0.073909,15.047619,7.569766,7.569766,78.902449
5.181096,0.095026,17.734969,9.689993,9.689993,93.050421
4.131999,0.101470,14.650761,8.426791,8.426791,86.385968
4.237177,0.155698,17.994931,11.033165,11.033165,91.303686
4.562921,0.141708,23.706757,12.215379,12.215379,99.043143
4.985921,0.129217,21.148580,10.112698,10.112698,94.725010
5.419641,0.195984,22.077082,11.073255,11.073255,99.804059
11.663615,0.486647,54.209723,12.004625,12.004625,149.000542
6.699230,0.216754,25.330042,8.545002,8.545002,113.836119
7.298252,0.300733,31.565156,10.080335,10.080335,129.934584
7.179637,0.300834,32.608148,12.511406,12.511406,144.138004
7.971945,0.327853,31.599420,11.798597,11.798597,131.268440
7.591519,0.319211,31.921549,13.766499,13.766499,139.815764
6.879931,0.307089,32.451977,13.024176,13.024176,135.989873
6.555116,0.260025,33.416451,12.775576,12.775576,136.875035
11.354643,0.611735,29.586101,13.957111,13.957111,135.083155
7.415413,0.267650,29.375523,11.572345,11.572345,134.655246
7.646492,0.229859,26.810006,12.584371,12.584371,139.003657
8.088700,0.240187,29.483223,16.817121,16.817121,147.290579
5.881790,0.312601,25.001923,13.642149,13.642149,135.043977
5.405271,0.236491,21.954376,12.614306,12.614306,139.784392
9.244690,0.329424,40.441626,15.567066,15.567066,156.111970
6.804876,0.281463,35.134108,13.925619,13.925619,148.385867
7.131765,0.295664,35.628991,15.183359,15.183359,161.176222
7.849836,0.349263,36.090112,11.674023,11.674023,160.137254
7.821074,0.709842,33.202451,13.353429,13.353429,152.117164
5.499020,0.265875,28.870005,12.695516,12.695516,153.572239
5.106004,0.195948,25.287771,12.681975,12.681975,143.778716
7.439323,0.344431,29.481703,12.613124,12.613124,157.250280
7.293044,0.315779,28.748743,14.050134,14.050134,153.317632
6.298437,0.290301,27.374433,14.574684,14.574684,160.013442
6.594933,0.336824,27.685875,11.097171,11.097171,148.049438
5.832627,0.270942,29.459151,11.787442,11.787442,153.856903
6.128578,0.298899,25.791638,14.438023,14.438023,152.147424
6.263965,0.376237,21.317673,14.003742,14.003742,150.751045
6.468069,0.319438,22.639882,8.625323,8.625323,140.854853
9.041884,0.705136,40.224805,8.689409,8.689409,164.710234
5.872610,0.277302,24.054345,7.046035,7.046035,143.604109
6.865705,0.270256,24.715218,8.213694,8.213694,137.727117
6.705875,0.203320,22.955684,9.408216,9.408216,135.189094
7.694837,0.266491,21.796252,5.976274,5.976274,131.909777
7.715842,0.253196,24.801537,7.871189,7.871189,140.500009
6.668771,0.260010,26.016890,8.715784,8.715784,138.324370
10.315354,0.307819,30.965040,6.747939,6.747939,154.731389
6.455741,0.302207,20.668920,8.335540,8.335540,137.572794
4.794203,0.272369,17.970890,5.579405,5.579405,67.827694
6.084416,0.248028,18.106883,5.257143,5.257143,63.315783
4.836890,0.155228,17.197194,4.505732,4.505732,59.059201
6.830902,0.244152,22.415491,6.041858,6.041858,134.241121
4.766886,0.180871,15.726189,5.978755,5.978755,127.588828
10.052977,0.473083,19.790720,5.470616,5.470616,138.280414
7.724393,0.225333,17.846288,5.800190,5.800190,133.096219
5.160283,0.188756,27.901234,6.211638,6.211638,135.085971
6.584687,0.221416,20.261752,5.334615,5.334615,62.708317
5.194472,0.277977,15.847967,4.460127,4.460127,126.062355
7.246206,0.386410,26.169359,5.406086,5.406086,69.556753
6.654246,0.199540,22.555081,5.924897,5.924897,68.025687
4.715710,0.155826,19.716055,4.539232,4.539232,53.963173
7.646581,0.195432,24.017841,5.705246,5.705246,65.419391
6.075759,0.155972,18.595473,5.356561,5.356561,55.899222
6.292951,0.153870,22.043501,5.561981,5.561981,60.766034
6.003036,0.125837,23.468067,7.226566,7.226566,71.206042
6.360379,0.118603,20.888673,8.879948,8.879948,67.773018
7.038306,0.160707,26.249266,14.511466,14.511466,95.977268
7.085498,0.128703,29.284197,17.414502,17.414502,86.531776
6.115332,0.156404,28.984987,15.571122,15.571122,99.373987
6.592662,0.173745,28.527857,13.705312,13.705312,91.757376
7.229876,0.235126,33.173941,17.452727,17.452727,136.924463
6.854050,0.207345,37.116966,15.708081,15.708081,136.052878
7.835951,0.301345,35.963797,19.571907,19.571907,142.696861
7.022420,0.225671,42.273527,16.466404,16.466404,156.355958
6.446414,0.399050,25.868299,12.463691,12.463691,136.805313
7.135441,0.389297,41.595654,12.547235,12.547235,160.971385
9.233847,0.318353,37.881623,11.641213,11.641213,164.146816
7.233714,0.255030,30.884072,15.472430,15.472430,165.858693
6.478729,0.382054,26.522104,12.561543,12.561543,151.080764
5.045376,0.284591,19.921716,12.628502,12.628502,161.064769
5.793242,0.268064,25.459233,7.668731,7.668731,152.726337
7.125253,0.202188,25.865686,11.797025,11.797025,165.170840
12.348848,0.642722,31.721102,5.834889,5.834889,172.660378
7.295533,0.381477,26.760813,8.895366,8.895366,161.713293
11.016709,0.286691,27.958309,9.906016,9.906016,167.910759
7.949848,0.211026,25.812641,9.514583,9.514583,155.878366
10.838898,0.248971,22.442934,10.946843,10.946843,160.002044
9.793391,0.195638,24.659949,8.337714,8.337714,169.849059
8.067469,0.189811,24.317630,6.829355,6.829355,169.367769
7.057227,0.212500,23.268240,9.697115,9.697115,168.275343
9.827298,0.327184,26.239308,8.201820,8.201820,170.497451
6.179418,0.208575,20.104671,12.068336,12.068336,163.000570
6.630932,0.225847,18.283325,6.078764,6.078764,155.096202
6.602957,0.202375,29.060774,5.500932,5.500932,165.252973
7.725425,0.265840,23.156536,6.524540,6.524540,83.318010
5.237602,0.216714,20.255106,8.831382,8.831382,81.538180
4.881447,0.174164,20.097692,4.485711,4.485711,75.674546
5.882072,0.243497,27.212715,6.111840,6.111840,80.788791
5.037075,0.233381,21.962080,7.753431,7.753431,155.425002
5.373816,0.254724,20.757546,7.740846,7.740846,149.685274
4.060462,0.178807,19.580182,4.722228,4.722228,154.948321
3.957931,0.158578,18.404285,13.551964,13.551964,157.337001
4.077975,0.181868,16.338586,5.562330,5.562330,142.248183
3.626619,0.163864,14.715620,7.013228,7.013228,145.719792
2.807978,0.175443,12.576308,3.416857,3.416857,52.487937
3.739753,0.169165,13.120351,6.535360,6.535360,138.292220
2.456521,0.214800,7.034295,4.210703,4.210703,40.014950
1.702196,0.183717,6.004346,3.694337,3.694337,33.339629
1.491336,0.081096,5.475542,5.602244,5.602244,34.099071
2.527983,0.126420,9.553608,3.908547,3.908547,51.533103
2.223884,0.047095,6.158856,3.115698,3.115698,31.920720
2.554003,0.067821,6.165854,2.347298,2.347298,29.296532
2.383145,0.054676,6.831072,6.533466,6.533466,99.880253
1.367005,0.087145,3.613792,2.049552,2.049552,28.870004
3.482080,0.082042,13.838088,4.608247,4.608247,52.419849
2.438212,0.061867,7.759190,4.262961,4.262961,35.382973
3.758186,0.113997,13.070081,7.685318,7.685318,101.202541
4.063836,0.201116,10.283115,4.242641,4.242641,84.784080
6.528005,0.196119,19.352175,6.653519,6.653519,105.731412
4.601357,0.094133,12.593463,8.536706,8.536706,92.771516
5.556536,0.145962,13.008734,6.547551,6.547551,94.261739
4.166754,0.129786,14.969647,5.399542,5.399542,89.552436
7.273786,0.246674,17.119370,6.123031,6.123031,98.027582
5.111760,0.146362,16.317938,8.388734,8.388734,96.614223
6.339518,0.167867,21.808861,7.890596,7.890596,103.683946
6.824636,0.193774,19.341690,6.474361,6.474361,106.290656
7.025662,0.196263,22.540796,7.562655,7.562655,114.717856
7.746504,0.285999,26.191020,9.596946,9.596946,134.603642
8.212142,0.242140,27.291258,9.188403,9.188403,125.701020
6.667836,0.253505,26.145094,8.011133,8.011133,126.644857
5.841079,0.181536,25.088806,10.689419,10.689419,116.050710
8.736110,0.272407,28.786230,9.329039,9.329039,124.339585
8.095978,0.331124,24.591106,8.584437,8.584437,112.016884
7.251701,0.212802,21.190881,9.070499,9.070499,120.102781
5.696163,0.183770,15.519241,9.408775,9.408775,98.176532
5.846769,0.114970,15.605800,7.661712,7.661712,100.589334
4.773565,0.124541,13.766748,7.828305,7.828305,67.110641
5.806981,0.137787,14.970599,9.006341,9.006341,74.359398
4.397775,0.109542,15.000785,6.024898,6.024898,70.233285
7.727191,0.355493,19.466900,5.993228,5.993228,77.859799
4.033028,0.235872,12.085842,7.223190,7.223190,61.317898
5.744590,0.179718,24.510070,5.200402,5.200402,77.413247
4.926031,0.166254,25.540585,5.382924,5.382924,76.135080
4.768154,0.164081,24.045208,8.455363,8.455363,82.111360
5.450720,0.172212,24.021664,4.664749,4.664749,74.005942
6.125345,0.164828,19.864184,5.154025,5.154025,67.214624
6.339701,0.162699,20.414823,6.769343,6.769343,98.785982
5.891546,0.151312,21.501898,8.460395,8.460395,99.431457
5.608116,0.165433,20.500917,4.401374,4.401374,113.119215
6.228400,0.215970,24.761428,6.152778,6.152778,104.570170
5.869852,0.337045,18.351823,4.900175,4.900175,97.277656
4.941005,0.141504,17.043165,7.858882,7.858882,91.134381
5.321007,0.141937,19.111098,8.800835,8.800835,96.397175
8.891751,0.125915,19.198507,7.386377,7.386377,106.133558
5.752995,0.170454,18.405154,5.682884,5.682884,102.135354
5.207301,0.104911,18.592005,6.809554,6.809554,96.797762
5.190854,0.122350,15.033095,8.618792,8.618792,90.651689
4.268448,0.088952,14.974709,6.315849,6.315849,92.497133
5.665622,0.112773,27.850260,5.118673,5.118673,117.029273
7.564612,0.122873,30.592167,7.374470,7.374470,127.562110
8.755963,0.241678,40.010681,5.597003,5.597003,130.413357
9.387954,0.269016,24.481078,7.478478,7.478478,112.067766
5.889049,0.327665,25.145260,4.458885,4.458885,73.751332
5.461000,0.215250,17.527879,9.066631,9.066631,108.226864
5.554602,0.229211,22.146081,5.263480,5.263480,78.413906
5.292052,0.155200,21.728870,6.686549,6.686549,79.459045
4.916074,0.134011,13.583526,5.398122,5.398122,61.864692
2.611210,0.091930,9.910251,3.906375,3.906375,45.476445
3.421630,0.084412,12.511864,3.626831,3.626831,50.842815
4.697166,0.283631,15.348204,4.371757,4.371757,62.006968
3.092552,0.107950,8.949786,3.522706,3.522706,43.847655
1.885804,0.068376,6.811346,3.040542,3.040542,34.114292
1.942313,0.056999,9.031480,4.158637,4.158637,47.392328
2.251430,0.090203,5.880065,2.691500,2.691500,30.670334
1.768689,0.046465,3.036293,2.439612,2.439612,25.654925
0.802776,0.038745,2.393260,2.221741,2.221741,27.677800
1.054022,0.070372,3.667003,2.542264,2.542264,30.740051
0.326589,0.010256,1.185534,1.649273,1.649273,15.012330
1.063634,0.006505,3.720425,3.000774,3.000774,22.956232
3.889232,0.027569,14.380330,5.232730,5.232730,48.935043
2.392588,0.032484,7.241713,5.715386,5.715386,39.150073
1.620469,0.071070,4.192349,5.877672,5.877672,31.116235
2.215124,0.089724,4.558370,5.384299,5.384299,32.772860
2.165043,0.072412,7.581727,6.058734,6.058734,30.879823
3.512269,0.144301,8.617835,5.064177,5.064177,30.929605
3.536755,0.089040,10.584749,4.057512,4.057512,36.331076
3.744457,0.073077,11.980884,4.707177,4.707177,34.205554
2.819784,0.064974,11.189924,4.581439,4.581439,40.243821
3.689391,0.089239,12.635393,4.618667,4.618667,60.462064
4.281329,0.110350,16.410462,6.013188,6.013188,48.604924
3.883254,0.077417,12.937383,5.157920,5.157920,71.204022
4.625658,0.115741,15.524095,5.177993,5.177993,67.032709
6.873320,0.167334,19.125483,4.872968,4.872968,78.120169
4.840759,0.096468,16.086128,4.289427,4.289427,67.511246
5.022734,0.111958,13.719802,7.254946,7.254946,69.024815
5.772708,0.147349,17.687758,5.299855,5.299855,71.756306
4.550811,0.089146,15.512092,5.546806,5.546806,69.808771
4.646864,0.089801,14.579604,5.407976,5.407976,64.889248
5.735034,0.104589,13.849264,4.964864,4.964864,68.375637
5.019147,0.138653,16.060848,8.545317,8.545317,76.171784
5.527776,0.161291,13.708751,5.657728,5.657728,71.245521
5.005922,0.148062,18.787274,4.121652,4.121652,70.185623
4.238444,0.086578,13.854941,4.597798,4.597798,70.406955
4.491337,0.135122,17.718128,5.610195,5.610195,74.269459
8.074804,0.173113,21.785572,6.405550,6.405550,82.887004
4.605974,0.098507,20.675902,5.518069,5.518069,75.600720
5.326724,0.088504,13.507113,6.820819,6.820819,70.365607
5.064420,0.112279,14.073695,6.213614,6.213614,73.569258
6.132858,0.176735,17.981930,7.254561,7.254561,79.531523
8.195272,0.227593,28.615853,5.249168,5.249168,86.917490
9.910060,0.111071,21.032551,7.392861,7.392861,91.994253
7.106388,0.134104,19.546148,7.657138,7.657138,81.605894
5.874032,0.142067,14.193839,5.802509,5.802509,73.351522
5.095917,0.103281,13.632945,4.957173,4.957173,70.343481
5.926014,0.078962,14.144291,6.788522,6.788522,67.195658
6.526076,0.089040,14.169492,4.637427,4.637427,65.809795
5.661398,0.076754,15.260087,6.255800,6.255800,69.979195
4.354357,0.060376,11.995516,5.061977,5.061977,59.513205
4.785588,0.063963,16.323494,4.240105,4.240105,54.473054
6.373617,0.065778,14.834346,6.160580,6.160580,66.072949
4.693408,0.078636,11.815944,4.845509,4.845509,66.193266
6.582221,0.083353,16.728527,6.127841,6.127841,69.828492
4.877668,0.063469,11.112408,5.891150,5.891150,63.024364
5.087689,0.074052,11.038898,6.150553,6.150553,65.690202
5.742564,0.063483,11.547237,5.761197,5.761197,66.964432
6.868252,0.085747,11.649283,5.007793,5.007793,69.012427
5.318493,0.056684,12.169555,6.469769,6.469769,55.062749
5.688369,0.064303,14.405504,5.427757,5.427757,67.929468
8.034315,0.071942,13.005657,4.210470,4.210470,53.508535
6.315296,0.073562,16.958276,5.355780,5.355780,60.962938
7.821707,0.075899,15.551324,5.087705,5.087705,56.163926
5.491604,0.063384,14.645608,5.252828,5.252828,55.492241
7.101976,0.087207,13.544540,3.700413,3.700413,49.305278
4.944754,0.051955,20.779677,3.167151,3.167151,51.270232
4.397264,0.053391,17.244280,4.949389,4.949389,49.094557
8.099776,0.085172,13.392966,5.007267,5.007267,53.845651
8.543564,0.037346,20.046212,6.613485,6.613485,62.840408
8.797316,0.024734,18.111643,4.580917,4.580917,47.599499
8.574687,0.035090,18.257784,7.679102,7.679102,58.023421
