1413393216555760384.000000 0.935114563 -1.512197971 0.261334419 -0.532587290 -0.604405582 -0.384308398 0.450945288
1413393219505760512.000000 0.464985520 -2.075161219 0.544399202 -0.554891348 -0.609006464 -0.368377328 0.430702835
1413393222455760384.000000 0.294868380 -1.982914805 0.937837303 -0.544111013 -0.615317404 -0.379140884 0.426122069
1413393223405760512.000000 0.210856855 -1.689277887 1.036547184 -0.535509765 -0.624311149 -0.373086363 0.429268658
1413393223755760384.000000 0.159674421 -1.521066546 0.942507088 -0.531195879 -0.615159214 -0.386720836 0.435726017
1413393224055760384.000000 0.097148940 -1.385456204 0.911225021 -0.537778318 -0.609429836 -0.391644478 0.431282401
1413393226555760384.000000 -0.145327061 -0.656244755 0.555117369 -0.739092231 -0.364034384 -0.498101264 0.270401448
1413393228755760384.000000 0.292224705 0.038304374 0.474157423 -0.793962896 -0.191275761 -0.558001280 0.147210658
1413393231655760384.000000 1.853810906 1.020228267 0.385021865 -0.794618785 -0.070417181 -0.597636878 0.080328338
1413393232355760384.000000 2.221982718 1.137941003 0.316280097 0.814768672 -0.021354338 0.579085410 -0.018872548
1413393232555760384.000000 2.322426558 1.119193435 0.281873018 0.816580594 -0.055859730 0.574496984 0.005387322
1413393232905760512.000000 2.505301237 1.053400755 0.199562356 0.815872252 -0.077769518 0.572434783 0.024956042
1413393233105760512.000000 2.616758108 0.998481572 0.177713737 0.819032073 -0.070290521 0.568136513 0.038296584
1413393233705760512.000000 2.962908268 0.819796085 0.298989803 0.803082168 -0.118943095 0.576956689 0.089624807
1413393233955760384.000000 3.087843657 0.763530076 0.414774656 0.788206995 -0.154662520 0.583570838 0.119392194
1413393234155760384.000000 3.174044132 0.731025338 0.501074016 0.783190131 -0.194184512 0.576820135 0.127216771
1413393234305760512.000000 3.230531216 0.707514882 0.546518326 0.766392231 -0.223540798 0.588556051 0.127570227
1413393234905760512.000000 3.204553604 0.565105915 0.692838013 0.750075996 -0.291416138 0.546308696 0.232399061
1413393237405760512.000000 3.236969948 0.296873927 0.653919518 0.610455275 -0.529714048 0.424758255 0.407833159
1413393240055760384.000000 3.579246044 -0.646686852 0.738363206 0.597749174 -0.557132602 0.435893327 0.377221882
1413393242555760384.000000 3.696895123 -1.623832226 0.545492470 0.584324658 -0.562734902 0.447039932 0.376894355
1413393245105760512.000000 3.608718157 -1.615288973 0.549383163 0.689604759 -0.427598029 0.506070256 0.292400569
1413393247555760384.000000 3.614130497 -1.247795463 0.218610525 0.732018292 -0.397382885 0.497383207 0.242581904
1413393248055760384.000000 3.643768549 -1.316266775 0.133499965 0.709562302 -0.376000881 0.543029547 0.245486423
1413393250855760384.000000 3.561369181 -1.385347486 0.023136429 0.701428890 -0.406444520 0.520945668 0.267237902
1413393251455760384.000000 3.590934992 -1.365255833 0.043044414 0.649905205 -0.474985629 0.486466348 0.339650482
1413393254155760384.000000 3.511910677 -1.354407430 0.320076555 0.424522221 -0.694825113 0.314519197 0.487930983
1413393254455760384.000000 3.495924711 -1.446713328 0.391170353 0.401002675 -0.712271452 0.275901616 0.505712032
1413393256255760384.000000 3.389683485 -2.003715754 0.602681041 0.376551628 -0.728948414 0.262336701 0.507959187
1413393257255760384.000000 3.161531687 -2.386267185 0.575144172 0.383699536 -0.723292351 0.282470286 0.499833375
1413393257755760384.000000 3.024561167 -2.624094486 0.512999654 0.374524176 -0.725440025 0.282045960 0.503903270
1413393258205760512.000000 2.891899109 -2.847498655 0.470875800 0.382007986 -0.720122635 0.267805129 0.513589025
1413393260905760512.000000 2.707176447 -3.861695051 0.517973244 0.752265990 -0.284074575 0.535552621 0.258032829
1413393263555760384.000000 3.303050518 -3.974377632 0.455943614 0.792618871 -0.187497497 0.569024980 0.113184348
1413393266405760512.000000 3.654051781 -4.052452564 0.229233801 -0.813694596 -0.045522951 -0.578435302 0.035235684
1413393266855760384.000000 3.652788639 -3.984667778 0.295449436 -0.774147809 -0.210263774 -0.571221232 0.173754573
1413393268055760384.000000 3.589391470 -4.128203869 0.324035347 -0.779005706 -0.235553548 -0.555470109 0.170639113
1413393270605760512.000000 3.485679865 -4.134668350 0.045168206 -0.777467132 -0.265203774 -0.536917627 0.192175552
1413393271905760512.000000 3.503109932 -3.945849419 0.059010074 -0.800206423 -0.156063601 -0.570116758 0.101393737
1413393272805760512.000000 3.367191315 -3.700383186 0.157929316 -0.809447825 -0.044615608 -0.585304916 0.014900123
1413393273605760512.000000 3.240272760 -3.446238518 0.272886872 0.803393126 -0.132122204 0.572510123 0.096620291
1413393276205760512.000000 2.814541340 -2.990799904 0.479778230 0.619009852 -0.533787787 0.436046124 0.376511812
1413393277705760512.000000 2.598907232 -3.181699753 0.476680815 0.613107562 -0.527176976 0.455362737 0.372596860
1413393279055760384.000000 2.114674568 -3.352537632 0.447182387 0.533358753 -0.613521039 0.374201238 0.446199447
1413393279555760384.000000 1.871357203 -3.444212914 0.433063716 0.553357482 -0.612322152 0.366930217 0.429207921
1413393280055760384.000000 1.726312637 -3.593970299 0.417407304 0.547578037 -0.594474077 0.394323885 0.437341422
1413393280555760384.000000 1.625428081 -3.698819876 0.439754784 0.536603689 -0.599785388 0.430190116 0.408962578
1413393281055760384.000000 1.400025606 -3.742934465 0.391441613 0.551978528 -0.604395628 0.418302089 0.393762529
1413393281255760384.000000 1.267498016 -3.767121553 0.392823428 0.564543605 -0.592148244 0.400315970 0.412792951
1413393281655760384.000000 1.030035615 -3.836702585 0.427085072 0.560722947 -0.590915978 0.392130852 0.427365810
1413393282005760512.000000 0.875041187 -3.902681112 0.477698267 0.540392220 -0.595207036 0.403658748 0.436765850
1413393282505760512.000000 0.677387059 -3.967865944 0.572333992 0.543580413 -0.602885425 0.393951893 0.431104898
1413393282905760512.000000 0.542920351 -4.020406723 0.584267855 0.554345667 -0.582327724 0.409995019 0.430696577
1413393283405760512.000000 0.459510654 -4.060820103 0.602741480 0.637119055 -0.518331289 0.433827102 0.370413333
1413393283905760512.000000 0.478166610 -4.134092808 0.532250226 0.694720924 -0.423514485 0.492726862 0.308575302
1413393284255760384.000000 0.537727237 -4.174571037 0.471843123 0.739790320 -0.347579092 0.516715586 0.254762858
1413393284705760512.000000 0.665932775 -4.193767548 0.441682249 0.779805541 -0.237753987 0.554654002 0.166539609
1413393285155760384.000000 0.811285138 -4.196956158 0.429978639 0.809783638 -0.120271906 0.571516514 0.056160297
1413393286555760384.000000 1.228649735 -4.475474358 0.443007737 -0.805175543 -0.097124517 -0.579578936 0.079671554
1413393287005760512.000000 1.319308996 -4.577888012 0.423873276 -0.808207154 -0.115320563 -0.575593174 0.046849001
1413393289955760384.000000 2.004225254 -4.399303436 0.434676349 -0.724794447 -0.364629269 -0.520699859 0.265688360
1413393292755760384.000000 2.437443972 -4.285637856 0.253788918 -0.686400950 -0.422663182 -0.512584448 0.295747876
1413393293755760384.000000 2.126215696 -4.384838104 0.372804165 -0.682018697 -0.442445219 -0.490760207 0.313444048
1413393296505760512.000000 0.762013257 -4.420507908 0.434601516 -0.698349416 -0.435160488 -0.481577814 0.301705688
1413393297655760384.000000 0.482956111 -4.078672409 0.274623007 -0.727509141 -0.372379929 -0.502610147 0.281862795
1413393299255760384.000000 0.653566778 -3.565330505 0.184947282 -0.712749720 -0.382613301 -0.516540647 0.280678928
1413393299955760384.000000 0.663948715 -3.381509066 0.219004706 -0.713481843 -0.377367944 -0.519641578 0.280195773
1413393300755760384.000000 0.565230906 -3.249486208 0.304335475 -0.678117096 -0.449214131 -0.466958463 0.346862584
1413393301155760384.000000 0.550604105 -3.205227137 0.283400744 -0.629571080 -0.494259000 -0.470190793 0.371845394
1413393301455760384.000000 0.517917395 -3.198604584 0.204641357 -0.600923121 -0.527238309 -0.448537141 0.399656951
1413393302105760512.000000 0.373770654 -3.257215261 0.122119941 -0.549023807 -0.601661742 -0.400557488 0.419678211
1413393302705760512.000000 0.147338212 -3.291406155 0.141652420 -0.574149609 -0.578684628 -0.390353143 0.427902758
1413393303105760512.000000 0.024725638 -3.297062635 0.206495896 -0.578194141 -0.575439155 -0.392862439 0.424523890
1413393304105760512.000000 -0.206772149 -3.251114130 0.441821724 -0.580872118 -0.570568979 -0.398714304 0.421978205
1413393305155760384.000000 -0.407487541 -3.076071024 0.402100623 -0.566247761 -0.593742728 -0.396657050 0.411699176
1413393305555760384.000000 -0.514109910 -2.959531784 0.433891386 -0.575006187 -0.584327221 -0.406458855 0.403386712
1413393305955760384.000000 -0.652352810 -2.824367762 0.487562209 -0.583190143 -0.570355296 -0.436665833 0.379350990
1413393306855760384.000000 -1.125601292 -2.478689909 0.539009809 -0.663732409 -0.475268692 -0.442601442 0.371056467
1413393307255760384.000000 -1.236846447 -2.333193302 0.531111836 -0.697406828 -0.427814841 -0.473815233 0.325725824
1413393307905760512.000000 -1.274872661 -2.102424622 0.574267268 -0.761290550 -0.309760064 -0.527094543 0.216001987
1413393310405760512.000000 -1.191566467 -1.257066846 0.431139022 -0.814759910 -0.025523299 -0.579137623 0.010699877
1413393311305760512.000000 -0.984894693 -1.221207261 0.376114011 -0.821783900 -0.005295403 -0.569667697 0.011037916
1413393311505760512.000000 -0.915223777 -1.229613185 0.330760062 -0.823285341 -0.007856424 -0.567564130 0.003257961
1413393314355760384.000000 -0.150737941 -1.253875136 0.322076440 -0.816390455 -0.028481979 -0.576506436 0.018320939
1413393316705760512.000000 0.261076897 -0.776796281 0.569927394 -0.793155372 -0.181277335 -0.566684127 0.130046830
1413393317205760512.000000 0.288764626 -0.562613904 0.589084864 -0.783424079 -0.194329098 -0.574348927 0.136404529
1413393317705760512.000000 0.264530361 -0.341631234 0.529917121 -0.778790891 -0.187294364 -0.582756698 0.137113869
1413393318155760384.000000 0.161467806 -0.156727538 0.427960038 -0.791864753 -0.175526276 -0.571062922 0.126601592
1413393318605760512.000000 0.039743587 0.014239661 0.309294879 -0.797457576 -0.151811928 -0.567022502 0.139642194
1413393318855760384.000000 -0.018271189 0.081265241 0.251254469 -0.794672728 -0.151556075 -0.570936620 0.139847845
1413393319155760384.000000 -0.092774056 0.129461274 0.219941586 -0.789665401 -0.155077562 -0.576815903 0.140224516
1413393319605760512.000000 -0.210552126 0.148766011 0.176830113 -0.814135134 -0.157360762 -0.539877832 0.144753724
1413393320005760512.000000 -0.221932247 0.143803418 0.069440790 -0.801695406 -0.178600803 -0.556571305 0.124958992
1413393320405760512.000000 -0.206100613 0.161518931 -0.046332888 -0.793344378 -0.173286781 -0.569849133 0.125890091
1413393320855760384.000000 -0.212543115 0.213533998 -0.122399397 -0.790592551 -0.166603193 -0.576980472 0.119583689
1413393321155760384.000000 -0.228250071 0.189970851 -0.122287884 -0.787209094 -0.163586259 -0.581183136 0.125569507
1413393321505760512.000000 -0.229744658 0.187536985 -0.117149144 -0.787811577 -0.161421865 -0.583496153 0.113262147
1413393322005760512.000000 -0.227516636 0.186919302 -0.117202632 -0.788288057 -0.159568951 -0.582884490 0.115695044
1413393322505760512.000000 -0.228204757 0.187079921 -0.117399126 -0.788413405 -0.159442097 -0.582689464 0.115998395
1413393323005760512.000000 -0.229154587 0.186819404 -0.116934225 -0.788508296 -0.159368187 -0.582550883 0.116151027
1413393323505760512.000000 -0.229932383 0.186328828 -0.116519779 -0.788579524 -0.159218848 -0.582437575 0.116439871
1413393324005760512.000000 -0.229644939 0.186496630 -0.117266841 -0.788739741 -0.159072682 -0.582250834 0.116488501
1413393324505760512.000000 -0.229712188 0.186584473 -0.116816036 -0.788873434 -0.159014121 -0.582081318 0.116510406
1413393325005760512.000000 -0.230069488 0.186429232 -0.116076618 -0.788987279 -0.159027159 -0.581904531 0.116604634
1413393325505760512.000000 -0.230580091 0.186468124 -0.116704211 -0.789048076 -0.158826083 -0.581860662 0.116685696
1413393326005760512.000000 -0.229838237 0.186557472 -0.116501689 -0.789097846 -0.158708081 -0.581782758 0.116898701
