1413393216555760384.000000 0.028052665 -1.026621103 -0.252047032 -0.558051765 -0.580954731 -0.402221411 0.435072154
1413393219505760512.000000 -0.484535635 -1.551369905 0.031247901 -0.580433071 -0.584294319 -0.385401875 0.416128755
1413393222405760512.000000 -0.641114414 -1.445939541 0.433853239 -0.569008827 -0.588867843 -0.397242695 0.414320886
1413393223355760384.000000 -0.698694468 -1.166770816 0.514864802 -0.562527001 -0.600387692 -0.389156014 0.414313406
1413393223655760384.000000 -0.728402376 -1.016788006 0.458596319 -0.555856705 -0.593340099 -0.401598960 0.421531796
1413393224455760384.000000 -0.884938657 -0.653549194 0.313572317 -0.566798747 -0.575043082 -0.416996896 0.417346716
1413393225305760512.000000 -1.049106717 -0.403243452 0.079292327 -0.631254733 -0.518571615 -0.433419794 0.380457968
1413393227955760384.000000 -0.722603858 0.411977619 -0.027902853 -0.766003788 -0.279309094 -0.533337653 0.225334272
1413393228655760384.000000 -0.507393003 0.554376245 -0.037255697 -0.798566103 -0.167457968 -0.562736213 0.132581875
1413393230705760512.000000 0.479714453 1.133139253 -0.156864598 -0.810089827 -0.135904491 -0.557666540 0.119551182
1413393232055760384.000000 1.391939640 1.519625187 -0.184525147 0.813716650 -0.009557717 0.579524994 -0.043869577
1413393232355760384.000000 1.540029526 1.514464021 -0.197592810 0.814241052 -0.054456577 0.577950180 0.004430360
1413393232605760512.000000 1.662307382 1.479397297 -0.245865658 0.814358592 -0.094608054 0.571665704 0.032677248
1413393232955760384.000000 1.839404821 1.393668532 -0.324033916 0.813449979 -0.109407529 0.568840623 0.052436713
1413393233155760384.000000 1.948269129 1.327929974 -0.339916438 0.816767812 -0.102118149 0.564397156 0.062595420
1413393233655760384.000000 2.229650021 1.154620647 -0.240331888 0.796880364 -0.142983541 0.577316403 0.106034167
1413393233905760512.000000 2.354666948 1.083257198 -0.130222008 0.785859883 -0.180164829 0.575205863 0.138214216
1413393234105760512.000000 2.444268465 1.039573669 -0.041887134 0.775674164 -0.217129141 0.573806465 0.148090422
1413393234255760384.000000 2.502642870 1.009773016 0.009979280 0.766587496 -0.244201407 0.573946238 0.152627006
1413393236905760512.000000 2.479403019 0.660464585 0.084700577 0.584371865 -0.584201157 0.422829866 0.372066498
1413393239005760512.000000 2.706126690 0.095355026 0.157807410 0.572439969 -0.580851436 0.422221810 0.395793915
1413393241855760384.000000 2.761023283 -1.260597706 0.053627782 0.569778442 -0.578434885 0.402231544 0.423054993
1413393244455760384.000000 2.693504095 -1.538093567 0.031727601 0.661309063 -0.461227953 0.480683357 0.344793737
1413393247305760512.000000 2.721673012 -1.050676346 -0.248730898 0.704258800 -0.415458828 0.497077167 0.290392458
1413393247955760384.000000 2.772985458 -1.059664249 -0.369730920 0.702280223 -0.419101328 0.517027140 0.252664715
1413393250855760384.000000 2.684083223 -1.155846715 -0.503336072 0.684107065 -0.435685128 0.509216964 0.287878573
1413393253605760512.000000 2.662931919 -0.954344988 -0.297894329 0.426527560 -0.706896782 0.299806476 0.478003353
1413393256205760512.000000 2.472277641 -1.747173786 0.076575078 0.347312242 -0.743303955 0.240218267 0.518814743
1413393256705760512.000000 2.356840611 -1.892825723 0.091948211 0.348244011 -0.745184898 0.247328237 0.512107909
1413393257205760512.000000 2.216225386 -2.097698212 0.047802500 0.353437543 -0.737960935 0.260959953 0.512245655
1413393257705760512.000000 2.061991930 -2.326961517 -0.014444795 0.344875693 -0.740485489 0.261592448 0.514112175
1413393259355760384.000000 1.753762364 -3.039380312 -0.057722583 0.562269688 -0.594152510 0.404166102 0.409249902
1413393260905760512.000000 1.628340721 -3.555763483 -0.016618328 0.739783883 -0.315458030 0.524350405 0.279754788
1413393263805760512.000000 2.269599676 -3.787460804 -0.139584199 0.772627354 -0.203171954 0.582999766 0.147917271
1413393266755760384.000000 2.558601141 -3.770842075 -0.237061009 -0.791499972 -0.152841642 -0.577567875 0.128773749
1413393267205760512.000000 2.534298897 -3.769334793 -0.138198555 -0.784004688 -0.214252129 -0.556173325 0.173505127
1413393269855760384.000000 2.402298450 -3.874416351 -0.289941698 -0.777973294 -0.238740012 -0.549700677 0.188653156
1413393270705760512.000000 2.383233070 -3.896468639 -0.493501037 -0.791264534 -0.224966377 -0.546594858 0.156603366
1413393271055760384.000000 2.409897089 -3.887472630 -0.453359544 -0.792388737 -0.209526017 -0.559233308 0.124407113
1413393273705760512.000000 2.180030584 -3.151622772 -0.233586609 0.789255619 -0.184968442 0.569696605 0.135307536
1413393276655760384.000000 1.717390060 -2.695495605 -0.051414784 0.601921916 -0.553766191 0.427753597 0.384785622
1413393278505760512.000000 1.391353846 -2.946814299 -0.129835710 0.492503345 -0.657436967 0.389788538 0.416271597
1413393278955760384.000000 1.137735844 -2.983207226 -0.101062164 0.502834558 -0.638490498 0.358999729 0.458918989
1413393279455760384.000000 0.870435297 -3.045506716 -0.097509980 0.525846779 -0.636936903 0.346767902 0.444464445
1413393279955760384.000000 0.694116473 -3.175944090 -0.112957463 0.522974312 -0.617195785 0.371436089 0.455634147
1413393280455760384.000000 0.588056326 -3.287082911 -0.099833272 0.511608541 -0.618909895 0.409139782 0.433372736
1413393280955760384.000000 0.398445517 -3.315905571 -0.142048582 0.516600728 -0.632830679 0.413488418 0.402090043
1413393281355760384.000000 0.136121467 -3.344544172 -0.140584931 0.540774584 -0.611919403 0.378571719 0.435661644
1413393281705760512.000000 -0.066473693 -3.393843174 -0.105303660 0.532702744 -0.613095760 0.375426561 0.446538210
1413393282155760384.000000 -0.257892132 -3.451483250 -0.037199803 0.511100233 -0.630179346 0.385277838 0.439558268
1413393282555760384.000000 -0.424284101 -3.490349531 0.041471485 0.519218385 -0.621655941 0.374172568 0.451609552
1413393283055760384.000000 -0.576895237 -3.534186840 0.047166757 0.553308964 -0.596078694 0.395948440 0.426338106
1413393283555760384.000000 -0.633783102 -3.578583717 0.064448632 0.636763155 -0.518840492 0.435147107 0.368760407
1413393284055760384.000000 -0.597593606 -3.656284094 -0.036494005 0.698485017 -0.422023535 0.489639223 0.307031423
1413393284905760512.000000 -0.369639307 -3.709446192 -0.107103325 0.787469387 -0.223960176 0.557881892 0.136021152
1413393286805760512.000000 0.147928163 -4.103532314 -0.115289323 -0.812412441 -0.061066631 -0.578646302 0.037753694
1413393287055760384.000000 0.189937934 -4.151401997 -0.110358864 -0.811022162 -0.087776877 -0.577919543 0.023398109
1413393287305760512.000000 0.230289727 -4.147629738 -0.092807785 -0.809611797 -0.115532801 -0.571560144 0.067082010
1413393290005760512.000000 0.885390818 -4.028072834 -0.102281585 -0.739018679 -0.333259255 -0.532601416 0.243157208
1413393292555760384.000000 1.333696008 -3.951427221 -0.314184576 -0.704287231 -0.381978333 -0.530369103 0.277093470
1413393293555760384.000000 1.073329926 -3.998348951 -0.158172905 -0.701678693 -0.401584178 -0.500940084 0.308927596
1413393295755760384.000000 -0.065786101 -4.052341938 -0.076601729 -0.718264639 -0.391308844 -0.485991359 0.307873130
1413393296505760512.000000 -0.346097142 -3.952583075 -0.102430284 -0.715474904 -0.406759381 -0.493338674 0.281530559
1413393299005760512.000000 -0.434518784 -3.191922426 -0.352424860 -0.735766351 -0.352867186 -0.510111570 0.271880031
1413393299555760384.000000 -0.356268018 -2.997896910 -0.337940484 -0.720029414 -0.340270877 -0.542557657 0.267216593
1413393299955760384.000000 -0.363334060 -2.915876627 -0.316314518 -0.728448093 -0.348109722 -0.530522704 0.258319050
1413393300705760512.000000 -0.449134409 -2.782613754 -0.239033401 -0.703014016 -0.408397555 -0.483549744 0.324287713
1413393301355760384.000000 -0.477557540 -2.720539093 -0.311239004 -0.630747974 -0.488996267 -0.474566251 0.371250093
1413393301705760512.000000 -0.536380053 -2.736956120 -0.377369314 -0.597329617 -0.550518811 -0.431756705 0.392062038
1413393302205760512.000000 -0.673472226 -2.771048307 -0.415984750 -0.572755516 -0.578619540 -0.415873379 0.405215770
1413393302805760512.000000 -0.904489696 -2.785529137 -0.381919056 -0.599737823 -0.552692235 -0.406644583 0.411686718
1413393304205760512.000000 -1.241040111 -2.705313206 -0.089729451 -0.605941653 -0.551090181 -0.410704255 0.400570124
1413393304505760512.000000 -1.287468314 -2.668411255 -0.115354694 -0.599746227 -0.565883994 -0.414074749 0.385515213
1413393305305760512.000000 -1.438038945 -2.472321272 -0.124956548 -0.587345243 -0.572821200 -0.418867886 0.389167190
1413393305705760512.000000 -1.545222163 -2.341182709 -0.085140161 -0.603122771 -0.555893958 -0.425315529 0.382533014
1413393307255760384.000000 -2.169115305 -1.720316768 -0.007712629 -0.712248027 -0.402092040 -0.486002117 0.307939440
1413393307555760384.000000 -2.194012880 -1.619682431 0.003644522 -0.742113948 -0.352225691 -0.509311140 0.256527096
1413393307855760384.000000 -2.194330931 -1.510942221 0.029267302 -0.770929754 -0.290722787 -0.528099895 0.205567941
1413393310505760512.000000 -2.038946390 -0.641212821 -0.092447586 0.814952791 -0.005675969 0.579412580 0.010042204
1413393310955760384.000000 -1.944428921 -0.612221599 -0.103240371 0.818115950 -0.023700455 0.574524999 -0.006760600
1413393311405760512.000000 -1.816629887 -0.635566235 -0.172282293 0.822323561 -0.024548182 0.568319261 0.013952292
1413393311805760512.000000 -1.649498224 -0.657760024 -0.232724115 0.816151500 -0.015899485 0.577142596 0.023459211
1413393314605760512.000000 -1.009457469 -0.761318803 -0.202621222 -0.819386423 -0.049057767 -0.570700347 0.022370165
1413393316805760512.000000 -0.556245267 -0.224094182 0.076567411 -0.801123261 -0.153683126 -0.567890882 0.109922908
1413393317305760512.000000 -0.516398311 -0.004364651 0.062137082 -0.786973417 -0.163053393 -0.583709419 0.115627639
1413393317805760512.000000 -0.549498498 0.223116472 -0.010199184 -0.787209928 -0.153348580 -0.586117089 0.115114719
1413393318205760512.000000 -0.639780164 0.397348523 -0.101105817 -0.800624788 -0.139065057 -0.572963774 0.106646560
1413393318655760384.000000 -0.746961653 0.577414155 -0.226170927 -0.802863538 -0.117998682 -0.572301745 0.118139923
1413393319105760512.000000 -0.840807855 0.683312654 -0.300691634 -0.792052984 -0.122230716 -0.586356282 0.117890529
1413393319555760384.000000 -0.955991864 0.719074368 -0.339155614 -0.817167282 -0.125318781 -0.549293041 0.121696763
1413393319955760384.000000 -0.977586269 0.716541052 -0.439006925 -0.811561227 -0.143441930 -0.556332767 0.106238812
1413393320355760384.000000 -0.960581124 0.728156149 -0.562567174 -0.796824753 -0.142725706 -0.577954233 0.103289269
1413393320755760384.000000 -0.964239895 0.773425698 -0.609120905 -0.809075356 -0.139492735 -0.563053131 0.094393164
1413393320855760384.000000 -0.966443360 0.783951581 -0.644804299 -0.797451913 -0.134505197 -0.580124021 0.097133823
1413393321305760512.000000 -0.986053228 0.760631144 -0.639455497 -0.800044179 -0.133977219 -0.578825653 0.083309211
1413393321505760512.000000 -0.984358847 0.759659648 -0.640060008 -0.794468522 -0.129556984 -0.586334229 0.090813361
1413393322005760512.000000 -0.981212437 0.759013832 -0.640236378 -0.794856727 -0.127564803 -0.585862517 0.093248419
1413393322505760512.000000 -0.981489241 0.759254634 -0.640694380 -0.794970632 -0.127334461 -0.585709751 0.093550436
1413393323005760512.000000 -0.982324541 0.759108007 -0.640271604 -0.795062125 -0.127170593 -0.585596383 0.093706526
1413393323505760512.000000 -0.983113766 0.758785605 -0.639853418 -0.795130074 -0.126941308 -0.585506499 0.094000854
1413393324005760512.000000 -0.982874990 0.758931696 -0.640599072 -0.795283973 -0.126721293 -0.585335076 0.094063126
1413393324505760512.000000 -0.983003736 0.759005904 -0.640131116 -0.795415163 -0.126594633 -0.585178316 0.094100870
1413393325005760512.000000 -0.983358979 0.758923531 -0.639470696 -0.795528829 -0.126531616 -0.585018933 0.094215371
1413393325505760512.000000 -0.983789504 0.759056687 -0.640125275 -0.795579493 -0.126248017 -0.584997773 0.094299041
1413393326005760512.000000 -0.982940018 0.759064555 -0.639963150 -0.795623064 -0.126041532 -0.584947646 0.094518736
