1413394887055760384.000000 1.172815442 -0.763230741 -0.638780475 -0.445807159 -0.674393296 -0.314797282 0.497345328
1413394887905760512.000000 1.160076857 -0.790709972 -0.390716374 -0.461411446 -0.694933653 -0.312800795 0.454227358
1413394890705760512.000000 0.550726593 -0.342570812 -0.081436932 -0.424314052 -0.603464425 -0.356657922 0.573222101
1413394892605760512.000000 0.301664710 0.313749194 0.030687530 -0.314368129 -0.715059996 -0.274016082 0.561050057
1413394895305760512.000000 -0.286055505 -2.114717484 -0.187735349 0.053010624 -0.814452112 0.068716221 0.573703527
1413394897955760384.000000 -0.586196184 -1.856017232 -0.246546313 0.053319614 -0.793490589 0.040172122 0.604909837
1413394899005760512.000000 -0.558428347 -0.655579150 0.061392825 0.207310066 -0.804074943 0.004301844 0.557196140
1413394901805760512.000000 0.652330577 -3.370029449 0.164880335 0.614356935 -0.488779992 0.482800514 0.388024896
1413394902755760384.000000 1.680273652 -3.189000368 0.121635936 0.700077772 -0.335847318 0.600707710 0.190389216
1413394905605760512.000000 1.498977065 -3.271598816 -0.164437041 0.392401010 -0.800814748 0.230450258 0.389370978
1413394908505760512.000000 0.971355259 -2.340741634 -0.275495797 0.206775621 -0.859845579 0.104797862 0.454892308
1413394910655760384.000000 0.598381639 -1.567783356 0.238970608 0.109689601 -0.816385806 0.071901508 0.562416732
1413394912905760512.000000 0.536941230 -0.879134238 0.038333461 -0.077764057 -0.812170327 -0.013198770 0.578064084
1413394914405760512.000000 0.035282932 -1.461842656 -0.010604843 0.338825494 -0.744675696 0.191241696 0.542293310
1413394915555760384.000000 0.357226551 -2.660822868 -0.112868950 0.578988969 -0.553510249 0.350512981 0.485323399
1413394917355760384.000000 1.925839067 -3.287265062 -0.475709915 0.842373133 -0.061221793 0.532233655 0.058195025
1413394917455760384.000000 1.976565719 -3.339694023 -0.517096937 0.846045792 -0.037571996 0.529840529 0.045431901
1413394917655760384.000000 2.116894245 -3.433153868 -0.585297763 -0.835967660 -0.001743479 -0.546135187 -0.053770874
1413394918655760384.000000 3.207348347 -3.165196896 -0.698631287 -0.824306130 -0.078166090 -0.549307406 0.112565346
1413394918855760384.000000 3.476500034 -3.110702276 -0.700288117 -0.805453300 -0.149091944 -0.564682245 0.100750379
1413394919155760384.000000 3.846622467 -3.022103786 -0.620426476 -0.760004222 -0.201734558 -0.601305604 0.141874567
1413394919255760384.000000 3.942051888 -2.992033482 -0.562054038 -0.746713042 -0.219082832 -0.605537772 0.166572258
1413394919555760384.000000 4.124845028 -2.927118540 -0.355028510 -0.708155215 -0.318759143 -0.603227973 0.181727186
1413394919655760384.000000 4.146667957 -2.908782959 -0.296784580 -0.718397260 -0.346282989 -0.571134150 0.194420680
1413394919755760384.000000 4.155544758 -2.886672974 -0.249107018 -0.730379403 -0.363735199 -0.534454882 0.220455408
1413394919855760384.000000 4.159259796 -2.859243870 -0.211090684 -0.740128398 -0.378228813 -0.497507960 0.248271734
1413394919955760384.000000 4.163826466 -2.825453281 -0.181786507 -0.738478541 -0.401013106 -0.469984919 0.270096451
1413394920055760384.000000 4.172358036 -2.785196304 -0.161819294 -0.727726817 -0.430684239 -0.448227286 0.289856821
1413394920155760384.000000 4.185865879 -2.737845182 -0.153591320 -0.712590754 -0.462343961 -0.428356498 0.308160990
1413394920255760384.000000 4.205010414 -2.682327032 -0.157272741 -0.692817390 -0.496511608 -0.412579000 0.321339071
1413394920455760384.000000 4.254000187 -2.542857885 -0.181726843 -0.632994294 -0.555516541 -0.416508466 0.342403889
1413394920755760384.000000 4.291625023 -2.274777174 -0.202231869 -0.564637601 -0.609085858 -0.439355761 0.342294395
1413394920955760384.000000 4.250224113 -2.074697018 -0.216407463 -0.571770489 -0.608781517 -0.424858838 0.349225819
1413394921555760384.000000 4.007380486 -1.374792933 -0.451429367 -0.667243361 -0.508252442 -0.347289771 0.419351459
1413394921655760384.000000 4.010177612 -1.245810032 -0.511207163 -0.651515663 -0.522523582 -0.382296979 0.395405352
1413394922655760384.000000 4.022046089 -0.194828555 -0.599563181 -0.498606205 -0.655284762 -0.356537193 0.441446573
1413394922755760384.000000 4.002600670 -0.115612760 -0.544976175 -0.504443169 -0.656292081 -0.339854300 0.446449250
1413394922855760384.000000 3.982827663 -0.033657961 -0.489875823 -0.509468675 -0.660339892 -0.327963948 0.443658292
1413394924255760384.000000 3.319422007 1.551217794 -0.108411774 -0.326175779 -0.751119733 -0.233315572 0.524397075
1413394924455760384.000000 3.152850151 1.765938878 -0.105249800 -0.281576455 -0.768117845 -0.177112028 0.547120690
1413394924655760384.000000 2.993308306 1.978745341 -0.092130005 -0.216792226 -0.787022412 -0.147328451 0.558472276
1413394924755760384.000000 2.914668798 2.081989527 -0.081183702 -0.178488731 -0.794749737 -0.137193933 0.563642144
1413394925055760384.000000 2.684962511 2.345976830 -0.026940130 -0.067145869 -0.790643096 -0.143897146 0.591327727
1413394925455760384.000000 2.407609463 2.457120180 0.041805040 -0.011075608 -0.815360606 -0.122704573 0.565692604
1413394925805760512.000000 2.136966228 2.332530737 0.005644664 -0.043333948 -0.816495597 -0.056874927 0.572906971
1413394926655760384.000000 1.395109296 1.767606020 -0.060644746 -0.011798192 -0.829935491 0.007033172 0.557690203
1413394927105760512.000000 0.897421062 1.500577211 -0.080946416 0.071754403 -0.812562704 0.141112477 0.560963929
1413394927455760384.000000 0.487067878 1.450487018 -0.105397955 0.145501420 -0.807335258 0.095427155 0.563855231
1413394928855760384.000000 -0.900585473 1.007849097 0.086967088 0.140243828 -0.791325212 0.106184609 0.585543215
1413394929205760512.000000 -1.080440998 0.854037046 0.044730961 0.138309449 -0.780368984 0.100964658 0.601415813
1413394929505760512.000000 -1.160807133 0.735190511 0.014995310 0.121294342 -0.784784079 0.123959467 0.595009029
1413394930205760512.000000 -1.253887892 0.584358573 -0.079027198 0.131564796 -0.776323080 0.098732240 0.608494222
1413394931455760384.000000 -1.309112191 0.491285443 -0.270046830 0.120187260 -0.762350500 0.088378161 0.629734874
1413394932755760384.000000 -0.805050313 0.056135837 -0.020107664 0.410550773 -0.656734169 0.333521605 0.537505031
1413394934105760512.000000 0.003953278 0.156171143 -0.304354072 0.634624600 -0.502848208 0.461196661 0.362895399
1413394934305760512.000000 0.112915307 0.198622048 -0.360115469 0.654872417 -0.457006544 0.494026303 0.343838900
1413394934455760384.000000 0.191991925 0.238683477 -0.431033432 0.680530965 -0.434023559 0.504970491 0.305787474
1413394935105760512.000000 0.448603183 0.405186594 -0.654960990 0.702315807 -0.390573561 0.527361333 0.275853008
1413394935505760512.000000 0.527059197 0.523732603 -0.686484694 0.676425099 -0.409445137 0.528164804 0.309589535
1413394935855760384.000000 0.552336812 0.678558648 -0.759051025 0.680187821 -0.424426168 0.506377041 0.317473263
1413394936005760512.000000 0.561543345 0.754178584 -0.761668801 0.684162378 -0.430253506 0.497837484 0.314581841
1413394936205760512.000000 0.579850376 0.860373378 -0.807393491 0.716826797 -0.421908200 0.478058577 0.282157391
1413394936405760512.000000 0.617805541 0.956336915 -0.865785897 0.738804042 -0.350020140 0.517149568 0.253398836
1413394936505760512.000000 0.642359912 1.003530264 -0.890450478 0.753752828 -0.299674362 0.535821497 0.234408394
1413394936705760512.000000 0.697501063 1.108976960 -0.928159118 0.786575496 -0.212828860 0.550695121 0.180935413
1413394936805760512.000000 0.727617860 1.166770101 -0.941143632 0.797639251 -0.181003988 0.554202735 0.154494852
1413394936905760512.000000 0.760181189 1.228118777 -0.950911164 0.807317555 -0.151314020 0.554764926 0.132582754
1413394937105760512.000000 0.837690949 1.362529397 -0.968136966 0.826698422 -0.088350281 0.548588693 0.088399649
1413394937305760512.000000 0.938002229 1.508026719 -0.982911646 0.837138355 -0.039881110 0.544065237 0.040025137
1413394937355760384.000000 0.967685163 1.544279099 -0.985350370 0.838113189 -0.034101661 0.543692470 0.028314726
1413394937555760384.000000 1.100643039 1.682999849 -0.998369157 0.835150063 -0.019988110 0.549620450 0.006495575
1413394937655760384.000000 1.176980853 1.747374415 -1.003272891 0.832012296 -0.018493440 0.554435849 0.003793736
1413394937855760384.000000 1.342482090 1.867096066 -1.008689165 0.826028049 -0.030660097 0.562794030 0.000809149
1413394938055760384.000000 1.518885016 1.964602590 -1.004075408 0.827528179 -0.071725510 0.556822479 -0.001214918
1413394938255760384.000000 1.714093208 2.022820950 -0.955984771 0.829295397 -0.110317364 0.547808111 0.002374598
1413394938455760384.000000 1.930073857 2.024468422 -0.840021312 0.816843033 -0.128607139 0.560461819 0.045935720
1413394938555760384.000000 2.041096926 2.012253761 -0.776041031 0.811310649 -0.138180152 0.563412607 0.072440311
1413394938755760384.000000 2.263895273 1.978516102 -0.683406115 0.809830487 -0.181036681 0.545534015 0.117443308
1413394939155760384.000000 2.709954739 1.862827539 -0.621977687 0.740557432 -0.358226359 0.547862589 0.151971146
1413394939355760384.000000 2.893098116 1.750563145 -0.642357647 0.712632954 -0.407965302 0.532230616 0.206032127
1413394939755760384.000000 3.189270020 1.462892413 -0.590257764 0.689996898 -0.434671044 0.513016284 0.267917275
1413394939955760384.000000 3.304236174 1.303683877 -0.520455837 0.673716664 -0.473346680 0.501250684 0.266076118
1413394940155760384.000000 3.389238596 1.123914003 -0.491565168 0.678910017 -0.489568681 0.457226008 0.300579488
1413394940355760384.000000 3.466300488 0.922480524 -0.508460164 0.636945009 -0.526427031 0.453055412 0.334539145
1413394940555760384.000000 3.528430223 0.709651649 -0.551901102 0.591135800 -0.564949811 0.433670342 0.378576726
1413394940955760384.000000 3.662640333 0.281575382 -0.559415460 0.547543347 -0.607821286 0.381487012 0.430368662
1413394941105760512.000000 3.727495193 0.120531313 -0.524662137 0.523950815 -0.642551959 0.390493900 0.400146246
1413394941205760512.000000 3.761212826 0.011144718 -0.498522758 0.509912908 -0.662945628 0.390579760 0.384628832
1413394941855760384.000000 3.739677906 -0.858533919 -0.249317080 0.509687304 -0.650061369 0.339407921 0.449934870
1413394942005760512.000000 3.732059240 -1.090452552 -0.193671763 0.464828789 -0.679305971 0.381333709 0.420787722
1413394942455760384.000000 3.431758404 -1.717742085 0.024888892 0.359917074 -0.744761467 0.406234890 0.388282627
1413394942755760384.000000 2.913373947 -2.027679205 0.118223809 0.295922756 -0.760779858 0.328828245 0.474884897
1413394942955760384.000000 2.511945486 -2.177253962 0.097222880 0.276590735 -0.723141074 0.225919828 0.591206193
1413394944955760384.000000 2.116854668 -3.179314137 -0.525372207 -0.145752177 -0.860086739 -0.051372666 0.486176968
1413394945205760512.000000 1.985663056 -3.178771973 -0.605947793 -0.224136025 -0.822798789 -0.138667837 0.503524125
1413394946205760512.000000 1.429094076 -3.032529831 -0.809938908 -0.587662160 -0.557944775 -0.369339615 0.454905570
1413394946455760384.000000 1.488944769 -2.995110989 -0.832275152 -0.667160451 -0.464865565 -0.423464626 0.399342716
1413394946655760384.000000 1.584054351 -2.987364054 -0.842928827 -0.713247955 -0.388063997 -0.471229404 0.344422042
1413394946755760384.000000 1.645246267 -2.992296457 -0.845627904 -0.723552108 -0.354100883 -0.507938027 0.305096477
1413394946855760384.000000 1.708197594 -3.003830194 -0.848591268 -0.736593664 -0.316327482 -0.535246432 0.266229153
1413394946955760384.000000 1.769805789 -3.020713091 -0.850059986 -0.749297440 -0.274705648 -0.557359993 0.228997797
1413394947055760384.000000 1.827059388 -3.042043209 -0.847660899 -0.760235548 -0.232189164 -0.576172173 0.190146536
1413394947155760384.000000 1.877649903 -3.066361666 -0.837185740 -0.773981392 -0.190792575 -0.584595025 0.150996149
1413394947255760384.000000 1.921490192 -3.092069864 -0.811393023 -0.789053380 -0.150770351 -0.584674120 0.113222547
1413394947655760384.000000 2.029401064 -3.170061588 -0.591651797 -0.814479053 -0.058015179 -0.576141417 0.036321905
1413394948655760384.000000 2.668778896 -3.017266989 -0.188685521 -0.714524984 -0.175214186 -0.663838327 0.134434938
1413394948955760384.000000 2.716525078 -2.965508223 -0.086907730 -0.753855467 -0.176102087 -0.621681511 0.119173065
1413394949955760384.000000 2.826512337 -2.464482784 -0.031521529 -0.746748149 -0.148395047 -0.633551121 0.137692347
1413394950055760384.000000 2.825073242 -2.395361900 -0.023314508 -0.747730911 -0.149447292 -0.626228034 0.162488282
1413394950155760384.000000 2.809805155 -2.336984158 -0.015939804 -0.755054355 -0.154624194 -0.607693732 0.191553101
1413394950255760384.000000 2.786643744 -2.293252230 -0.013018319 -0.780828238 -0.167643800 -0.564791799 0.207877472
1413394950355760384.000000 2.766020775 -2.264981270 -0.008552762 -0.807469666 -0.197282314 -0.523364782 0.187514618
1413394950455760384.000000 2.755544424 -2.243514061 0.000385948 -0.824043512 -0.226919889 -0.494886160 0.156675771
1413394950655760384.000000 2.779195309 -2.178990602 0.031928800 -0.830647111 -0.251743823 -0.479957789 0.127636656
1413394950855760384.000000 2.854022741 -2.057724953 0.092863232 -0.763229668 -0.254344761 -0.572979808 0.156471580
1413394950955760384.000000 2.885225296 -1.988214731 0.125627935 -0.715401888 -0.256160647 -0.623556852 0.183735639
1413394951055760384.000000 2.896331549 -1.923606753 0.157654107 -0.675106943 -0.263100505 -0.656423450 0.210040689
1413394951555760384.000000 2.632271051 -1.820540547 0.294698775 -0.791034400 -0.361987650 -0.434565902 0.233199835
1413394951655760384.000000 2.581632853 -1.809578776 0.330478191 -0.813365400 -0.368513942 -0.393703610 0.218246892
1413394951755760384.000000 2.557711840 -1.776837945 0.372963667 -0.824644208 -0.370222628 -0.374572277 0.206380054
1413394953155760384.000000 2.863888979 -0.791626930 0.803050697 -0.634782612 -0.361597031 -0.600395679 0.325305551
1413394953255760384.000000 2.849893093 -0.774184883 0.821006775 -0.625608146 -0.356284559 -0.610348463 0.330379426
1413394953355760384.000000 2.813195944 -0.785693884 0.861903489 -0.614813507 -0.348793477 -0.622473061 0.335968435
1413394953455760384.000000 2.755619049 -0.824568033 0.908439815 -0.626368225 -0.351168752 -0.612513483 0.330409825
1413394953555760384.000000 2.683535814 -0.882086873 0.929429710 -0.674695373 -0.373680294 -0.562170982 0.298517883
1413394953955760384.000000 2.374707460 -1.101374745 0.682324827 -0.770116031 -0.416648924 -0.432333142 0.215436503
1413394954055760384.000000 2.315050840 -1.114999294 0.592372537 -0.746412039 -0.407966137 -0.470233530 0.235187709
1413394954155760384.000000 2.259482384 -1.115013599 0.506203294 -0.714589655 -0.397637516 -0.514468074 0.258008868
1413394954255760384.000000 2.200896502 -1.111944675 0.422994256 -0.680513859 -0.384870917 -0.556134284 0.281939626
1413394954355760384.000000 2.132814169 -1.115262389 0.343882680 -0.656042516 -0.375210345 -0.582930684 0.298357487
1413394954455760384.000000 2.050656796 -1.131029606 0.277027518 -0.654069602 -0.370580256 -0.584095478 0.306097656
1413394954555760384.000000 1.954770207 -1.160694957 0.222278267 -0.683169603 -0.376819462 -0.549921632 0.298115104
1413394954655760384.000000 1.850862503 -1.200966954 0.170853406 -0.730668008 -0.386785865 -0.489594936 0.277160197
1413394954755760384.000000 1.750628591 -1.240724444 0.119580075 -0.772156060 -0.389791131 -0.431432337 0.256328285
1413394954855760384.000000 1.665178061 -1.269110441 0.066331305 -0.792200565 -0.388406962 -0.404890716 0.240045458
1413394954955760384.000000 1.600434184 -1.279064894 0.014431879 -0.778421640 -0.387867332 -0.433813632 0.235424027
1413394955055760384.000000 1.547677398 -1.273517013 -0.040826198 -0.745944798 -0.386448652 -0.482020706 0.248756781
1413394955155760384.000000 1.497111320 -1.259301901 -0.096413523 -0.708644807 -0.388879836 -0.522825360 0.270645112
1413394955255760384.000000 1.440418839 -1.245260239 -0.149381861 -0.672798097 -0.396693975 -0.549874365 0.295998156
1413394955355760384.000000 1.372977018 -1.237487316 -0.196465313 -0.662238777 -0.408417791 -0.537434995 0.325266838
1413394955455760384.000000 1.298997998 -1.239216924 -0.235527426 -0.687014937 -0.421735853 -0.474453151 0.353615254
1413394955655760384.000000 1.189670086 -1.256064415 -0.268505216 -0.733970344 -0.463919908 -0.362821430 0.338269830
1413394955755760384.000000 1.173103094 -1.245984197 -0.261870444 -0.726923406 -0.491528094 -0.366715193 0.309034705
1413394956505760512.000000 1.152402639 -0.899723411 -0.112683721 -0.600028813 -0.499465138 -0.462712228 0.419996947
1413394959305760512.000000 1.157377601 -0.545680046 0.147743583 -0.284143299 -0.706141889 -0.258950233 0.594618440
1413394959905760512.000000 1.086774230 -0.503027797 0.245596990 -0.211820289 -0.835955560 -0.160384879 0.480195016
1413394962005760512.000000 -0.079356879 -0.839975536 0.066319279 0.048841570 -0.758620501 0.058666602 0.647045314
1413394964255760384.000000 0.793557465 -1.941404343 -0.272915840 0.075975262 -0.850859702 0.036854360 0.518562675
1413394965005760512.000000 1.094091415 -2.372197628 -0.308201432 0.028752211 -0.872374594 0.095874488 0.478481025
1413394966605760512.000000 1.445740342 -2.423848152 -0.176412731 0.423290908 -0.746306002 0.269667536 0.437186152
1413394969155760384.000000 2.443592548 -2.482343674 -0.026015945 0.706420422 -0.390624404 0.521866798 0.275749624
1413394969555760384.000000 2.636021137 -2.524997234 -0.163757756 0.706064939 -0.352727920 0.542457283 0.287742019
1413394969955760384.000000 2.816818714 -2.456281185 -0.300686002 0.746024549 -0.359728694 0.478644192 0.291449040
1413394970355760384.000000 3.141394377 -2.371631861 -0.275901139 0.711451232 -0.384803295 0.525251985 0.264336854
1413394970655760384.000000 3.357199907 -2.323973894 -0.293211520 0.662824392 -0.405203611 0.587318659 0.227003902
1413394971055760384.000000 3.408234358 -2.246239662 -0.334971339 0.724202156 -0.378911257 0.501321197 0.283962339
1413394971255760384.000000 3.418349028 -2.200711489 -0.298881918 0.744814813 -0.397664011 0.464784622 0.266626030
1413394971455760384.000000 3.462555885 -2.183143139 -0.285867959 0.763863981 -0.416987211 0.429073364 0.241928801
1413394971855760384.000000 3.664153337 -2.356698036 -0.232647330 0.691296160 -0.436996311 0.518432319 0.249743626
1413394971955760384.000000 3.704936981 -2.430776119 -0.214876115 0.662465632 -0.442302823 0.541772485 0.268309891
1413394972155760384.000000 3.742303610 -2.573321104 -0.203214243 0.614796281 -0.468794048 0.548636675 0.318206668
1413394972255760384.000000 3.736553907 -2.633219004 -0.212234214 0.590468824 -0.493425399 0.538669407 0.343093753
1413394972355760384.000000 3.714612246 -2.682533264 -0.228037328 0.564185321 -0.522486567 0.522499025 0.368371636
1413394972455760384.000000 3.677358150 -2.719641209 -0.250769854 0.537296236 -0.557813466 0.499293745 0.388410360
1413394972555760384.000000 3.626053333 -2.745077133 -0.279697120 0.517887294 -0.599552155 0.460112870 0.400782019
1413394972655760384.000000 3.562374830 -2.759562969 -0.305035293 0.499062628 -0.636834323 0.413715601 0.417394340
1413394972755760384.000000 3.489312649 -2.772377491 -0.323049992 0.478850186 -0.661191940 0.365082920 0.447484374
1413394972855760384.000000 3.412938595 -2.784162283 -0.333404392 0.454465598 -0.678253949 0.319711864 0.480850279
1413394973005760512.000000 3.304729223 -2.803414345 -0.343826771 0.403539509 -0.705278456 0.268451661 0.517370224
1413394973105760512.000000 3.239240408 -2.817768097 -0.350473374 0.362874389 -0.726469338 0.242540479 0.530790567
1413394973255760384.000000 3.151229143 -2.842989445 -0.363931000 0.296256274 -0.761107802 0.211008653 0.537049830
1413394973455760384.000000 3.036178827 -2.878427029 -0.376987755 0.207806394 -0.792535365 0.163608775 0.549487293
1413394973755760384.000000 2.852354050 -2.923140049 -0.379868090 0.080633380 -0.815167665 0.071791999 0.569074571
1413394974105760512.000000 2.639557362 -2.957404852 -0.365327597 -0.074747860 -0.811331213 -0.024116786 0.579286397
1413394974405760512.000000 2.482775688 -2.959463120 -0.342123687 -0.209839448 -0.789409935 -0.088836096 0.570006609
1413394975255760384.000000 2.253144026 -2.716246843 -0.351181358 -0.411445916 -0.683273137 -0.307337254 0.519031703
1413394975455760384.000000 2.226319313 -2.675529718 -0.426048398 -0.437930226 -0.668298602 -0.331189811 0.501903772
1413394975855760384.000000 2.159898758 -2.644864082 -0.532642603 -0.470528305 -0.673912406 -0.337389141 0.458926857
1413394976255760384.000000 2.035864353 -2.631697893 -0.561186194 -0.451703519 -0.658807993 -0.356504142 0.484603822
1413394976755760384.000000 1.864109874 -2.780263424 -0.580399752 -0.447456658 -0.631228209 -0.352655739 0.526277065
1413394977155760384.000000 1.815374613 -3.014548302 -0.579001188 -0.548270822 -0.683196545 -0.231488734 0.423148572
1413394977305760512.000000 1.824201345 -3.013354063 -0.549216628 -0.559066713 -0.695380032 -0.228522539 0.389446378
1413394977505760512.000000 1.837354064 -2.899398088 -0.472933054 -0.528760135 -0.714726448 -0.278224409 0.363552123
1413394977705760512.000000 1.806915522 -2.673254490 -0.373740762 -0.522528529 -0.714286149 -0.291372240 0.363127589
1413394977905760512.000000 1.724987149 -2.351186514 -0.255372524 -0.502616167 -0.695620835 -0.324391931 0.397817254
1413394978005760512.000000 1.667276740 -2.169106483 -0.194971561 -0.488773555 -0.681312144 -0.346006244 0.420944124
1413394979705760512.000000 0.272064120 0.118021995 0.024136279 -0.436955899 -0.544238806 -0.384909034 0.603919387
1413394981055760384.000000 0.391688019 -0.992609560 0.210958064 -0.508521736 -0.637802422 -0.337695837 0.469654292
1413394981355760384.000000 0.407498121 -1.269556165 0.157503664 -0.517406404 -0.635987103 -0.327121943 0.469896019
1413394981755760384.000000 0.470654011 -1.564256549 0.078711718 -0.525046468 -0.642672479 -0.343433052 0.439718097
1413394982455760384.000000 0.696052909 -1.811416149 0.012907408 -0.646465957 -0.511154711 -0.375150323 0.424340665
1413394982755760384.000000 0.975433707 -1.847459793 0.047074806 -0.695363879 -0.439786583 -0.417160064 0.386049777
1413394982905760512.000000 1.163583875 -1.866112232 0.073298834 -0.712305009 -0.409537107 -0.443553060 0.357996732
1413394983305760512.000000 1.748324633 -1.920628309 0.156627968 -0.721602321 -0.380092710 -0.494558483 0.300385863
1413394984705760512.000000 3.166981220 -1.786736250 -0.025985941 -0.672003627 -0.487023920 -0.478077710 0.287507504
1413394984905760512.000000 3.218429327 -1.679943085 -0.056882046 -0.652518928 -0.515265644 -0.458938986 0.313202024
1413394985105760512.000000 3.241472483 -1.543824315 -0.071538523 -0.621749103 -0.544590652 -0.447794408 0.341070801
1413394986905760512.000000 3.041522026 0.376877457 0.428240150 -0.599438608 -0.560840011 -0.439187407 0.365029067
1413394987005760512.000000 3.007509708 0.511417747 0.460127085 -0.604602695 -0.549236417 -0.434189349 0.379834950
1413394987105760512.000000 2.970435143 0.642454743 0.478367239 -0.612911224 -0.537322760 -0.423935413 0.394845486
1413394987705760512.000000 2.744699001 1.344662428 0.488936752 -0.568657458 -0.542392254 -0.487598181 0.380377978
1413394988205760512.000000 2.303109646 1.669231772 0.583826840 -0.567188323 -0.513280332 -0.492359012 0.415238917
1413394989405760512.000000 1.318560839 1.158295989 0.565672815 -0.708641052 -0.381935269 -0.514868677 0.294726521
1413394989505760512.000000 1.241190195 1.080102444 0.557368815 -0.711190283 -0.381150126 -0.508556783 0.300504535
1413394989605760512.000000 1.164479971 0.999992132 0.542127311 -0.713894248 -0.380964190 -0.501407266 0.306287736
1413394989705760512.000000 1.089638352 0.919202745 0.517156780 -0.714858949 -0.384778142 -0.491650134 0.314964503
1413394990355760384.000000 0.729830503 0.435956210 0.188123539 -0.579684615 -0.592239559 -0.395665467 0.395811617
1413394990755760384.000000 0.538524091 0.239326164 -0.031329039 -0.523845792 -0.650680006 -0.343804449 0.428951710
1413394991205760512.000000 0.287828535 0.180519313 -0.200333118 -0.533693850 -0.638010025 -0.346304595 0.433805674
1413394991655760384.000000 0.052369855 0.262374759 -0.301438153 -0.597565293 -0.572940469 -0.386687249 0.406359404
1413394992105760512.000000 -0.126786187 0.406176239 -0.356117368 -0.630058110 -0.496611118 -0.437225014 0.406495273
1413394992355760384.000000 -0.179284409 0.452926964 -0.375830054 -0.666949689 -0.467854261 -0.436310977 0.381998986
1413394992755760384.000000 -0.192054480 0.508695602 -0.364935786 -0.677335918 -0.443440527 -0.487002224 0.327727765
1413394993255760384.000000 -0.198137835 0.556600094 -0.407293528 -0.698664665 -0.418219298 -0.488880455 0.312979490
1413394993705760512.000000 -0.207322955 0.597344458 -0.548488617 -0.691389978 -0.429444969 -0.499271661 0.297127485
1413394994155760384.000000 -0.235257059 0.640869260 -0.735354066 -0.748021305 -0.323286951 -0.509568572 0.276205868
1413394994305760512.000000 -0.226932451 0.636690021 -0.769095480 -0.761032224 -0.287522346 -0.528826535 0.241874531
1413394994705760512.000000 -0.208268911 0.615496933 -0.768137991 -0.773747623 -0.244980842 -0.564062953 0.152091831
1413394995005760512.000000 -0.238129646 0.649121284 -0.716100395 -0.769980609 -0.230258912 -0.573442280 0.158979952
1413394995405760512.000000 -0.322647750 0.701120317 -0.836728871 -0.798253477 -0.223553509 -0.528400540 0.183324769
1413394995705760512.000000 -0.331061006 0.735172808 -0.948794305 -0.793921113 -0.229983807 -0.534822464 0.175390363
1413394995805760512.000000 -0.322533667 0.751070261 -0.974406898 -0.785548031 -0.226207688 -0.546935201 0.180572197
1413394996005760512.000000 -0.303978294 0.778381407 -1.032407880 -0.778974891 -0.224131599 -0.558191299 0.177159935
1413394996205760512.000000 -0.306135833 0.780355752 -1.015202403 -0.783132911 -0.219361469 -0.550412953 0.188756853
1413394996705760512.000000 -0.280478179 0.805397987 -0.984398484 -0.770910680 -0.231493816 -0.566415191 0.176865280
1413394997205760512.000000 -0.243289441 0.836638570 -0.945898890 -0.770598471 -0.230890840 -0.566877484 0.177531689
1413394997605760512.000000 -0.206949323 0.868241668 -0.911287248 -0.770566046 -0.230828106 -0.566923857 0.177605525
1413394998105760512.000000 -0.154857010 0.916813970 -0.863297641 -0.770715415 -0.230591252 -0.566812575 0.177619949
