1413393889605760512.000000 0.198823810 0.131699592 -0.381421447 -0.590342343 -0.569702923 -0.401845276 0.406761408
1413393892205760512.000000 -0.381917655 -0.438811064 0.021196768 -0.584867299 -0.565860033 -0.418713927 0.403002858
1413393893055760384.000000 -0.713440835 -1.443620682 -0.036539573 -0.632834733 -0.609506369 -0.352122694 0.322539687
1413393893805760512.000000 -1.029506803 -1.187880158 0.052112706 -0.635090530 -0.573434353 -0.350780547 0.380507767
1413393895205760512.000000 -0.837122142 0.588801444 0.048546549 -0.587179422 -0.556470096 -0.413658559 0.417669624
1413393895355760384.000000 -0.785213649 0.770538390 0.034544867 -0.585461795 -0.557021439 -0.415115505 0.417900503
1413393897905760512.000000 0.202112049 1.835171461 0.037011378 -0.804482102 -0.161480278 -0.566630602 0.075248674
1413393899505760512.000000 0.426835895 2.622088432 0.329518348 -0.704056084 -0.030159052 -0.708740473 0.032902207
1413393901505760512.000000 -0.286203265 1.771576643 0.132658154 -0.882788539 -0.044925824 -0.467511207 0.009971681
1413393904405760512.000000 1.787696958 2.531285524 0.350103885 0.797180891 -0.156117678 0.580881536 0.052024726
1413393904705760512.000000 1.901624203 2.395119905 0.440470040 0.813017368 -0.168420598 0.545998573 0.111905947
1413393907555760384.000000 2.664746046 1.377961755 -0.122705430 0.595147431 -0.544264615 0.412863880 0.423224688
1413393909905760512.000000 2.768451214 2.146260977 -0.467661053 0.589149594 -0.605670810 0.355434626 0.399664760
1413393910155760384.000000 2.813000202 2.203275919 -0.572593570 0.588357687 -0.625097573 0.337326884 0.386392146
1413393910405760512.000000 2.879120827 2.143919706 -0.592820883 0.583752215 -0.646365166 0.328841716 0.365114629
1413393910705760512.000000 2.940399647 1.898059130 -0.569378018 0.573344529 -0.652085960 0.353985071 0.347497553
1413393912055760384.000000 2.906552076 0.252771765 -0.689075947 0.581721365 -0.607772052 0.401884675 0.361527503
1413393912205760512.000000 2.906656981 0.112649031 -0.600383282 0.585738957 -0.632121563 0.382950813 0.332687527
1413393912355760384.000000 2.889281511 -0.063822806 -0.505567729 0.584512889 -0.639007986 0.375664622 0.329984426
1413393913755760384.000000 2.114299536 -1.864703298 -0.277760059 0.316789180 -0.712366998 0.345883667 0.522055984
1413393913905760512.000000 1.952864408 -1.923416376 -0.262925655 0.271135300 -0.726939201 0.314063877 0.547182739
1413393914355760384.000000 1.514346123 -1.857523680 -0.175838396 0.178237945 -0.777694464 0.144763365 0.585206032
1413393914555760384.000000 1.364278674 -1.783584118 -0.123619132 0.116992116 -0.800648153 0.104619876 0.578212857
1413393917505760512.000000 -0.612381339 -1.658863068 0.468564719 -0.384232253 -0.731592357 -0.198220640 0.527111769
1413393917655760384.000000 -0.634314060 -1.660132170 0.468538076 -0.440665483 -0.709235668 -0.239270061 0.495528579
1413393919305760512.000000 0.085752234 -1.398351073 0.534123719 -0.775577366 -0.059398152 -0.614605010 0.131195515
1413393922155760384.000000 -0.397324502 -2.917658806 -0.710913420 0.804838002 -0.038790848 0.590143085 0.049621888
1413393922405760512.000000 -0.394068122 -2.892883062 -0.854550004 0.847550154 -0.049186930 0.526330173 0.047073275
1413393922705760512.000000 -0.288019389 -2.860605955 -0.985223949 0.831322312 -0.083542265 0.549418926 0.007923951
1413393923205760512.000000 0.076240599 -2.931387663 -1.073843479 0.850279331 -0.051998150 0.520987451 0.053789806
1413393924355760384.000000 1.622205377 -3.289079905 -0.889470756 -0.779235482 -0.291635931 -0.545205295 0.102429487
1413393924505760512.000000 1.820969701 -3.289686441 -0.855661511 -0.755285084 -0.339776814 -0.554137290 0.083833322
1413393924805760512.000000 2.094927788 -3.123962641 -0.744037986 -0.709205925 -0.369508445 -0.596370339 0.069519721
1413393925855760384.000000 2.209925413 -1.507487893 0.143175498 -0.746985674 -0.349585980 -0.501165867 0.261982769
1413393927855760384.000000 2.984286308 0.538859844 0.517801404 -0.599212408 -0.544537127 -0.497564346 0.311213166
1413393928055760384.000000 3.006071329 0.741432369 0.631027639 -0.581945300 -0.548347294 -0.508650601 0.319263935
1413393928705760512.000000 2.662471533 1.306779742 0.780157566 -0.614389539 -0.483443558 -0.477259338 0.401287109
1413393929055760384.000000 2.412832975 1.464396596 0.817474008 -0.614833593 -0.484982699 -0.511846364 0.353248864
1413393929955760384.000000 1.484310150 1.510500312 1.023099661 -0.778040290 -0.236681864 -0.543538928 0.207847044
1413393932455760384.000000 0.111139104 0.269670129 0.174324781 -0.798539340 -0.213623762 -0.546065927 0.136058524
1413393933005760512.000000 0.179509863 -0.069857426 0.036971994 -0.776966453 -0.207858309 -0.581198275 0.123800546
1413393935605760512.000000 -0.169277668 -1.791218162 -0.502748668 -0.706412196 -0.461279124 -0.465382040 0.267624825
1413393935955760384.000000 -0.097622976 -1.805732608 -0.457380176 -0.629684269 -0.552354813 -0.469743669 0.278823942
1413393936155760384.000000 -0.138127729 -1.741777778 -0.426496625 -0.612586081 -0.563601553 -0.420366436 0.361086875
1413393936355760384.000000 -0.199646235 -1.647374630 -0.388739914 -0.580835521 -0.591400087 -0.355128467 0.432157189
1413393938905760512.000000 0.034258127 -1.783421278 0.083767273 -0.098521315 -0.787441015 -0.059571262 0.605542243
1413393939705760512.000000 0.371433049 -2.299878359 0.012638655 -0.040738285 -0.896546364 0.030947303 0.439985484
1413393940155760384.000000 0.180966154 -2.451529980 -0.042492725 -0.040381145 -0.727174699 0.008476363 0.685211301
1413393940605760512.000000 0.334230632 -2.510457277 -0.083785720 -0.057776533 -0.854525328 0.021247279 0.515749037
1413393941005760512.000000 0.349354029 -2.381370306 -0.019361984 -0.073988624 -0.827819288 0.013584763 0.555928528
1413393943855760384.000000 0.094730876 -0.743042350 0.146427989 -0.048252583 -0.854133189 -0.042329248 0.516077995
1413393946505760512.000000 0.024252370 -0.519222736 0.241532564 -0.472351372 -0.636855781 -0.339424580 0.506053209
1413393949255760384.000000 -0.106081143 -1.105496407 -0.079971254 -0.793829560 -0.102256887 -0.595418513 0.069677591
1413393951505760512.000000 -0.398340464 -2.622653246 -0.114567459 0.824762404 -0.019681487 0.564531565 0.026148267
1413393953705760512.000000 0.691076517 -2.930502892 -0.213351607 -0.796409190 -0.043117285 -0.601940155 0.039259832
1413393953955760384.000000 0.780200779 -2.998525143 -0.198736191 -0.790075243 -0.059220869 -0.609305382 0.031951647
1413393954305760512.000000 0.844141245 -3.056750774 -0.215499073 -0.832022607 -0.108049035 -0.540439129 0.063161433
1413393955855760384.000000 2.071494818 -2.456899166 -0.075377747 -0.695702076 -0.395162880 -0.559620917 0.216031045
1413393956205760512.000000 2.241154671 -2.225124359 -0.119597152 -0.713173807 -0.414728820 -0.489347637 0.282704711
1413393957055760384.000000 2.443582296 -1.634291649 -0.107593432 -0.568994224 -0.594774187 -0.370393217 0.430462778
1413393959655760384.000000 2.529366493 -0.548527896 -0.471979946 -0.267148644 -0.741677344 -0.205896884 0.579786956
1413393960655760384.000000 2.576544523 -0.538120866 -0.590422809 -0.241548374 -0.783592582 -0.173441604 0.545486093
1413393961055760384.000000 2.471586704 -0.540485263 -0.821444273 -0.171139345 -0.822159886 -0.100527063 0.533534348
1413393961255760384.000000 2.392792940 -0.527308941 -0.860326767 -0.159222946 -0.794988275 -0.097492844 0.577180088
1413393962205760512.000000 2.490948915 -0.539569855 -0.259655863 -0.155008391 -0.815662086 -0.107360460 0.546938241
1413393962605760512.000000 2.501791954 -0.584344268 0.194711640 -0.174737543 -0.850163519 -0.110698238 0.484184504
1413393962805760512.000000 2.433318377 -0.581440866 0.330065042 -0.201776370 -0.831356347 -0.167069584 0.490123063
1413393963005760512.000000 2.306899786 -0.579135120 0.430591404 -0.243122116 -0.789769292 -0.245203018 0.506982744
1413393963205760512.000000 2.139170408 -0.609204769 0.485770941 -0.308845520 -0.742684364 -0.299239367 0.513313115
1413393963405760512.000000 1.944628835 -0.680190980 0.495828778 -0.383751482 -0.695129454 -0.327224642 0.512302518
1413393965255760384.000000 0.212786824 -2.246364355 -0.302740812 -0.791140974 -0.355312854 -0.385631800 0.314860106
1413393965455760384.000000 0.285418391 -2.402109623 -0.311300188 -0.794997633 -0.382477075 -0.404745847 0.240563467
1413393968355760384.000000 -0.394992203 -1.001084208 -0.038342670 -0.821883321 -0.172222719 -0.524659038 0.139929250
1413393971005760512.000000 -0.604342401 -0.760500550 0.006936103 0.803133667 -0.003126361 0.583717346 0.119334489
1413393973455760384.000000 -1.741221786 0.022225179 -0.095051438 0.768001020 -0.041101433 0.633800149 0.082356147
1413393973855760384.000000 -1.985088468 0.302692831 -0.145832971 0.780994833 -0.089606397 0.617969275 -0.011482565
1413393974055760384.000000 -2.175678492 0.410175443 -0.161135077 0.831659019 -0.130032703 0.534225225 -0.077706710
1413393974255760384.000000 -2.333890915 0.400146246 -0.147888750 0.894620538 -0.104450688 0.432149112 -0.044624899
1413393974505760512.000000 -2.319309235 0.270102769 -0.069229290 0.912772000 -0.022720769 0.403687179 0.058033101
1413393974705760512.000000 -2.107781410 0.192301020 0.026588291 -0.873739779 -0.028361782 -0.474302322 -0.103980251
1413393975105760512.000000 -1.499053955 0.262836337 0.121533044 0.793447852 -0.005170156 0.606710792 0.048121892
1413393977855760384.000000 -0.339147389 1.207674026 0.120272733 0.816732585 -0.008894194 0.576173782 0.029876897
1413393980605760512.000000 -0.695491076 0.727744520 0.215835914 0.642820299 -0.521400809 0.414636821 0.378152937
1413393981255760384.000000 -0.767257750 0.088105798 0.252676785 0.624282002 -0.547929227 0.442095399 0.338522196
1413393981705760512.000000 -0.818066299 -0.475230932 0.370401204 0.646694839 -0.527485788 0.425016224 0.350579321
1413393982055760384.000000 -0.814423442 -0.967063427 0.338695288 0.666915059 -0.482079387 0.438842684 0.360889018
1413393982855760384.000000 -0.421477854 -1.945402980 0.309767842 0.802694142 -0.180764973 0.540759802 0.174885318
1413393983055760384.000000 -0.258816630 -2.116611719 0.307179540 0.821207523 -0.069236480 0.554509401 0.115515791
1413393983805760512.000000 0.374867558 -2.166702509 0.320067227 -0.759306073 -0.289693266 -0.573996842 0.100298539
1413393984055760384.000000 0.475746810 -1.967581272 0.356483608 -0.719963312 -0.370744288 -0.561389029 0.170422837
1413393984305760512.000000 0.475771099 -1.698037744 0.405696869 -0.669505417 -0.448561549 -0.545233667 0.230814621
1413393984805760512.000000 0.160637021 -1.089752674 0.502673864 -0.627669156 -0.506185114 -0.481519610 0.343434185
1413393987655760384.000000 -0.452743649 1.031661630 0.257462174 0.811557174 -0.069953837 0.576133311 0.067467369
1413393990555760384.000000 0.397562683 2.690479517 0.121374607 0.688159645 -0.440134645 0.526763439 0.235027850
1413393991355760384.000000 0.381202698 2.425125360 0.107379660 0.622352362 -0.406300545 0.536567807 0.399615228
1413393994055760384.000000 0.298980534 2.314202070 0.354342729 0.600891054 -0.396366388 0.565025687 0.403199196
1413393994505760512.000000 0.284913242 2.687001944 0.387467712 0.675354600 -0.488345325 0.474572629 0.283188611
1413393994705760512.000000 0.234689251 2.871089697 0.342162877 0.723796427 -0.528954506 0.379902780 0.228034526
1413393995205760512.000000 0.251589984 2.853415728 0.231566533 0.661194623 -0.486905009 0.479989797 0.308796197
1413393995655760384.000000 0.262454093 2.681871176 0.100077450 0.701436222 -0.396564603 0.543523967 0.235171273
1413393996055760384.000000 0.145391330 2.521272898 0.035725728 0.748955369 -0.228055075 0.597488165 0.173391521
1413393996505760512.000000 -0.135368451 2.409671783 -0.064398572 0.793691218 -0.181390598 0.569357574 0.113945998
1413393996905760512.000000 -0.388843477 2.306126595 -0.220426798 0.813571572 -0.155137077 0.549924076 0.107783653
1413393997105760512.000000 -0.475403428 2.256256819 -0.270726353 0.819070220 -0.128002658 0.550509453 0.098380499
1413393997405760512.000000 -0.556719840 2.191748857 -0.323509634 0.811155438 -0.107398823 0.568018198 0.088587932
1413393997705760512.000000 -0.612875760 2.150351524 -0.442415386 0.805913270 -0.101772420 0.576893330 0.085676014
1413393997955760384.000000 -0.652031660 2.141914129 -0.510633230 0.809868455 -0.103548199 0.570605397 0.088319220
1413393998255760384.000000 -0.679652452 2.163387537 -0.561599135 0.810327709 -0.110316008 0.567432582 0.096019797
1413393998505760512.000000 -0.682860732 2.207848310 -0.578748584 0.813011110 -0.126463652 0.561261356 0.089473739
1413393998955760384.000000 -0.654975951 2.280987024 -0.598419905 0.801346660 -0.146627918 0.576141417 0.066368818
1413393999305760512.000000 -0.644504905 2.297526598 -0.643393695 0.812398255 -0.126370311 0.561133444 0.095755279
1413393999705760512.000000 -0.596549988 2.318657875 -0.700804770 0.805721641 -0.154819310 0.568559706 0.059862867
1413394000105760512.000000 -0.548683703 2.277008533 -0.769610524 0.799693167 -0.139040992 0.578313410 0.081927501
1413394000505760512.000000 -0.558694363 2.277601957 -0.776563406 0.793543756 -0.143345490 0.583048284 0.098969758
1413394001005760512.000000 -0.558188856 2.276451349 -0.775616944 0.791062653 -0.144452587 0.586417735 0.097302154
1413394001505760512.000000 -0.557746470 2.276049137 -0.775721669 0.791091859 -0.144491196 0.586364806 0.097326435
1413394002005760512.000000 -0.558928072 2.276553154 -0.776078701 0.791125894 -0.144728675 0.586326599 0.096926250
1413394002505760512.000000 -0.558516860 2.276238441 -0.775972307 0.791037083 -0.144921109 0.586431682 0.096727103
1413394003005760512.000000 -0.558459103 2.276245594 -0.775814891 0.791134834 -0.145190850 0.586274683 0.096475258
