#Stereo rect[ms], MP culling[ms], MP creation[ms], LBA[ms], KF culling[ms], Total[ms]
3.988706,0.037252,0.423776,0.016350,0.016350,4.469929
6.034875,0.141696,1.753868,0.002204,0.002204,7.934046
8.403262,0.379376,9.762428,0.368214,0.368214,52.027786
10.259425,0.568921,10.511637,0.741085,0.741085,60.974188
11.195506,0.381919,13.526864,1.246215,1.246215,57.583367
10.566075,0.380412,17.311032,1.191680,1.191680,64.618350
11.537365,0.309247,19.015057,1.327173,1.327173,68.719147
10.461007,0.417405,15.843334,1.361308,1.361308,65.557286
11.784370,0.449428,22.537102,1.418568,1.418568,71.604111
11.535192,0.399952,31.867064,129.464944,129.464944,226.110617
8.696781,0.398396,17.345082,2.094927,2.094927,71.585433
12.737064,0.480467,27.058261,3.587872,3.587872,93.534142
6.687051,0.239562,14.165011,3.100691,3.100691,76.217067
7.995629,0.235144,14.569961,3.693424,3.693424,97.008697
6.950385,0.200993,15.442612,5.163755,5.163755,90.543067
6.583679,0.220987,13.314284,5.595989,5.595989,96.464195
9.985880,0.341677,22.102083,4.172122,4.172122,116.385266
6.967243,0.298694,14.229309,4.905860,4.905860,103.911331
13.725190,0.541386,29.627262,4.764797,4.764797,131.140976
13.274138,0.431244,27.225495,6.153259,6.153259,146.447182
7.774016,0.190148,22.393461,5.664723,5.664723,118.479759
8.242602,0.243609,21.457915,7.022761,7.022761,132.111168
9.211120,0.249479,23.736843,5.813304,5.813304,127.303341
8.515091,0.225971,24.956210,6.036815,6.036815,125.819926
14.984292,0.404881,32.201789,7.190558,7.190558,146.976756
9.797242,0.204124,27.577808,7.240233,7.240233,132.732668
8.085425,0.224496,26.369514,9.114727,9.114727,275.384668
8.145542,0.253316,22.647656,8.153508,8.153508,138.386581
8.029997,0.236132,26.647168,6.051402,6.051402,136.211959
7.590424,0.229979,23.389040,10.530877,10.530877,138.184096
7.084798,0.273186,21.442128,5.283827,5.283827,124.560776
7.487400,0.309601,21.254277,7.066142,7.066142,136.592730
6.642299,0.299442,19.985476,7.129685,7.129685,129.333060
5.771121,0.277922,18.953147,6.527152,6.527152,129.513742
6.782029,0.292649,18.864520,7.059519,7.059519,126.837980
9.529076,0.415733,27.587110,4.742611,4.742611,129.641415
9.412636,0.402164,27.965552,7.051194,7.051194,139.042748
11.794313,0.580182,33.046086,4.521054,4.521054,137.758328
11.003279,0.531259,32.835684,7.058294,7.058294,143.685476
5.810740,0.194807,17.645628,6.168575,6.168575,131.567539
7.214847,0.424739,19.293247,3.894381,3.894381,118.418781
7.843969,0.261635,19.133949,6.648329,6.648329,139.014201
6.705065,0.283587,15.765933,4.153340,4.153340,113.374749
5.814092,0.171239,20.068109,6.095484,6.095484,123.830134
6.714389,0.210984,14.835217,4.855035,4.855035,127.673576
5.771979,0.193989,18.776846,4.192535,4.192535,122.900799
6.505819,0.285049,14.127812,4.857954,4.857954,122.059834
5.350854,0.315056,13.565352,4.344999,4.344999,116.981687
5.512665,0.349252,12.283859,2.883683,2.883683,115.019219
7.190734,0.455504,18.022580,6.868868,6.868868,132.694309
6.116009,0.287808,17.074092,4.937461,4.937461,125.374039
7.586052,0.287904,19.136624,6.058706,6.058706,130.656693
6.546048,0.288625,18.191423,6.630254,6.630254,129.477220
4.566619,0.281111,15.205287,5.249308,5.249308,122.684114
3.548587,0.340528,11.070183,1.911414,1.911414,61.553857
5.048884,0.451235,16.523928,3.029798,3.029798,124.870772
5.278754,0.315255,17.560175,6.138746,6.138746,128.539384
6.159519,0.322519,19.347001,5.322025,5.322025,129.656178
8.790787,0.624842,24.819634,5.394531,5.394531,132.162539
5.961582,0.206234,19.892321,4.652505,4.652505,127.449632
6.421784,0.323262,18.229603,6.015098,6.015098,134.003380
6.450831,0.252303,21.195043,4.864476,4.864476,130.572044
5.767557,0.297908,18.618282,4.508473,4.508473,125.857112
6.445369,0.295771,22.513052,6.512649,6.512649,130.401537
5.753325,0.350861,23.102317,5.089884,5.089884,130.930639
8.610805,0.311922,27.112079,7.212616,7.212616,141.351184
6.590777,0.315718,22.519473,5.788315,5.788315,130.640917
7.248406,0.273579,20.513184,5.177232,5.177232,132.385577
5.286550,0.238325,18.394368,5.390614,5.390614,135.488477
13.425274,0.568063,33.668207,7.740870,7.740870,154.700617
14.806379,0.463848,40.164146,6.955346,6.955346,156.057380
8.219737,0.248567,26.318068,5.366613,5.366613,134.535143
9.758541,0.262006,24.715815,9.243416,9.243416,142.218543
8.158809,0.225036,25.822140,8.394205,8.394205,137.845873
7.722161,0.185678,27.737314,8.912629,8.912629,134.891010
7.992726,0.235345,22.946487,8.538761,8.538761,134.705610
8.386568,0.201129,24.154034,7.638253,7.638253,133.860038
7.441854,0.250788,26.497669,10.262468,10.262468,142.064355
7.498887,0.286181,26.653204,6.473513,6.473513,143.928308
11.045040,0.358821,26.482157,7.095089,7.095089,141.772138
7.628746,0.307837,22.732584,8.435272,8.435272,138.027629
6.688256,0.307875,20.876296,7.052442,7.052442,126.979827
6.522166,0.247943,19.261796,5.593441,5.593441,128.699596
6.979636,0.279565,30.875680,10.154267,10.154267,147.590864
6.264471,0.194408,18.713703,4.422731,4.422731,126.378961
6.579829,0.265285,18.865104,9.039126,9.039126,139.973142
6.516732,0.258145,18.366768,5.757365,5.757365,441.741541
5.207192,0.402152,15.357388,8.609138,8.609138,133.230715
9.335320,0.735592,25.116936,6.336519,6.336519,146.269945
10.339433,0.979097,26.086642,6.724229,6.724229,138.365243
10.256611,0.938418,22.689981,2.774409,2.774409,148.761042
5.595527,0.365512,11.542017,2.959165,2.959165,124.639165
6.211378,0.342544,13.285199,4.226578,4.226578,127.268432
10.316024,0.501639,26.787770,4.386558,4.386558,150.637295
6.089143,0.256282,18.518390,3.742747,3.742747,136.396995
11.064345,0.392172,24.823428,5.188898,5.188898,154.169286
11.581837,0.467824,28.299586,4.846085,4.846085,162.471725
6.709559,0.260130,18.502975,4.322113,4.322113,153.250510
9.676330,0.331610,23.093533,11.800693,11.800693,173.401520
7.491443,0.256215,18.078968,8.012658,8.012658,152.227665
7.027592,0.334821,22.377639,5.631746,5.631746,146.613913
12.433197,0.627288,36.996368,5.304706,5.304706,185.314977
7.510116,0.292033,17.487520,7.565139,7.565139,149.371824
13.662312,0.631044,32.542399,6.869183,6.869183,190.743619
7.287948,0.333376,20.526272,5.336634,5.336634,164.187715
6.645442,0.293896,18.536361,7.126531,7.126531,154.086301
12.927428,0.506939,31.990379,12.015076,12.015076,187.182022
6.962288,0.301987,17.657178,7.878903,7.878903,150.679916
6.476656,0.262227,18.419710,6.831939,6.831939,157.574976
6.142032,0.321827,19.238320,5.332749,5.332749,165.506918
7.832355,0.467558,24.112798,4.853163,4.853163,161.465534
6.254861,0.295651,16.746860,8.326923,8.326923,152.823200
9.228912,0.591609,21.945581,6.794103,6.794103,167.970442
13.069901,0.629274,37.461250,9.734077,9.734077,193.808618
10.881159,0.748135,35.224481,7.055222,7.055222,184.926768
5.920640,0.435707,15.057815,7.811256,7.811256,147.992229
6.521132,0.319009,16.211811,9.615244,9.615244,154.563438
6.467770,0.373799,14.559228,6.495821,6.495821,151.811610
5.482940,0.324515,13.865540,7.639005,7.639005,153.315929
5.536665,0.339758,14.026238,7.960713,7.960713,145.457341
8.160195,0.614773,12.997286,8.796840,8.796840,148.366462
9.748049,0.584221,25.918500,2.748829,2.748829,163.025849
9.317841,0.630704,23.379436,2.482852,2.482852,160.928739
9.191461,0.610515,20.615899,2.910966,2.910966,163.096330
7.186437,0.489565,13.539412,1.898427,1.898427,135.990758
8.148526,0.552832,28.594758,2.093194,2.093194,161.349922
7.388373,0.318145,16.300870,2.782282,2.782282,138.643543
10.284845,0.650550,31.158880,4.449718,4.449718,174.419707
10.408239,0.540932,25.219253,3.042411,3.042411,160.701353
5.603738,0.267330,17.294380,6.500144,6.500144,152.857329
6.239849,0.278145,14.100994,4.851909,4.851909,149.810732
6.269501,0.295546,14.080810,5.739329,5.739329,149.966278
6.274927,0.311028,13.433333,2.940651,2.940651,147.167330
5.411296,0.251186,14.339813,2.422315,2.422315,150.576026
6.001918,0.304838,14.023052,6.301987,6.301987,148.806036
5.442106,0.309801,14.223200,3.953974,3.953974,151.177785
5.762888,0.309031,6.981109,0.000000,0.000000,13.053636
9.057078,0.348864,23.461225,12.056810,12.056810,188.525271
7.504769,0.288279,21.743237,10.243399,10.243399,173.498103
8.343443,0.267304,23.538706,6.640546,6.640546,181.669686
6.707536,0.286254,17.333755,7.452398,7.452398,160.771718
6.202535,0.285188,15.628502,3.840847,3.840847,165.154148
6.603193,0.281066,16.192481,3.994065,3.994065,166.171570
5.879294,0.437494,19.085122,6.791320,6.791320,167.029649
9.149966,0.741385,35.730768,9.868761,9.868761,192.887993
6.209744,0.448876,19.504222,6.088705,6.088705,164.697003
7.211031,0.900855,31.116559,9.414204,9.414204,201.903243
5.098709,0.424354,15.734001,6.012069,6.012069,162.775185
5.948591,0.406592,19.647301,5.916145,5.916145,174.544452
7.013303,0.519180,22.068572,5.901775,5.901775,185.912670
6.132094,0.384277,20.022840,7.692418,7.692418,173.795477
5.862159,0.319053,19.607539,5.202269,5.202269,171.167656
7.246868,0.397855,22.059278,6.474997,6.474997,169.349679
9.940011,0.626651,31.812131,7.002037,7.002037,192.299464
5.882070,0.362963,27.680794,7.873041,7.873041,184.162406
5.847443,0.320319,26.626758,5.521035,5.521035,175.715592
7.461847,0.701662,20.921929,7.652343,7.652343,176.730032
9.507606,0.529084,26.542019,5.693539,5.693539,183.493525
10.466150,0.672853,25.047088,5.733268,5.733268,188.254464
5.315353,0.330737,18.067690,7.620264,7.620264,168.896924
6.846154,0.400323,18.212111,7.588935,7.588935,169.440781
5.814422,0.288580,16.824255,7.795368,7.795368,170.479393
6.489044,0.483158,16.940940,6.834527,6.834527,167.373555
9.584138,0.621776,21.684291,6.065457,6.065457,184.697759
7.167149,0.474926,20.150544,7.072375,7.072375,162.628401
6.939847,0.456523,24.118956,8.897628,8.897628,163.190789
5.328870,0.313979,18.689353,7.339734,7.339734,157.877001
5.365550,0.354839,21.634267,7.066094,7.066094,158.881733
5.258457,0.345358,19.502867,10.008208,10.008208,156.436144
5.025199,0.350471,23.720937,7.679463,7.679463,160.621752
4.967137,0.367953,20.392429,9.923470,9.923470,153.614308
6.061799,0.462225,20.179401,8.392010,8.392010,151.182678
5.531494,0.394391,23.062575,13.754610,13.754610,160.182251
6.068429,0.458407,22.405655,10.856915,10.856915,156.802809
5.710866,0.406522,27.117623,9.534330,9.534330,157.926085
6.106438,0.363883,27.295537,7.698639,7.698639,158.793279
5.857398,0.366440,23.462633,8.517455,8.517455,157.490097
6.645025,0.397860,22.471891,9.098789,9.098789,154.619428
8.322903,0.359993,23.031730,9.937542,9.937542,161.000659
7.137402,0.289567,23.592624,10.520347,10.520347,163.064885
6.463138,0.380009,25.010297,7.180509,7.180509,154.260323
6.931138,0.266707,22.015048,7.467307,7.467307,161.103260
6.924778,0.303114,23.542308,7.938631,7.938631,161.728776
8.590035,0.380092,29.146417,10.520606,10.520606,185.348185
6.995080,0.318591,21.927010,8.563121,8.563121,166.566045
7.811588,0.402875,22.866344,7.745084,7.745084,169.464454
7.647237,0.397632,22.505148,8.556231,8.556231,161.990958
6.732865,0.367506,22.574866,6.651400,6.651400,158.719389
5.498059,0.457684,16.505870,8.805462,8.805462,153.270629
3.500477,0.178783,11.845791,7.658423,7.658423,139.620018
2.486634,0.190839,8.807140,9.083197,9.083197,129.502339
1.712989,0.209694,5.662946,5.887482,5.887482,75.322171
2.173721,0.116656,6.118985,7.816697,7.816697,129.887157
1.583350,0.066756,5.273295,5.660898,5.660898,59.890972
2.415114,0.072685,9.862747,6.764045,6.764045,131.126656
2.372550,0.051925,8.577030,7.122531,7.122531,57.373980
2.005984,0.060230,7.433744,7.300213,7.300213,125.957162
2.357397,0.070194,9.644198,7.266991,7.266991,123.249856
8.665257,0.316240,40.567508,10.015040,10.015040,173.930920
6.775004,0.266349,35.536348,9.911390,9.911390,168.883863
12.223350,0.404970,37.641670,9.791347,9.791347,175.171561
7.080855,0.382554,35.490074,11.129362,11.129362,167.022824
13.755532,0.526093,36.751753,9.737373,9.737373,186.408904
7.974596,0.292077,20.652638,13.837192,13.837192,152.651292
8.009720,0.323815,24.341768,12.324068,12.324068,161.091282
7.586757,0.348487,23.232108,13.795617,13.795617,166.186089
10.393273,0.327674,21.331490,11.580347,11.580347,161.202279
9.754599,0.465590,22.305397,13.528382,13.528382,159.841446
12.270997,0.460701,31.339803,16.877500,16.877500,190.420292
6.387849,0.241972,25.161412,14.599080,14.599080,159.384275
13.503812,0.366183,36.838972,17.248171,17.248171,184.781868
7.202477,0.231872,25.471457,17.679984,17.679984,162.345109
7.476634,0.231022,28.765056,15.359686,15.359686,163.811336
11.370297,0.352199,34.652961,17.852907,17.852907,174.638747
11.497812,0.334249,35.395793,14.929232,14.929232,171.817888
12.271291,0.466973,36.837958,15.652387,15.652387,187.715772
7.577592,0.317854,27.118874,15.155966,15.155966,162.291952
9.378703,0.379139,27.331611,15.117148,15.117148,160.667911
6.108998,0.265540,21.397614,16.413102,16.413102,156.035708
6.432447,0.308649,22.081591,14.276482,14.276482,154.361943
12.233921,0.649074,33.333740,12.258025,12.258025,168.357917
7.440290,0.261814,28.151418,11.872433,11.872433,162.100718
7.349824,0.340054,25.635205,14.008752,14.008752,163.006490
6.237944,0.265382,21.587635,11.816859,11.816859,157.762927
6.892592,0.253958,21.029249,7.453606,7.453606,157.931741
5.906525,0.288689,20.437606,8.160768,8.160768,157.714798
6.638781,0.256886,21.025965,10.625055,10.625055,167.766866
8.210873,0.309142,23.692433,7.487152,7.487152,167.678384
6.927411,0.300915,24.843795,4.519628,4.519628,164.425291
11.833673,0.458971,29.754511,5.819812,5.819812,195.936447
11.891465,0.538192,32.652521,8.110469,8.110469,196.039919
6.435256,0.232228,20.653360,6.424859,6.424859,198.126262
7.241011,0.256571,20.459304,6.425833,6.425833,172.125158
9.603696,0.539567,30.432645,5.124358,5.124358,190.043156
9.158987,0.348178,22.799063,4.391164,4.391164,191.628977
7.496006,0.324110,20.502080,4.484162,4.484162,177.998599
6.534463,0.333931,22.503393,6.800563,6.800563,182.741517
6.885486,0.316102,17.114113,6.323165,6.323165,180.316514
6.285422,0.343256,22.734548,6.359337,6.359337,178.269909
9.263880,0.810397,33.873003,5.875716,5.875716,192.635252
10.948583,0.558989,28.697495,5.953488,5.953488,194.240965
6.564796,0.327570,19.461971,9.356108,9.356108,193.892456
6.431690,0.365903,19.287052,7.644557,7.644557,172.485303
8.717128,0.448077,25.830484,7.647591,7.647591,185.217354
8.231802,0.274804,23.172210,9.290310,9.290310,191.689390
7.797886,0.368397,23.659281,8.448150,8.448150,187.559009
7.011884,0.251864,20.401194,6.486550,6.486550,171.633391
9.549183,0.423179,23.872802,11.082992,11.082992,192.365733
8.207668,0.341615,24.673212,10.288748,10.288748,186.244710
7.088857,0.658315,30.137339,9.496612,9.496612,183.707783
14.343027,0.603545,35.252351,10.960150,10.960150,192.005244
7.675584,0.330477,21.448268,6.521047,6.521047,175.174149
7.829570,0.268728,20.685207,9.785815,9.785815,169.488641
8.899816,0.313580,29.933520,8.639418,8.639418,184.173174
12.150253,0.531432,37.130771,10.823078,10.823078,200.422025
13.523893,0.483070,32.500103,10.974503,10.974503,198.770463
8.798778,0.398771,22.605821,8.185135,8.185135,170.745426
10.794327,0.285867,28.641335,11.167688,11.167688,193.378302
7.271442,0.285941,23.584648,9.838092,9.838092,171.775806
9.769618,0.657965,28.292381,11.292116,11.292116,186.788559
7.521324,0.337409,29.788810,16.716628,16.716628,198.360234
7.337943,0.306008,21.830951,9.465321,9.465321,173.354192
8.348261,0.486330,30.229062,13.875208,13.875208,186.040038
6.202240,0.326003,21.826488,12.244032,12.244032,186.885388
12.876241,0.707076,38.480254,13.666783,13.666783,204.989364
8.508132,0.561340,32.158105,12.855019,12.855019,193.224812
5.465894,0.297871,23.672920,11.613091,11.613091,172.791927
6.641242,0.308573,33.564505,19.045293,19.045293,201.942704
6.773600,0.430470,28.330308,14.410345,14.410345,204.290725
9.882850,0.271109,25.766472,15.421196,15.421196,196.813878
6.347843,0.247564,22.261259,11.776343,11.776343,171.422920
6.673266,0.339844,26.506462,11.208304,11.208304,170.628798
7.315989,0.306916,26.549965,16.985728,16.985728,199.570516
7.202692,0.383644,29.281810,12.640027,12.640027,191.496156
7.365710,0.335930,30.132002,15.306429,15.306429,192.125176
7.208548,0.251969,30.010854,16.719660,16.719660,194.240144
12.978719,0.510680,43.254513,18.178158,18.178158,220.331426
15.500072,0.577318,34.490963,18.561683,18.561683,210.703216
15.228224,0.468521,52.786735,13.164292,13.164292,227.425043
8.521736,0.326308,35.727935,15.464020,15.464020,205.911673
8.056964,0.288753,30.830853,18.562361,18.562361,210.993344
15.372387,0.783088,40.062809,12.286355,12.286355,223.104907
8.310394,0.295702,31.288254,11.811386,11.811386,218.204377
14.988230,0.595357,42.947038,14.880608,14.880608,230.828764
15.690444,0.500800,33.919120,13.327804,13.327804,225.137757
9.347311,0.253606,30.584385,13.992409,13.992409,218.581504
9.313970,0.280388,29.658507,14.679079,14.679079,220.761804
15.281091,0.471969,31.780978,15.040568,15.040568,228.409658
9.373386,0.319033,41.301279,10.770469,10.770469,231.757658
7.374838,0.318163,32.383475,15.782583,15.782583,211.530730
10.711661,0.391779,34.225202,14.497112,14.497112,224.057864
15.953956,0.468750,31.937084,12.716321,12.716321,220.717915
9.013799,0.258450,28.980237,13.830173,13.830173,215.492599
14.508199,0.232188,29.345037,13.963545,13.963545,228.702463
8.077367,0.226616,36.680054,19.507304,19.507304,226.557935
8.543910,0.326119,33.857250,19.360649,19.360649,219.419789
10.001679,0.332088,36.070558,16.160954,16.160954,234.585631
8.590381,0.395396,32.000085,15.396851,15.396851,220.616434
15.069941,0.548228,51.777083,19.702869,19.702869,255.706448
6.622657,0.323372,28.199427,19.976645,19.976645,215.347179
7.548601,0.384701,27.081349,15.864474,15.864474,221.277446
7.437679,0.288636,23.228999,20.113934,20.113934,212.530434
6.867195,0.255794,22.687053,19.427553,19.427553,210.276598
7.126375,0.273314,21.373996,20.640735,20.640735,208.422558
6.796051,0.271694,25.017061,15.272171,15.272171,209.742329
6.916025,0.302842,22.032497,16.432003,16.432003,210.200440
5.747378,0.285342,21.498889,18.429245,18.429245,212.143980
11.738362,0.522016,23.371455,10.935896,10.935896,207.862797
5.652713,0.411262,32.762865,12.836018,12.836018,198.146191
10.197966,0.534379,43.089715,8.058827,8.058827,219.798293
7.240343,0.309930,21.726158,9.830793,9.830793,189.601936
5.778198,0.210102,19.739213,9.700002,9.700002,190.317249
6.403259,0.221413,20.544340,12.123075,12.123075,190.165368
8.037202,0.283966,23.303460,13.849788,13.849788,206.160925
7.273693,0.289262,22.261825,12.195219,12.195219,200.952240
6.112448,0.251103,19.742455,9.319659,9.319659,183.747314
6.867463,0.312055,20.259404,13.439326,13.439326,201.889408
6.376290,0.312874,22.413711,11.534765,11.534765,188.139164
8.567064,0.360287,32.758309,10.626312,10.626312,200.888237
13.632609,0.566983,32.499785,14.183182,14.183182,210.234512
7.251795,0.270205,22.929878,9.126503,9.126503,199.244528
6.469798,0.267951,22.727805,12.758129,12.758129,198.496802
7.661227,0.237393,20.010168,9.603619,9.603619,195.024500
6.015995,0.230735,22.792943,9.003797,9.003797,181.772842
7.176160,0.291358,20.260749,11.143556,11.143556,198.272749
6.491067,0.354332,23.059843,11.091255,11.091255,181.603628
7.045984,0.597973,25.011957,13.076347,13.076347,181.618209
8.340585,0.555906,34.581573,11.813985,11.813985,197.846808
6.701810,0.324025,31.524435,18.446066,18.446066,204.414093
8.592027,0.346657,31.408700,13.488836,13.488836,183.060536
7.049657,0.364982,33.017316,12.961969,12.961969,180.945811
7.433950,0.450927,31.546860,18.510427,18.510427,202.204335
8.737987,0.297306,28.548409,18.228439,18.228439,201.492440
8.001112,0.270128,31.732304,21.555022,21.555022,207.777041
7.969431,0.249230,27.130786,16.427079,16.427079,198.455535
7.225619,0.268403,31.322288,21.240425,21.240425,205.766569
7.177430,0.304988,27.024151,23.550865,23.550865,202.431123
7.660461,0.237928,28.323760,21.394636,21.394636,213.236519
10.862459,0.311571,33.068717,20.139987,20.139987,205.595807
14.108903,0.290681,44.756269,17.892280,17.892280,221.112490
7.443925,0.305571,33.988350,16.510697,16.510697,199.693661
7.833019,0.323962,34.092602,19.167371,19.167371,203.012091
8.165672,0.239863,32.629865,19.160017,19.160017,195.236317
8.262655,0.222706,33.099374,14.592682,14.592682,201.830333
8.379144,0.224133,30.333433,20.146662,20.146662,200.611093
7.781039,0.232347,31.557582,17.637896,17.637896,195.090406
8.200655,0.247819,31.162519,18.983170,18.983170,200.258076
8.642509,0.251529,51.992703,14.500512,14.500512,222.467794
9.586519,0.227868,39.211651,14.788295,14.788295,210.556887
14.636755,0.259238,29.305238,16.836173,16.836173,208.516633
11.788650,0.264205,33.719759,17.376387,17.376387,211.157126
10.899023,0.319944,34.566350,15.687542,15.687542,212.992401
12.267980,0.428920,41.745876,14.940077,14.940077,219.492830
17.431610,0.373993,44.136497,19.368349,19.368349,252.872599
18.217393,0.435485,51.456946,19.577058,19.577058,255.686724
9.582299,0.219328,30.428256,18.183328,18.183328,210.729562
10.101034,0.225287,34.617246,16.667386,16.667386,222.995927
9.670175,0.316117,30.985409,19.506624,19.506624,226.827742
9.612542,0.332686,30.586150,18.875424,18.875424,214.336079
13.188664,0.506555,41.577738,19.345826,19.345826,232.490379
14.302720,0.382751,26.575840,22.199354,22.199354,214.697531
15.026628,0.803070,40.564637,22.691756,22.691756,235.738911
9.705913,0.468517,35.312024,18.920171,18.920171,211.353583
8.355383,0.266215,24.176639,24.664054,24.664054,207.189222
8.024031,0.225742,28.031381,26.594667,26.594667,211.553871
7.554002,0.359785,29.122851,23.988411,23.988411,202.311734
6.397975,0.295458,24.749528,17.941138,17.941138,188.570776
12.375283,0.559725,33.251456,20.595855,20.595855,215.308639
8.134912,0.377253,25.209398,23.602010,23.602010,212.475525
8.259321,0.338812,29.973521,24.386648,24.386648,206.253673
8.498925,0.301934,35.990978,17.419639,17.419639,218.667973
8.760901,0.256019,29.675792,20.825974,20.825974,202.556976
8.707641,0.300569,32.518834,21.109685,21.109685,209.178522
8.910529,0.251483,30.600446,25.558098,25.558098,207.332810
8.739096,0.279699,36.957902,17.623657,17.623657,207.376568
8.080747,0.284313,34.802634,19.790744,19.790744,200.612956
8.747111,0.334340,34.573332,22.251489,22.251489,203.497148
16.062285,0.407601,41.923177,17.945094,17.945094,217.300914
17.445339,0.373877,48.322027,18.223582,18.223582,226.723899
9.638091,0.259432,40.301411,22.066469,22.066469,218.602748
16.958975,0.514607,40.143610,14.789373,14.789373,221.680635
9.232928,0.196932,43.697458,19.966846,19.966846,224.217535
8.837147,0.337044,36.675871,17.845516,17.845516,208.795301
9.340972,0.211816,31.471355,20.941216,20.941216,204.997092
9.428889,0.213600,34.887861,20.521036,20.521036,212.598020
11.322412,0.288539,34.460379,21.248681,21.248681,215.274036
10.382801,0.233645,33.383877,22.305254,22.305254,211.267855
9.507873,0.197595,33.148471,17.649467,17.649467,210.403151
12.186433,0.503329,39.800155,16.218768,16.218768,220.813944
8.942661,0.260554,32.846253,17.351059,17.351059,220.356777
10.053283,0.352333,32.941938,12.967716,12.967716,208.120215
7.704091,0.313994,26.601559,17.249898,17.249898,209.914335
11.699862,0.317981,36.044224,14.404531,14.404531,216.726777
9.537755,0.375984,36.030678,14.757590,14.757590,213.011174
14.376438,0.511093,45.697371,13.593341,13.593341,229.980349
8.960242,0.257065,33.717079,15.624249,15.624249,215.224756
7.035248,0.276816,24.243747,16.675462,16.675462,208.571531
7.913474,0.372948,25.638538,15.385364,15.385364,218.466092
7.899864,0.235815,27.142996,15.877074,15.877074,214.698265
7.309674,0.267206,30.574956,14.742341,14.742341,219.612943
8.699051,0.244016,35.981332,18.529014,18.529014,233.004454
8.838455,0.336151,34.520300,18.669354,18.669354,230.683613
9.793373,0.332332,36.287323,19.106351,19.106351,258.195766
8.734014,0.332406,35.787173,18.060176,18.060176,235.806321
8.493785,0.478750,39.504718,23.258484,23.258484,271.110401
8.184953,0.264217,33.224540,19.974198,19.974198,243.746347
7.274857,0.280817,35.729148,19.434857,19.434857,265.520286
7.704946,0.434756,36.847094,20.844751,20.844751,249.212449
8.151198,0.365212,32.572545,15.573143,15.573143,241.834050
8.205268,0.418421,29.777091,20.562352,20.562352,239.373331
8.901665,0.369605,36.039596,20.353879,20.353879,260.029035
8.788341,0.359054,35.473833,17.884617,17.884617,242.054561
8.606461,0.350653,33.225586,15.865766,15.865766,239.139042
9.316768,0.305582,38.910135,24.531274,24.531274,267.487506
11.955952,0.280245,36.983160,20.426256,20.426256,247.927318
9.138344,0.309873,40.644569,20.936647,20.936647,262.258606
8.823111,0.275810,39.237553,18.196826,18.196826,266.053345
13.301608,0.297102,46.586726,20.209753,20.209753,275.215867
10.434261,0.263254,40.745560,18.661949,18.661949,267.624436
9.788095,0.234960,37.608119,23.174204,23.174204,266.649695
10.407359,0.236373,38.412447,28.571843,28.571843,273.252845
8.789173,0.316003,31.850329,23.101804,23.101804,265.093233
9.345127,0.280665,31.192244,18.708678,18.708678,263.858108
8.462742,0.349850,29.749028,22.024857,22.024857,242.366544
9.749966,0.310918,33.559473,18.547077,18.547077,233.136594
8.400892,0.374685,31.738047,21.087153,21.087153,234.759884
7.677273,0.365919,33.072683,22.412992,22.412992,239.707469
10.784399,0.516912,35.862706,19.421044,19.421044,226.827632
9.156476,0.384799,38.136530,26.866109,26.866109,236.039256
14.612407,0.726701,52.461381,22.700841,22.700841,255.568254
8.663908,0.448098,36.978525,20.243954,20.243954,227.183210
9.160339,0.471692,35.429671,22.368073,22.368073,226.920867
8.754251,0.400640,30.647146,23.755957,23.755957,223.006698
14.389217,0.639541,42.492598,20.448117,20.448117,231.918113
9.599698,0.279611,33.660746,16.085942,16.085942,215.968477
10.623518,0.432094,34.845045,21.797903,21.797903,233.360147
8.698832,0.232547,29.067790,20.703306,20.703306,219.781221
15.435773,0.459531,37.198926,20.052253,20.052253,236.621637
16.397790,0.415787,31.807940,19.263988,19.263988,221.477292
9.795050,0.239189,30.321833,18.128824,18.128824,212.660310
8.016522,0.273651,23.462856,20.104384,20.104384,207.226476
13.270203,0.293252,31.035592,19.974164,19.974164,220.502816
8.643379,0.294478,27.471445,19.497434,19.497434,209.539626
7.427152,0.239504,27.102902,25.591443,25.591443,209.572500
18.705653,0.448931,45.979096,23.885486,23.885486,263.957061
10.274794,0.206276,28.667479,19.366004,19.366004,206.235601
9.191362,0.194338,28.298451,23.305929,23.305929,204.047950
9.100299,0.206166,29.949684,23.811865,23.811865,210.810256
8.691435,0.256817,35.456100,22.161909,22.161909,215.619519
12.868283,0.362617,40.686600,21.991449,21.991449,219.606406
8.471608,0.333148,37.258277,19.982320,19.982320,212.596149
9.843934,0.293519,36.739696,23.923716,23.923716,215.128211
8.543937,0.292123,35.090810,18.861925,18.861925,213.463298
8.172833,0.255995,35.067165,21.817720,21.817720,213.341342
10.140787,0.273132,42.609158,22.609438,22.609438,229.563303
16.994755,0.651473,40.381009,16.568380,16.568380,232.708596
8.376577,0.402915,31.958504,17.536339,17.536339,214.566350
11.588915,0.723122,36.815840,19.575393,19.575393,219.400310
8.651345,0.208595,26.333156,26.685038,26.685038,212.038585
11.353688,0.297848,43.750992,20.399339,20.399339,223.290758
7.754984,0.268147,21.890833,19.003260,19.003260,200.095956
7.074148,0.194849,17.281228,20.293934,20.293934,185.497763
9.988515,0.241849,22.416086,20.472390,20.472390,186.562629
6.770235,0.095290,16.986032,18.070975,18.070975,172.973014
7.869660,0.118834,19.492489,19.321020,19.321020,104.769565
7.038523,0.058604,14.834531,17.128109,17.128109,88.327252
5.886906,0.116775,14.068536,17.437266,17.437266,85.963797
6.639135,0.085350,15.024309,20.720660,20.720660,88.748613
5.610123,0.061598,14.100967,13.725746,13.725746,79.892667
8.433826,0.056330,15.839151,20.030387,20.030387,96.566602
10.157264,0.052109,26.072011,17.433688,17.433688,103.513816
10.585795,0.046299,24.364735,16.554386,16.554386,175.459343
8.292920,0.029320,22.431780,15.784661,15.784661,162.715375
11.468597,0.055459,27.155240,17.142519,17.142519,173.086282
