1413393889605760512.000000 1.121245146 -0.241789177 -0.152143046 -0.475668937 -0.667495489 -0.322424650 0.473530620
1413393892455760384.000000 0.835738659 -1.350692391 0.269840509 -0.479669511 -0.670304120 -0.334236234 0.457051128
1413393892855760384.000000 0.866730809 -1.865536571 0.206049070 -0.502321303 -0.698884428 -0.306346983 0.406675935
1413393893005760512.000000 0.850095570 -2.001395702 0.190090150 -0.509787083 -0.712432861 -0.291068614 0.384493917
1413393893155760384.000000 0.809002459 -2.084648371 0.188110664 -0.509136319 -0.714322567 -0.288258433 0.383967042
1413393893405760512.000000 0.692252338 -2.109545231 0.213326991 -0.508796930 -0.698584378 -0.291743815 0.409867167
1413393893555760384.000000 0.604330063 -2.067995071 0.235354185 -0.514118254 -0.690469086 -0.284505814 0.421890140
1413393893655760384.000000 0.543456137 -2.018902540 0.250545144 -0.517003775 -0.686710477 -0.279111683 0.428056657
1413393894055760384.000000 0.318403840 -1.663923502 0.330198228 -0.501697958 -0.662015080 -0.303034484 0.467124462
1413393894255760384.000000 0.227197438 -1.432886839 0.375304908 -0.500102282 -0.657974839 -0.304358035 0.473638058
1413393895005760512.000000 0.028078374 -0.447585344 0.293985009 -0.479445130 -0.653367639 -0.328932554 0.484815985
1413393895105760512.000000 0.012958143 -0.313946038 0.283573955 -0.474911034 -0.651043057 -0.333119333 0.489524305
1413393895355760384.000000 -0.016164765 0.004435301 0.261377275 -0.473152071 -0.654612005 -0.332620978 0.486799359
1413393895455760384.000000 -0.025052123 0.125046670 0.242693931 -0.471801221 -0.652387023 -0.335635930 0.489022911
1413393895605760512.000000 -0.032744795 0.297139347 0.204273134 -0.480246902 -0.645618975 -0.340026200 0.486745715
1413393898505760512.000000 0.575521290 1.862807035 0.392937005 -0.703823626 -0.160694525 -0.665723026 0.188739225
1413393899555760384.000000 0.452295721 2.204617262 0.583762586 -0.669984519 -0.149748445 -0.705222905 0.177078739
1413393899655760384.000000 0.421564013 2.214509964 0.616316319 -0.659964800 -0.137973383 -0.709196925 0.206033260
1413393899755760384.000000 0.359212488 2.200911045 0.635568857 -0.694010317 -0.138917848 -0.670200527 0.223344460
1413393901455760384.000000 0.083456859 1.167154431 0.368474990 -0.857321918 -0.201032177 -0.462849587 0.101762190
1413393902105760512.000000 0.433559060 1.173339844 0.391718358 -0.797608733 -0.200970203 -0.559189081 0.103629254
1413393904055760384.000000 1.566622496 2.572926998 0.589181662 0.805656731 -0.017635886 0.585573733 -0.087804087
1413393905105760512.000000 2.153798819 2.388244152 0.712981820 0.813839972 -0.090577833 0.563853502 0.107375778
1413393905205760512.000000 2.229061127 2.375670433 0.697254896 0.801738381 -0.119228199 0.572940350 0.121407136
1413393907605760512.000000 2.951126337 1.853470683 0.143158570 0.680857539 -0.431836426 0.487949193 0.334448725
1413393910005760512.000000 2.755999804 2.642755747 -0.236500695 0.693391502 -0.494467556 0.410174489 0.326292843
1413393910155760384.000000 2.775561571 2.675231934 -0.295972198 0.693882704 -0.506529868 0.400003910 0.319298089
1413393910305760512.000000 2.818153858 2.670419693 -0.319330513 0.693445086 -0.515220702 0.393362373 0.314559489
1413393910505760512.000000 2.904688835 2.595740557 -0.304753691 0.690120220 -0.540318966 0.389241487 0.283338487
1413393910955760384.000000 3.125956059 2.141567707 -0.334775805 0.678758562 -0.500240922 0.448134243 0.297021002
1413393912155760384.000000 3.591327429 0.805638015 -0.363960922 0.690466344 -0.508017242 0.442715466 0.263016790
1413393912305760512.000000 3.639525414 0.648990154 -0.271346241 0.694175005 -0.520236075 0.427783400 0.253922820
1413393912455760384.000000 3.685759783 0.446374923 -0.170197010 0.681967854 -0.515477121 0.442949086 0.270184010
1413393912605760512.000000 3.727357388 0.211778581 -0.073485255 0.664153159 -0.500261724 0.471011251 0.294596791
1413393912755760384.000000 3.760753155 -0.030005913 -0.005362604 0.655920625 -0.483115941 0.487036824 0.314900488
1413393913105760512.000000 3.799973249 -0.580391884 0.049089037 0.621595621 -0.505367041 0.487739176 0.346891314
1413393913555760384.000000 3.708730698 -1.176979899 -0.011194625 0.502207518 -0.613365352 0.464630544 0.394574612
1413393914305760512.000000 3.052160978 -1.600830317 0.080002636 0.328348190 -0.722252190 0.265285313 0.547871292
1413393914455760384.000000 2.920666456 -1.593520761 0.117769949 0.291913778 -0.750287771 0.223691508 0.549378574
1413393914555760384.000000 2.838907242 -1.585750222 0.145043269 0.261691540 -0.765500963 0.208052918 0.549763501
1413393915005760512.000000 2.477911711 -1.508942485 0.273541540 0.154317647 -0.812348008 0.139962956 0.544690013
1413393917905760512.000000 0.925776303 -2.162870407 0.732254028 -0.390127093 -0.724860191 -0.240631476 0.514271498
1413393918355760384.000000 0.931001246 -2.051231861 0.724972069 -0.554305792 -0.614845097 -0.322194159 0.459240168
1413393918605760512.000000 1.006768107 -1.944613576 0.739840388 -0.630659938 -0.542957544 -0.371594876 0.411561072
1413393918755760384.000000 1.084399939 -1.867386580 0.754787922 -0.670579195 -0.482167006 -0.410883456 0.386022359
1413393919005760512.000000 1.270431161 -1.749358177 0.780793607 -0.722599149 -0.351024836 -0.491652369 0.336020917
1413393921755760384.000000 1.612151861 -3.292994499 -0.225007758 -0.807044685 -0.114133462 -0.576131403 0.061034355
1413393922255760384.000000 1.631364465 -3.292301655 -0.499669522 -0.818068862 -0.107714392 -0.562442601 0.053097870
1413393922405760512.000000 1.630925894 -3.273673773 -0.584731460 -0.842389464 -0.105182014 -0.526200831 0.049289986
1413393922605760512.000000 1.675584078 -3.228360415 -0.677468479 -0.840605855 -0.078915611 -0.530070901 0.078607507
1413393923255760384.000000 2.141104221 -3.129930019 -0.799538910 -0.844632626 -0.103021905 -0.523777783 0.040486656
1413393923405760512.000000 2.319215059 -3.087921619 -0.780370474 -0.837635458 -0.084505074 -0.534779787 0.072362967
1413393924405760512.000000 3.737295866 -2.897324562 -0.606574476 -0.700964391 -0.445794791 -0.521580935 0.194600299
1413393924555760384.000000 3.910427570 -2.814802647 -0.570981085 -0.671992242 -0.480278641 -0.534158707 0.180092514
1413393927155760384.000000 3.463841677 0.504905522 0.465003431 -0.606090307 -0.558139265 -0.391351849 0.409852147
1413393927305760512.000000 3.476989269 0.624255240 0.524507165 -0.611915648 -0.565873682 -0.362607986 0.416967332
1413393927455760384.000000 3.508592606 0.756921649 0.588505745 -0.596649885 -0.591568649 -0.361544341 0.404154837
1413393928705760512.000000 2.993412495 1.790154696 1.064212322 -0.516309977 -0.586193085 -0.397819519 0.481187463
1413393928955760384.000000 2.783981323 1.847336650 1.089020848 -0.509982288 -0.590949297 -0.427060723 0.456416577
1413393931605760512.000000 0.837916434 0.584300578 0.859898567 -0.759328842 -0.311336696 -0.498042434 0.280076832
1413393933305760512.000000 1.179844260 -0.524361372 0.279606998 -0.712374806 -0.325754344 -0.565145671 0.258875787
1413393933405760512.000000 1.169980288 -0.572154641 0.276560754 -0.719049692 -0.314382851 -0.555028319 0.275816411
1413393933505760512.000000 1.156515837 -0.628071904 0.274667978 -0.733240485 -0.304605871 -0.534454346 0.289710581
1413393935605760512.000000 1.437917113 -2.156007290 -0.233424172 -0.611499131 -0.581108868 -0.409374177 0.347554475
1413393935805760512.000000 1.503941417 -2.164169312 -0.208646044 -0.553785741 -0.633272469 -0.415891647 0.345429480
1413393936105760512.000000 1.470075369 -2.111522198 -0.165310279 -0.507264197 -0.662392914 -0.365623534 0.412599146
1413393936255760384.000000 1.404308438 -2.068034172 -0.138571382 -0.486174434 -0.672626734 -0.308583528 0.464740783
1413393936405760512.000000 1.336118937 -2.011453629 -0.108379275 -0.451195896 -0.694255292 -0.254913956 0.499450445
1413393939205760512.000000 1.777262926 -2.215882063 0.357441545 0.108980276 -0.766306460 0.088868186 0.626897156
1413393939655760384.000000 2.094493389 -2.403979063 0.295309007 0.121330254 -0.883263111 0.114701778 0.438142449
1413393939855760384.000000 2.097101688 -2.494139433 0.251773119 0.129511937 -0.868524969 0.095322043 0.468833536
1413393940155760384.000000 1.984624863 -2.634267569 0.230418816 0.092309877 -0.722368300 0.132341236 0.672420144
1413393940605760512.000000 2.149645329 -2.634619236 0.189236850 0.098325260 -0.850637972 0.114217810 0.503687978
1413393940755760384.000000 2.197419643 -2.599808693 0.193343207 0.075857028 -0.881495476 0.127754450 0.448207945
1413393942455760384.000000 1.523533583 -1.584701180 0.500006378 0.092518859 -0.744275749 0.076093353 0.657041669
1413393943905760512.000000 1.306658745 -1.070559263 0.419369459 0.103184849 -0.856429696 0.047309212 0.503629804
1413393945505760512.000000 1.049768567 -0.849342108 0.651957214 -0.116305679 -0.750878930 -0.091279946 0.643678367
1413393948355760384.000000 1.423104405 -1.278343201 0.184683308 -0.675572932 -0.391044706 -0.558028162 0.281584591
1413393950455760384.000000 0.990406036 -2.258705378 0.361572772 -0.841726065 -0.151732191 -0.510769844 0.087114260
1413393951655760384.000000 1.607701898 -3.068686962 0.117484063 -0.818840384 -0.128812253 -0.555057645 0.069418609
1413393954205760512.000000 2.831737995 -2.975346565 0.058525063 -0.790358424 -0.237845451 -0.543757915 0.151955739
1413393954955760384.000000 3.159808397 -2.771381617 0.121674955 -0.767714679 -0.377620548 -0.467947245 0.221455202
1413393955105760512.000000 3.273738384 -2.655871630 0.143593758 -0.748001337 -0.382011175 -0.489103347 0.235243455
1413393955305760512.000000 3.427415848 -2.474478245 0.169261247 -0.728709519 -0.386108607 -0.498839110 0.266574979
1413393955955760384.000000 3.831207275 -1.899887562 0.180647820 -0.614974618 -0.530311942 -0.490012884 0.316958964
1413393956205760512.000000 3.869473457 -1.699636459 0.155427098 -0.626376987 -0.536788702 -0.430334061 0.366500258
1413393957005760512.000000 3.855410099 -1.105463147 0.165393680 -0.463406146 -0.679130912 -0.297224909 0.485482693
1413393957205760512.000000 3.845023155 -0.967923224 0.170415461 -0.406094491 -0.715714216 -0.261423498 0.504478157
1413393957405760512.000000 3.834102392 -0.822070777 0.181897923 -0.338521659 -0.749462366 -0.220479384 0.524498045
1413393957555760384.000000 3.826739311 -0.710970759 0.185391724 -0.289613456 -0.763810158 -0.193058223 0.543549895
1413393960255760384.000000 3.624634266 0.012986779 -0.271702319 -0.138012603 -0.829009950 -0.092193693 0.534036815
1413393960605760512.000000 3.599221468 0.007442586 -0.294862330 -0.107153364 -0.815690875 -0.078900255 0.562975526
1413393960805760512.000000 3.557482004 -0.008525804 -0.392705023 -0.055763900 -0.817462564 -0.044331685 0.571559429
1413393961105760512.000000 3.474460602 -0.040904798 -0.561334789 -0.014604086 -0.837122917 -0.000121102 0.546819806
1413393961455760384.000000 3.348417521 -0.057501271 -0.560139239 -0.025223101 -0.751256227 0.028726352 0.658902764
1413393962255760384.000000 3.519176960 -0.034554228 0.082874551 -0.004551628 -0.832365453 -0.006367337 0.554171920
1413393962555760384.000000 3.537691355 -0.063668042 0.433659673 -0.012440058 -0.864346981 -0.015078883 0.502515852
1413393962855760384.000000 3.436348677 -0.097838141 0.638643384 -0.057742078 -0.846376240 -0.094841756 0.520882189
1413393963005760512.000000 3.342114210 -0.132775187 0.710114121 -0.095929705 -0.820632994 -0.149763465 0.543074548
1413393963155760384.000000 3.232822418 -0.193589300 0.755339265 -0.147883654 -0.794987321 -0.193736821 0.555510283
1413393963305760512.000000 3.114692688 -0.283757657 0.775222659 -0.211966664 -0.767915130 -0.214289621 0.565204680
1413393963455760384.000000 2.995311499 -0.395785570 0.769687653 -0.268809229 -0.747017801 -0.238602772 0.559262753
1413393963755760384.000000 2.761373281 -0.665992558 0.695248544 -0.352940381 -0.707497597 -0.288723469 0.539925098
1413393963905760512.000000 2.649424076 -0.823668480 0.629809260 -0.384201467 -0.693107009 -0.316385955 0.521432638
1413393964055760384.000000 2.539071560 -0.996186376 0.544522464 -0.417005211 -0.681604862 -0.339735329 0.496086061
1413393964205760512.000000 2.423739910 -1.179959774 0.444244653 -0.454449654 -0.659557819 -0.354554445 0.482441902
1413393965105760512.000000 1.933225513 -2.308333397 0.004416034 -0.676320195 -0.512613535 -0.340095550 0.405158579
1413393965255760384.000000 1.960141182 -2.451418400 -0.029176228 -0.713568091 -0.492990851 -0.322624654 0.379069835
1413393965405760512.000000 2.045351744 -2.551732779 -0.041266929 -0.720004618 -0.508608222 -0.339381188 0.328224719
1413393965555760384.000000 2.167705059 -2.592964649 -0.031996444 -0.683859289 -0.547757685 -0.397465646 0.272615433
1413393966805760512.000000 2.173544645 -1.738146424 0.263097554 -0.584125459 -0.498871237 -0.526294172 0.364608586
1413393969605760512.000000 0.642611742 -1.113994837 0.049472783 -0.799220085 -0.107872866 -0.570678234 0.154716343
1413393972205760512.000000 -0.118264377 -0.842072368 0.323294163 -0.822518766 -0.035471238 -0.553375721 0.126412630
1413393972605760512.000000 -0.384328067 -1.016857505 0.273687512 -0.828992963 -0.096892856 -0.549447536 0.038600791
1413393973905760512.000000 -1.068021178 -0.803061128 0.122048400 -0.795713902 -0.038164992 -0.586964488 0.144414142
1413393974055760384.000000 -1.227850795 -0.786027133 0.112403795 -0.841791153 -0.021554986 -0.511280239 0.171800748
1413393974255760384.000000 -1.371129632 -0.850918949 0.125552997 -0.899100661 -0.058133293 -0.416672945 0.120922111
1413393974455760384.000000 -1.344133258 -0.950246394 0.185727358 -0.907585621 -0.124967784 -0.399500072 0.032728415
1413393974655760384.000000 -1.150342584 -0.976834178 0.277223498 -0.870385170 -0.178578660 -0.458574027 -0.015789201
1413393974805760512.000000 -0.944988668 -0.921925545 0.348321587 -0.825836062 -0.189639270 -0.530904114 -0.013138149
1413393975005760512.000000 -0.667132378 -0.774822891 0.397657663 -0.789952993 -0.156600848 -0.591642737 0.037541289
1413393975355760384.000000 -0.261162221 -0.450578183 0.370279610 -0.783968687 -0.116578393 -0.603721976 0.085571043
1413393978305760512.000000 0.287054628 0.781916201 0.442728043 -0.809074759 -0.101788886 -0.573193908 0.080535501
1413393978505760512.000000 0.310573637 0.870721936 0.474003851 -0.804180562 -0.059424326 -0.586522698 0.075852029
1413393980405760512.000000 0.066527843 0.218528122 0.485299081 0.743485808 -0.401606798 0.458149254 0.275753975
1413393980605760512.000000 0.050567362 0.026629295 0.480099529 0.726228356 -0.396852374 0.476122260 0.297335178
1413393981005760512.000000 0.123865306 -0.344382405 0.475886792 0.727630436 -0.414526433 0.474177450 0.271804094
1413393983805760512.000000 2.080816269 -2.309571028 0.595878780 -0.694522619 -0.421999127 -0.546924591 0.201068535
1413393984055760384.000000 2.103291512 -2.088486195 0.636974216 -0.641387999 -0.494449317 -0.521961033 0.267764926
1413393986905760512.000000 0.139929742 0.015176479 0.504563034 -0.789666355 -0.124296866 -0.596547723 0.071472533
1413393987105760512.000000 0.156251937 0.099637903 0.519951940 -0.800398827 -0.096276641 -0.589704692 0.048382070
1413393987305760512.000000 0.160366967 0.201237738 0.511690676 -0.810738385 -0.083018407 -0.577989161 0.041710861
1413393990155760384.000000 0.422447145 2.132891655 0.489408940 0.778913260 -0.155377060 0.603099704 0.073639780
1413393992355760384.000000 0.472310692 1.955126166 0.512113571 0.753134310 -0.329919070 0.519443154 0.232639119
1413393992755760384.000000 0.411018312 1.913192987 0.549447238 0.717198193 -0.327158064 0.566632152 0.239838481
1413393993205760512.000000 0.274242103 1.934115052 0.547686279 0.763585567 -0.333029658 0.500618696 0.235392034
1413393993605760512.000000 0.270775914 1.924685359 0.593386352 0.778834701 -0.335759908 0.475742638 0.233132809
1413393994405760512.000000 0.336296678 2.124072552 0.634912431 0.711090207 -0.338588029 0.575952053 0.219062015
1413393994805760512.000000 0.133648172 2.407143593 0.567759395 0.815811276 -0.388516724 0.394786030 0.166285172
1413393995305760512.000000 0.216960922 2.332744360 0.456637621 0.732480228 -0.356853008 0.545628309 0.196006402
1413393996105760512.000000 0.191223517 1.989741087 0.284856707 0.777936041 -0.076081075 0.621366143 0.054142643
1413393996505760512.000000 -0.014769644 1.808663607 0.192674309 0.813612521 -0.035481904 0.580226123 0.010642315
1413393996705760512.000000 -0.127051711 1.712265730 0.106700286 0.828285813 -0.028541597 0.559451222 0.011935941
1413393997155760384.000000 -0.288769782 1.528238177 -0.021219762 -0.828494012 -0.026092507 -0.559376419 0.003875558
1413393997355760384.000000 -0.324309438 1.468472719 -0.051633708 -0.819205463 -0.038895376 -0.572051764 0.012094595
1413393997755760384.000000 -0.376364529 1.388305664 -0.198378861 -0.811890006 -0.045620203 -0.581734419 0.018399954
1413393997955760384.000000 -0.404005498 1.372127056 -0.249275118 -0.815585494 -0.044564225 -0.576731205 0.014684712
1413393998355760384.000000 -0.446864158 1.394093752 -0.309718609 -0.816488385 -0.033651732 -0.576351106 0.005810692
1413393998755760384.000000 -0.461695939 1.475967407 -0.321954548 0.818363726 -0.003549499 0.573206842 -0.041257102
1413393999205760512.000000 -0.454097241 1.511673450 -0.367493004 -0.816175342 -0.025332766 -0.577243745 0.002430448
1413393999555760384.000000 -0.435697824 1.547464013 -0.421477079 -0.825147092 -0.000738569 -0.563930273 0.033383016
1413393999955760384.000000 -0.369484901 1.541975856 -0.497890383 0.818410337 -0.006609735 0.572778463 -0.045669477
1413394000355760384.000000 -0.366991282 1.533454299 -0.517976940 0.804374933 -0.005517710 0.593887448 -0.015758667
1413394000755760384.000000 -0.366432279 1.530475616 -0.516061664 -0.805017054 -0.002200189 -0.593205869 0.007035115
1413394001055760384.000000 -0.366096437 1.530552506 -0.516104817 -0.804518938 -0.001360405 -0.593871951 0.007978025
1413394001505760512.000000 -0.365965366 1.530543566 -0.516276777 -0.804462850 -0.000889571 -0.593939185 0.008661908
1413394001655760384.000000 -0.366333067 1.530471563 -0.516346037 -0.804497540 -0.000862214 -0.593891740 0.008698140
1413394002105760512.000000 -0.367282629 1.530577898 -0.516620994 -0.804499507 -0.000541080 -0.593883932 0.009058208
1413394002605760512.000000 -0.366809666 1.530423522 -0.516506732 -0.804509044 -0.000346270 -0.593865573 0.009422204
1413394003005760512.000000 -0.367010653 1.530516505 -0.516337693 -0.804690480 -0.000146728 -0.593616784 0.009618215
1413394003355760384.000000 -0.367148370 1.530357361 -0.516324520 -0.804677904 0.000098739 -0.593628228 0.009943718
