1403638538777829376.000000 1.641951084 -0.065869719 -0.442233592 -0.562114418 -0.622088253 -0.363174736 0.406371385
1403638539027829504.000000 1.640317678 -0.055499136 -0.443142980 -0.557032526 -0.616264701 -0.370995700 0.415084124
1403638539277829376.000000 1.636272550 -0.036570136 -0.418016791 -0.549685538 -0.606155515 -0.381875187 0.429642558
1403638539527829504.000000 1.631809115 -0.015846135 -0.347443104 -0.550230920 -0.610409915 -0.377972215 0.426359832
1403638541227829504.000000 1.415494919 0.523258328 -0.187406495 -0.426447183 -0.707083464 -0.310586214 0.470863104
1403638541527829504.000000 1.284296513 0.653324544 -0.170838654 -0.419344872 -0.710553110 -0.306814939 0.474477381
1403638541827829504.000000 1.103661895 0.775801837 -0.094657630 -0.406569242 -0.715014994 -0.291487962 0.488354236
1403638542177829376.000000 0.859620690 0.894199848 -0.003427284 -0.357719690 -0.743064284 -0.247678354 0.508475780
1403638542627829504.000000 0.526147902 1.025452852 0.036554947 -0.263122827 -0.766402483 -0.231762126 0.538219333
1403638543377829376.000000 -0.076820195 1.023290515 0.198742479 -0.283569187 -0.773493290 -0.195300266 0.532122731
1403638543677829376.000000 -0.332718641 1.003012300 0.220832795 -0.251202017 -0.786221147 -0.178876698 0.535497010
1403638544427829504.000000 -1.041631818 0.923624277 0.354047805 -0.160692692 -0.809920013 -0.104416080 0.554350793
1403638544677829376.000000 -1.288438201 0.907786906 0.380816132 -0.155886695 -0.802278340 -0.106470928 0.566314995
1403638545077829376.000000 -1.672016144 0.884985864 0.430079639 -0.154322445 -0.806401372 -0.101700254 0.561746001
1403638545427829504.000000 -1.997592449 0.870124102 0.401743561 -0.151160896 -0.804858923 -0.102075383 0.564741611
1403638545577829376.000000 -2.134015322 0.860566318 0.381236881 -0.143659383 -0.807429910 -0.094770275 0.564302742
1403638546027829504.000000 -2.539912939 0.827186167 0.409673154 -0.055014305 -0.822129905 -0.042126194 0.565067530
1403638546477829376.000000 -2.947344065 0.783761561 0.438965857 -0.016535621 -0.825100422 -0.010103418 0.564653695
1403638546927829504.000000 -3.382435799 0.721297801 0.479154050 0.010506118 -0.825706303 -0.000624982 0.564002156
1403638547327829504.000000 -3.789646626 0.632724881 0.510896683 0.023150407 -0.826486409 -0.010688555 0.562379003
1403638547627829504.000000 -4.104673862 0.528712749 0.492548287 0.008995870 -0.827196181 0.004552115 0.561822772
1403638548377829376.000000 -4.950424194 0.189856291 0.432073712 0.046470258 -0.827931941 0.026597993 0.558266878
1403638548827829504.000000 -5.489232540 -0.061998211 0.495682746 0.087073326 -0.824112952 0.056890804 0.556794107
1403638548977829376.000000 -5.674298286 -0.148265913 0.526264369 0.089869291 -0.823826432 0.059400164 0.556511521
1403638549127829504.000000 -5.857105732 -0.235181183 0.569163442 0.089574426 -0.823680043 0.061262533 0.556573868
1403638549577829376.000000 -6.421907902 -0.499607503 0.741082907 0.081764415 -0.821464717 0.066959940 0.560380816
1403638549877829376.000000 -6.803680897 -0.666479349 0.833319068 0.080488645 -0.821720123 0.065690361 0.560341358
1403638550177829376.000000 -7.207913399 -0.825817585 0.984405756 0.079277761 -0.822890520 0.068011485 0.558516443
1403638550627829504.000000 -7.826204777 -1.040675402 1.258529186 0.076344229 -0.819992959 0.075257331 0.562245131
1403638551077829376.000000 -8.432981491 -1.195735693 1.439716697 0.071745083 -0.801169276 0.079878934 0.588727295
1403638551227829504.000000 -8.612660408 -1.226616383 1.494232774 0.068739288 -0.799847841 0.085585125 0.590079308
1403638551377829376.000000 -8.775911331 -1.241223812 1.557041526 0.060256261 -0.804754555 0.083648086 0.584587216
1403638553527829504.000000 -10.094818115 0.142264813 2.017677307 -0.035999492 -0.789230108 -0.012873488 0.612906337
1403638556077829376.000000 -8.625912666 2.323516369 2.377623796 -0.077692173 -0.817138970 -0.043910321 0.569490790
1403638558777829376.000000 -8.101200104 5.187939167 2.811576366 -0.091962017 -0.834620237 -0.032809272 0.542103112
1403638561477829376.000000 -9.089764595 7.722288609 2.566413164 -0.358470619 -0.722654402 -0.235134557 0.542200387
1403638561827829504.000000 -8.978384972 7.936722279 2.523621559 -0.353205025 -0.733003616 -0.243489549 0.527887106
1403638562027829504.000000 -8.904920578 8.046152115 2.473755121 -0.360837817 -0.728588879 -0.253218532 0.524246812
1403638563477829376.000000 -8.126613617 8.533388138 2.406617403 -0.547817826 -0.579128921 -0.373533785 0.474318326
1403638563877829376.000000 -7.745255947 8.530232430 2.362677336 -0.550833583 -0.584716320 -0.367973685 0.468278319
1403638564227829504.000000 -7.332486153 8.463033676 2.372030973 -0.541239023 -0.590829968 -0.362175018 0.476245165
1403638564827829504.000000 -6.456678867 8.205715179 2.407482147 -0.537310898 -0.594747841 -0.352738887 0.482853264
1403638564977829376.000000 -6.206147671 8.114910126 2.380997658 -0.538987637 -0.592077613 -0.350993842 0.485530406
1403638565127829504.000000 -5.942779541 8.017638206 2.315711975 -0.540159822 -0.592015147 -0.349267542 0.485548735
1403638566627829504.000000 -3.005984783 6.715975285 1.513990641 -0.533389628 -0.615125775 -0.370041281 0.447420597
1403638566777829376.000000 -2.738039494 6.564643860 1.389884114 -0.541845322 -0.630755723 -0.353997886 0.428061157
1403638566927829504.000000 -2.479048967 6.426259995 1.259102106 -0.545581043 -0.641151667 -0.343565375 0.416207582
1403638567177829376.000000 -2.070327044 6.233760834 1.038805962 -0.530289471 -0.628775060 -0.362128407 0.438517958
1403638567427829504.000000 -1.686505556 6.059902668 0.799443960 -0.521768630 -0.621496141 -0.377322555 0.446237296
1403638567877829376.000000 -1.062223554 5.735453606 0.454146475 -0.535108864 -0.629455090 -0.369222581 0.425581396
1403638568177829376.000000 -0.710883081 5.554914474 0.312034100 -0.533648670 -0.630452216 -0.373388320 0.422291785
1403638568827829504.000000 -0.125390172 5.249922276 0.077094540 -0.536224961 -0.634104431 -0.371372104 0.415279627
1403638570327829504.000000 0.243891567 5.049573421 -0.078937024 -0.538721144 -0.622379482 -0.369380653 0.431255490
1403638571727829504.000000 0.821536541 4.850191116 -0.464679658 -0.680470228 -0.452350855 -0.455814004 0.352948517
1403638572727829504.000000 1.910644412 4.370529175 -0.557895601 -0.764157951 -0.331368208 -0.500308871 0.236535400
1403638572977829376.000000 2.233185291 4.274847031 -0.527699232 -0.765728056 -0.337060988 -0.500091851 0.223514110
1403638573227829504.000000 2.563378334 4.213834763 -0.503699541 -0.765470982 -0.342484862 -0.496592879 0.223950714
1403638573527829504.000000 2.972680330 4.188925266 -0.474463284 -0.765473247 -0.344897121 -0.496725976 0.219908789
1403638573977829376.000000 3.601822615 4.257699013 -0.355542034 -0.765588403 -0.307242453 -0.527918279 0.201937944
1403638574127829504.000000 3.804721355 4.296369076 -0.333265394 -0.771928370 -0.262007117 -0.541686952 0.205070868
1403638574477829376.000000 4.258681297 4.343170166 -0.320718855 -0.794723213 -0.173941240 -0.557768404 0.164480656
1403638574777829376.000000 4.630786896 4.329146862 -0.292116225 -0.802568495 -0.145852089 -0.565600514 0.121273123
1403638575077829376.000000 4.987026691 4.303337097 -0.249665886 -0.814612508 -0.140414417 -0.550863028 0.115066193
1403638575477829376.000000 5.468615055 4.252151489 -0.263335109 -0.819553137 -0.142662749 -0.540687084 0.125049934
1403638575677829376.000000 5.724231243 4.216033936 -0.276920080 -0.820474982 -0.156402767 -0.537421942 0.116347484
1403638576427829504.000000 6.794533253 4.183344364 -0.097088069 -0.817571819 -0.175483376 -0.539471209 0.098756321
1403638576777829376.000000 7.329867840 4.269085407 -0.046212722 -0.811940730 -0.185483843 -0.547123551 0.083688818
1403638577227829504.000000 7.986254692 4.500709534 -0.032532208 -0.805347443 -0.166950569 -0.558251441 0.109080128
1403638577677829376.000000 8.592453003 4.802549839 0.059497729 -0.805384398 -0.175370112 -0.557524741 0.098830462
1403638577827829504.000000 8.782240868 4.920111656 0.070790604 -0.806444407 -0.174145281 -0.555848300 0.101751678
1403638578577829376.000000 9.687880516 5.590085506 0.149392501 -0.806431174 -0.159985721 -0.555134833 0.126089990
1403638579027829504.000000 10.201094627 5.967208385 0.143639997 -0.802210152 -0.172476321 -0.561229765 0.108314432
1403638579427829504.000000 10.623992920 6.329025269 0.209377661 -0.803001285 -0.164304912 -0.559466124 0.123249516
1403638579827829504.000000 11.009225845 6.680526733 0.233283848 -0.780177057 -0.202740073 -0.571910620 0.152113453
1403638581177829376.000000 11.729065895 7.526131153 0.018451935 -0.675401866 -0.466717809 -0.466197550 0.329646468
1403638582527829504.000000 12.021325111 7.959260941 0.189980030 -0.668908715 -0.451660514 -0.494463950 0.322597712
1403638584977829376.000000 11.144312859 8.140662193 0.884310722 -0.676647723 -0.453371763 -0.485119909 0.318214655
1403638585427829504.000000 10.800562859 8.045035362 0.884603858 -0.675628543 -0.450646132 -0.486565202 0.322022498
1403638588027829504.000000 8.744270325 7.794512749 0.908214808 -0.680081606 -0.446879566 -0.484025031 0.321725696
1403638590877829376.000000 6.159296036 7.125755310 0.644893885 -0.686433196 -0.445336998 -0.478997290 0.317877501
1403638591477829376.000000 5.702257156 6.985025406 0.680525720 -0.706119061 -0.453670293 -0.451384038 0.303037435
1403638592327829504.000000 5.328606606 7.157580376 0.670122266 -0.686748147 -0.447393477 -0.464009851 0.336022198
1403638593027829504.000000 5.260752678 7.422202587 0.977314174 -0.658630550 -0.510040104 -0.425033629 0.354134500
1403638594577829376.000000 5.243211746 8.114718437 1.537762761 -0.614374638 -0.517192662 -0.459950119 0.378816038
1403638595577829376.000000 5.023001671 8.137333870 1.727225542 -0.626108170 -0.514687419 -0.446952641 0.378574580
1403638596027829504.000000 4.922619820 8.083738327 1.682116032 -0.618878007 -0.519689083 -0.456953347 0.371627331
1403638596877829376.000000 4.250158787 7.940042973 2.000777721 -0.587527931 -0.560239732 -0.494191021 0.310994625
1403638597177829376.000000 3.767203808 7.944421291 2.039768696 -0.582547486 -0.557630658 -0.503140807 0.310702354
1403638597327829504.000000 3.470027447 7.950579643 2.044244766 -0.584042549 -0.551220953 -0.503681839 0.318362266
1403638597477829376.000000 3.139548302 7.954635143 2.039762020 -0.588696361 -0.541309416 -0.500157177 0.332059503
1403638597627829504.000000 2.784052134 7.953526974 2.027483702 -0.594142377 -0.528734267 -0.494600803 0.350435317
1403638597777829376.000000 2.413855076 7.943787575 2.006192446 -0.591368020 -0.531454802 -0.496466905 0.348368168
1403638597927829504.000000 2.026963234 7.925040245 1.975939631 -0.580441713 -0.544588506 -0.499421388 0.342182726
1403638598077829376.000000 1.618103981 7.898052692 1.947985411 -0.575430274 -0.548821986 -0.495544136 0.349443167
1403638598227829504.000000 1.187449574 7.858858585 1.933125257 -0.586733162 -0.541718006 -0.473440409 0.371671855
1403638598377829376.000000 0.750784397 7.809533596 1.919933081 -0.596026957 -0.538437545 -0.457168788 0.381881654
1403638598527829504.000000 0.317375690 7.753689766 1.894956946 -0.598479390 -0.539419889 -0.450767070 0.384262502
1403638598677829376.000000 -0.111057959 7.691897869 1.853122950 -0.592882633 -0.548514843 -0.444379091 0.387490362
1403638598827829504.000000 -0.534134626 7.626156807 1.812495232 -0.579988778 -0.561126590 -0.436513335 0.397751421
1403638598977829376.000000 -0.950962663 7.554649353 1.780752540 -0.563251853 -0.578268409 -0.426096916 0.408404738
1403638599127829504.000000 -1.363297582 7.477152348 1.759259224 -0.544313848 -0.595309973 -0.414255410 0.421569794
1403638599277829376.000000 -1.771940112 7.389778137 1.747393727 -0.523869574 -0.614176393 -0.401477337 0.432624668
1403638599877829376.000000 -3.328616619 6.988332748 2.105436087 -0.503739417 -0.656226754 -0.356590956 0.434115201
1403638600177829376.000000 -4.084458828 6.835946560 2.055866718 -0.525022864 -0.642770350 -0.336555034 0.444891065
1403638600327829504.000000 -4.443163395 6.775720596 2.018785238 -0.538437843 -0.635904551 -0.322291553 0.449264079
1403638600477829376.000000 -4.778218269 6.732576370 1.986806512 -0.547537565 -0.630211830 -0.312567383 0.453141779
1403638600677829376.000000 -5.177528381 6.705120087 1.976602793 -0.551366746 -0.629513443 -0.309944957 0.451266915
1403638600827829504.000000 -5.443288803 6.708930492 1.988858938 -0.551768959 -0.636432052 -0.308605224 0.441891581
1403638600977829376.000000 -5.684929371 6.733475685 2.006665945 -0.539249241 -0.650954425 -0.324472517 0.424483508
1403638601127829504.000000 -5.916523457 6.777783394 2.013462543 -0.530419350 -0.656932652 -0.335225850 0.417993486
1403638601427829504.000000 -6.379228115 6.913090706 2.008776188 -0.508158028 -0.655470848 -0.353162408 0.432908505
1403638601577829376.000000 -6.617508411 6.991632938 2.018398523 -0.490336120 -0.661431909 -0.345163435 0.450489342
1403638601727829504.000000 -6.856426239 7.070404530 2.040224075 -0.463039666 -0.678353488 -0.332738638 0.463374406
1403638601877829376.000000 -7.097066402 7.143547535 2.078331709 -0.425252140 -0.699326873 -0.319021702 0.477836609
1403638602177829376.000000 -7.579655170 7.270099640 2.147070169 -0.375456989 -0.726504982 -0.292308629 0.495760322
1403638602327829504.000000 -7.824519634 7.319925308 2.163804293 -0.348222196 -0.732586265 -0.284227341 0.511149347
1403638602477829376.000000 -8.071022987 7.353171349 2.192957878 -0.321992815 -0.717631161 -0.260349393 0.559950352
1403638603877829376.000000 -8.822316170 6.850108147 2.522151470 -0.166246131 -0.777485311 -0.145198122 0.588894248
1403638604277829376.000000 -8.739874840 6.566150665 2.456460953 -0.159479693 -0.773699701 -0.155241817 0.593173563
1403638604677829376.000000 -8.581766129 6.159646511 2.466696024 -0.175790757 -0.790977836 -0.133240357 0.570700169
1403638605477829376.000000 -8.241867065 5.366416454 2.538623333 -0.169477865 -0.806452930 -0.141976252 0.548410237
1403638605827829504.000000 -8.160796165 5.027513504 2.557472467 -0.153025851 -0.800869763 -0.163779497 0.555308104
1403638606277829376.000000 -8.128548622 4.457942486 2.622715473 -0.148645565 -0.804311693 -0.175422966 0.547917962
1403638606427829504.000000 -8.135956764 4.231936455 2.613900185 -0.162934154 -0.809928775 -0.158166781 0.540787637
1403638606777829376.000000 -8.204242706 3.692893267 2.542621613 -0.171371028 -0.825273514 -0.118043169 0.524996519
1403638606927829504.000000 -8.262888908 3.472517967 2.502675056 -0.150541306 -0.832240105 -0.100543335 0.524027407
1403638607127829504.000000 -8.375082016 3.197219133 2.475817204 -0.121594653 -0.835397661 -0.068212509 0.531669676
1403638607277829376.000000 -8.477445602 3.007627964 2.471810579 -0.102531232 -0.825154543 -0.058710482 0.552413404
1403638607677829376.000000 -8.762137413 2.557247639 2.386106014 -0.091627859 -0.815531313 -0.043909602 0.569723606
1403638608077829376.000000 -9.029612541 2.183845997 2.226580858 -0.100079946 -0.814058483 -0.041443102 0.570591986
1403638608277829376.000000 -9.157130241 2.028925657 2.120648623 -0.095647052 -0.807945728 -0.054526620 0.578880131
1403638608627829504.000000 -9.344844818 1.780303359 1.888597131 -0.095026948 -0.801671982 -0.059147324 0.587191284
1403638608827829504.000000 -9.421008110 1.645572782 1.760938048 -0.095628001 -0.801033258 -0.056922637 0.588184297
1403638609227829504.000000 -9.513801575 1.403962135 1.584765553 -0.103400089 -0.806421995 -0.045035224 0.580485821
1403638609627829504.000000 -9.551244736 1.226829767 1.378565431 -0.101898395 -0.807817519 -0.049409509 0.578451812
1403638610077829376.000000 -9.555102348 1.088022351 1.131958365 -0.100779794 -0.804176629 -0.051272947 0.583536327
1403638610427829504.000000 -9.516631126 1.016784668 0.978144884 -0.100840852 -0.797294676 -0.052090909 0.592822731
1403638610727829504.000000 -9.430306435 0.973053455 0.808326006 -0.097832389 -0.787505388 -0.055590063 0.605948627
1403638610977829376.000000 -9.308816910 0.944637299 0.693713486 -0.099641718 -0.798954666 -0.049051572 0.591047347
1403638611427829504.000000 -9.016879082 0.931231499 0.500929356 -0.087379932 -0.796583831 -0.063091651 0.594843328
1403638611677829376.000000 -8.811627388 0.919567168 0.432649285 -0.080239467 -0.802710295 -0.076468520 0.585978091
1403638612127829504.000000 -8.419904709 0.863802135 0.289077044 -0.101973206 -0.808287859 -0.050078947 0.577723503
1403638612327829504.000000 -8.247443199 0.850470304 0.252549350 -0.101775698 -0.808715880 -0.051337264 0.577048421
1403638612727829504.000000 -7.900957584 0.845919967 0.165946901 -0.095638297 -0.805399776 -0.069596633 0.580810487
1403638613127829504.000000 -7.541634083 0.820240796 0.054777972 -0.101845577 -0.803733289 -0.070291504 0.581978977
1403638613327829504.000000 -7.358068943 0.795511484 0.040049970 -0.103178225 -0.805659771 -0.069414333 0.579178929
1403638613727829504.000000 -6.991155148 0.735525727 0.007699374 -0.115597472 -0.795894325 -0.070471257 0.590104520
1403638614127829504.000000 -6.580547810 0.675615907 -0.119322330 -0.160340339 -0.787834466 -0.104179844 0.585452437
1403638614327829504.000000 -6.353818417 0.645052493 -0.183086962 -0.190937430 -0.786572993 -0.125010997 0.573775411
1403638614527829504.000000 -6.123657227 0.611575186 -0.216819242 -0.211333483 -0.783590674 -0.131844699 0.569158077
1403638614727829504.000000 -5.890697002 0.583627045 -0.219206378 -0.237774611 -0.777865350 -0.136484131 0.565474093
1403638614927829504.000000 -5.648291588 0.568634331 -0.187589958 -0.277957529 -0.772718728 -0.145874754 0.551693678
1403638615127829504.000000 -5.399198055 0.579683661 -0.133944571 -0.320311099 -0.758592904 -0.180079222 0.538060546
1403638615327829504.000000 -5.143664837 0.610625207 -0.064900815 -0.358648330 -0.734216750 -0.231447890 0.527948022
1403638615527829504.000000 -4.889975071 0.645086527 -0.013002142 -0.403481871 -0.707680762 -0.270980179 0.512796342
1403638615727829504.000000 -4.642491341 0.675757945 0.023093551 -0.434226781 -0.688541532 -0.293967903 0.500939727
1403638615877829376.000000 -4.460044861 0.693866789 0.063307762 -0.449020028 -0.679165065 -0.301360846 0.496283770
1403638616027829504.000000 -4.276709080 0.709084034 0.101740904 -0.464239389 -0.669405878 -0.310742557 0.489710897
1403638616177829376.000000 -4.091886520 0.721595824 0.120748185 -0.481020063 -0.658018589 -0.322585851 0.481216937
1403638616377829376.000000 -3.841882706 0.736048162 0.089461222 -0.511311054 -0.636115551 -0.341192245 0.466375321
1403638616777829376.000000 -3.343994617 0.759394169 -0.055906143 -0.560103416 -0.617032588 -0.343847632 0.432809144
1403638616977829376.000000 -3.091901779 0.793027341 -0.133711174 -0.565812528 -0.617642224 -0.340884864 0.426815838
1403638617377829376.000000 -2.584206343 0.937529027 -0.181829199 -0.550323129 -0.630075037 -0.352149427 0.419691175
1403638617777829376.000000 -2.124878407 1.162472367 -0.109766327 -0.540661514 -0.638557971 -0.353016376 0.418698519
1403638617977829376.000000 -1.921256304 1.307281852 -0.031208914 -0.537094295 -0.640230298 -0.353259504 0.420526743
1403638618377829376.000000 -1.560230017 1.638126612 0.079008900 -0.533504009 -0.641973436 -0.351877034 0.423587382
1403638618777829376.000000 -1.259085774 2.012917995 0.146034256 -0.535522759 -0.638004482 -0.358895332 0.421141177
1403638618977829376.000000 -1.130524397 2.215875387 0.197157085 -0.541237772 -0.625868440 -0.370719910 0.421802282
1403638619377829376.000000 -0.903819323 2.621434212 0.223582968 -0.594697833 -0.563666940 -0.418113977 0.392166913
1403638619977829376.000000 -0.637883902 3.181009054 0.112073779 -0.643340647 -0.503293574 -0.427680492 0.387166470
1403638622227829504.000000 0.763045549 4.213058472 -0.122397110 -0.613136292 -0.520603061 -0.449310780 0.388788074
1403638625077829376.000000 1.289925575 2.247710943 -0.082384720 -0.618674636 -0.527771890 -0.434962004 0.386660755
1403638625577829376.000000 1.354594707 1.700014949 -0.087145090 -0.617045283 -0.531257987 -0.427483797 0.392782032
1403638625827829504.000000 1.399207354 1.433408499 -0.055729661 -0.623313606 -0.536849141 -0.419201195 0.384114087
1403638626277829376.000000 1.500826716 0.993108571 -0.060897049 -0.624666691 -0.537059605 -0.420299411 0.380403668
1403638626527829504.000000 1.563184977 0.771598399 -0.098243877 -0.617031455 -0.540904522 -0.430866539 0.375564307
1403638626777829376.000000 1.614428878 0.563975275 -0.137940988 -0.622879207 -0.544871807 -0.421689153 0.370559752
1403638627027829504.000000 1.658367038 0.390904844 -0.139176428 -0.624978006 -0.547986865 -0.417429090 0.367240906
1403638627277829376.000000 1.697144628 0.249613196 -0.148879468 -0.623737991 -0.548924446 -0.417796135 0.367531449
1403638627527829504.000000 1.731447697 0.138099164 -0.176810414 -0.621866465 -0.549668729 -0.420039952 0.367032439
1403638627777829376.000000 1.757008076 0.052449055 -0.212371141 -0.616479933 -0.546838105 -0.429010570 0.369960308
1403638628027829504.000000 1.770067334 -0.017072883 -0.251749754 -0.617783606 -0.548294246 -0.428570122 0.366120875
1403638628277829376.000000 1.768352747 -0.071229145 -0.281875700 -0.619616330 -0.548500299 -0.428070009 0.363289356
1403638628577829376.000000 1.748210788 -0.106637336 -0.296127468 -0.622994423 -0.533757389 -0.424369365 0.383264542
1403638628977829376.000000 1.735820889 -0.145654619 -0.320064962 -0.620020807 -0.533989012 -0.430007547 0.381475359
1403638629227829504.000000 1.734678745 -0.168725669 -0.338059545 -0.617237151 -0.539885342 -0.433285624 0.373906106
1403638629527829504.000000 1.719646811 -0.190171748 -0.343122065 -0.625494540 -0.545572102 -0.422676623 0.363939762
1403638630027829504.000000 1.701539993 -0.170453995 -0.355355501 -0.617027700 -0.524499953 -0.437557876 0.390793741
1403638630277829376.000000 1.705706835 -0.171714142 -0.426959068 -0.615860343 -0.534042478 -0.439060330 0.377810419
1403638630677829376.000000 1.689153075 -0.142595202 -0.455966026 -0.625974596 -0.551109552 -0.416729152 0.361622542
1403638630827829504.000000 1.693868041 -0.145897388 -0.459822357 -0.626345515 -0.556336820 -0.412752926 0.357513338
1403638630977829376.000000 1.692418456 -0.153430030 -0.460555136 -0.625720978 -0.558092177 -0.411166579 0.357699037
1403638631077829376.000000 1.691833735 -0.158766612 -0.460080802 -0.625375748 -0.558437109 -0.411651880 0.357205600
1403638631327829504.000000 1.690111995 -0.170243025 -0.456058979 -0.625989735 -0.557853997 -0.410897970 0.357908845
1403638631677829376.000000 1.686859846 -0.183903724 -0.445672512 0.626300931 0.557844520 0.410581231 -0.357742578
