1413394887055760384.000000 0.375102729 0.459155470 -0.308316588 -0.492122173 -0.643088102 -0.348394990 0.472095847
1413394888455760384.000000 0.226685390 0.534551024 0.091808267 -0.499689519 -0.658338845 -0.350712031 0.440342546
1413394890705760512.000000 -0.189193666 0.969425142 0.253184110 -0.465957165 -0.573527634 -0.395542771 0.545431912
1413394892505760512.000000 -0.306739300 1.659343600 0.363741070 -0.384694368 -0.673261106 -0.338601500 0.532990336
1413394895155760384.000000 -1.255519986 -0.526376009 0.161439270 0.000426608 -0.816094875 0.032100752 0.577025652
1413394897955760384.000000 -1.513614774 -0.401814431 0.067251943 -0.003850891 -0.794757605 -0.002613070 0.606909275
1413394898755760384.000000 -1.383674264 0.686973214 0.281397760 0.118166991 -0.808287740 -0.024850348 0.576272547
1413394901505760512.000000 -0.825961769 -1.850924373 0.520620406 0.503298938 -0.578597486 0.439723790 0.467501938
1413394902705760512.000000 0.494810730 -2.063497543 0.451759696 0.674832761 -0.378288329 0.582895875 0.248457566
1413394902805760512.000000 0.573289514 -2.008361816 0.446967870 0.675432324 -0.391613305 0.584451139 0.221014097
1413394905705760512.000000 0.277105659 -2.128503561 0.185144067 0.337982714 -0.808855057 0.196930885 0.439021081
1413394908605760512.000000 -0.092701867 -1.069588304 0.048720725 0.149680763 -0.861087263 0.078172684 0.479597300
1413394911555760384.000000 -0.173584491 0.182710186 0.358333796 0.063134924 -0.870626211 0.021941969 0.487383425
1413394912405760512.000000 -0.105597451 0.387935817 0.253446132 -0.004519633 -0.863223732 -0.023222635 0.504266918
1413394914355760384.000000 -0.829081297 -0.053018019 0.306653589 0.266712874 -0.774198294 0.144907460 0.555412591
1413394915805760512.000000 -0.426482201 -1.596309066 0.189861149 0.563332617 -0.540725529 0.434169382 0.449187219
1413394916105760512.000000 -0.067638181 -1.797481537 0.189819455 0.608770728 -0.454367608 0.514534295 0.397747278
1413394917055760384.000000 0.711568773 -1.999771118 -0.010040917 0.780538380 -0.259885550 0.554643869 0.124857917
1413394917155760384.000000 0.740502834 -2.055754900 -0.060099788 0.804710388 -0.208508208 0.543406963 0.116937689
1413394917455760384.000000 0.839723408 -2.232366085 -0.189955011 0.840779305 -0.098377004 0.525705934 0.083936892
1413394917655760384.000000 0.962741852 -2.343525648 -0.255514801 0.833749056 -0.058527820 0.541052043 0.093272731
1413394918855760384.000000 2.326081514 -2.221636057 -0.362639606 -0.814848065 -0.090450354 -0.569432259 0.059902519
1413394918955760384.000000 2.464329481 -2.216001272 -0.351466507 -0.798321724 -0.118338026 -0.587735832 0.056965716
1413394919055760384.000000 2.591443539 -2.204384804 -0.325823128 -0.784768641 -0.133212239 -0.600759268 0.074034587
1413394919355760384.000000 2.889384747 -2.160984755 -0.160054505 -0.745830774 -0.192572087 -0.622762978 0.137181893
1413394919555760384.000000 3.001003027 -2.139269114 -0.020980362 -0.729699254 -0.267018676 -0.614184499 0.137903780
1413394919655760384.000000 3.026484489 -2.125367880 0.036609057 -0.741699100 -0.294113487 -0.583098054 0.152893215
1413394919755760384.000000 3.041191816 -2.106412888 0.083710551 -0.754866421 -0.310942799 -0.548251212 0.181416571
1413394919855760384.000000 3.049629688 -2.081233501 0.121718995 -0.765546620 -0.325017512 -0.513279974 0.211768195
1413394920055760384.000000 3.075085878 -2.012427330 0.171499953 -0.756908715 -0.378337353 -0.467020482 0.256596684
1413394920155760384.000000 3.095726013 -1.968196869 0.180231065 -0.744097233 -0.411054432 -0.448395610 0.276215345
1413394920255760384.000000 3.124309540 -1.916497588 0.177145809 -0.726736069 -0.446614802 -0.433542490 0.290569842
1413394920355760384.000000 3.158512115 -1.855879426 0.166356742 -0.699923337 -0.481068105 -0.433339745 0.301492304
1413394920455760384.000000 3.194676638 -1.785339355 0.154338151 -0.670966327 -0.509953558 -0.439104587 0.311350018
1413394921455760384.000000 3.118671894 -0.712208092 -0.064096905 -0.692870736 -0.462325096 -0.378700495 0.403449684
1413394921555760384.000000 3.117869854 -0.585148513 -0.127378166 -0.700572193 -0.460043073 -0.377050072 0.394198179
1413394921655760384.000000 3.139120102 -0.456436098 -0.188777953 -0.685824037 -0.475191414 -0.410403341 0.367977798
1413394922755760384.000000 3.290766478 0.666570187 -0.215325072 -0.549903095 -0.619004905 -0.370450258 0.420958668
1413394922855760384.000000 3.282616138 0.749640346 -0.160522506 -0.555216849 -0.622682095 -0.358429879 0.418962151
1413394922955760384.000000 3.275264263 0.837627530 -0.105003409 -0.557702005 -0.626012087 -0.353554547 0.414821118
1413394923555760384.000000 3.194307089 1.501298904 0.139119655 -0.540572762 -0.642388284 -0.354283273 0.411827296
1413394924255760384.000000 2.858138561 2.411409378 0.217547685 -0.378331691 -0.726212084 -0.270310462 0.506372690
1413394924455760384.000000 2.723274231 2.648367643 0.220978692 -0.335110843 -0.746130466 -0.216120213 0.533181190
1413394924555760384.000000 2.657128572 2.766225100 0.226628095 -0.306939274 -0.755937994 -0.199416578 0.542751431
1413394924755760384.000000 2.529649258 2.996038914 0.244891852 -0.235156313 -0.779740691 -0.177710459 0.552381277
1413394925105760512.000000 2.313565493 3.326091051 0.304318875 -0.115329288 -0.787627339 -0.184711844 0.576388657
1413394925255760384.000000 2.220509052 3.403315544 0.335324764 -0.088622235 -0.803421438 -0.176721960 0.561631143
1413394925605760512.000000 1.960457921 3.423165798 0.359013945 -0.075785205 -0.812811136 -0.143831015 0.559381306
1413394925805760512.000000 1.790666223 3.353320837 0.330013841 -0.102414250 -0.811074078 -0.098572716 0.567409575
1413394926655760384.000000 0.970682919 2.896620750 0.265902281 -0.071746625 -0.826940358 -0.034251597 0.556640744
1413394926805760512.000000 0.798975766 2.802710056 0.263411105 -0.054071128 -0.822755039 0.029710941 0.565037906
1413394927005760512.000000 0.567651153 2.716011524 0.257839531 -0.021037906 -0.818214297 0.104961276 0.564859271
1413394928905760512.000000 -1.445218921 2.457623482 0.411897719 0.085307509 -0.799140215 0.055856168 0.592433751
1413394929105760512.000000 -1.563766599 2.387620926 0.385560095 0.084228978 -0.795966148 0.052237768 0.597172201
1413394929855760384.000000 -1.774608493 2.169506788 0.323835313 0.072646372 -0.814818263 0.060195766 0.571987987
1413394931105760512.000000 -1.861204147 2.058769464 -0.008868143 0.072609179 -0.785798132 0.040124379 0.612894237
1413394933955760384.000000 -0.736850500 1.453470111 0.046857826 0.569275856 -0.562213600 0.426150352 0.422181010
1413394934155760384.000000 -0.625579357 1.477420568 -0.008786995 0.601234496 -0.537190557 0.440996885 0.394290775
1413394934305760512.000000 -0.541696966 1.497179985 -0.052526068 0.619884729 -0.503852665 0.465846628 0.380607963
1413394935005760512.000000 -0.215278193 1.637143135 -0.353195101 0.678135931 -0.440548778 0.497856885 0.313348055
1413394935155760384.000000 -0.163538486 1.666205883 -0.346539021 0.666715562 -0.444303036 0.506978154 0.317896783
1413394935555760384.000000 -0.076817185 1.778730750 -0.398009926 0.646738529 -0.462186635 0.495955408 0.349486887
1413394936005760512.000000 -0.014761791 1.981209755 -0.458734334 0.650267959 -0.479734242 0.472045153 0.352392018
1413394936205760512.000000 0.020596612 2.081197977 -0.505604327 0.683377266 -0.473990083 0.454794496 0.318576366
1413394936405760512.000000 0.074110448 2.168265581 -0.564363003 0.710647583 -0.404183120 0.495905757 0.292734593
1413394936505760512.000000 0.106418416 2.210691214 -0.589296401 0.729494929 -0.355035424 0.515905201 0.275007248
1413394936705760512.000000 0.177865684 2.306074142 -0.627250254 0.768924177 -0.270785511 0.534656703 0.222649813
1413394936805760512.000000 0.216556802 2.358599901 -0.640123844 0.782382667 -0.239913538 0.540082991 0.196543261
1413394936905760512.000000 0.258038580 2.414274454 -0.649680436 0.794238925 -0.211161986 0.542232633 0.174867958
1413394937005760512.000000 0.303601474 2.473212004 -0.658318400 0.806529999 -0.181832179 0.541276157 0.153188407
1413394937205760512.000000 0.412169784 2.599290848 -0.672825515 0.825925946 -0.119745441 0.540011764 0.109063193
1413394937305760512.000000 0.475809067 2.663691521 -0.679792643 0.832476556 -0.102768458 0.538351774 0.081233546
1413394937355760384.000000 0.510604322 2.695193052 -0.682158589 0.833916485 -0.096924178 0.538857758 0.069436751
1413394937555760384.000000 0.664103687 2.813325405 -0.697022736 0.831843019 -0.082550295 0.546723962 0.048121117
1413394937655760384.000000 0.749546647 2.865203857 -0.701670766 0.828765154 -0.080664270 0.551853120 0.045824017
1413394937955760384.000000 1.025641561 2.995233297 -0.706966817 0.820503831 -0.110232361 0.559208512 0.043682568
1413394938055760384.000000 1.120504379 3.026301861 -0.702375293 0.820310712 -0.133480951 0.554582536 0.041370109
1413394938155760384.000000 1.218035579 3.047319174 -0.686613679 0.820573747 -0.154501557 0.548846364 0.039442796
1413394938255760384.000000 1.319889665 3.053688049 -0.655791044 0.819093347 -0.172230721 0.545383453 0.044491712
1413394938455760384.000000 1.531303287 3.022061110 -0.539016008 0.805445075 -0.189508736 0.554496944 0.088757031
1413394938555760384.000000 1.637320399 2.993718863 -0.475501150 0.799366295 -0.198505268 0.555242062 0.115392372
1413394938655760384.000000 1.742443919 2.961862087 -0.424207956 0.797403038 -0.215521082 0.545981348 0.140012085
1413394938755760384.000000 1.848143697 2.927969217 -0.385076016 0.794648230 -0.241060689 0.533970654 0.159058020
1413394939055760384.000000 2.166775465 2.806122303 -0.326762497 0.739584088 -0.371374339 0.532081425 0.178846151
1413394939155760384.000000 2.263800383 2.750704050 -0.325586200 0.712143302 -0.412602931 0.534024358 0.193465278
1413394939555760384.000000 2.550081968 2.454756498 -0.347910523 0.681000113 -0.455581844 0.482063830 0.310319930
1413394939855760384.000000 2.717635870 2.207751989 -0.256441623 0.637732863 -0.510280252 0.496402919 0.294100523
1413394940155760384.000000 2.813194990 1.932003856 -0.196713537 0.640866578 -0.538292229 0.433191240 0.334480077
1413394940255760384.000000 2.837798834 1.830219865 -0.199370444 0.621508181 -0.554745734 0.429380447 0.348736614
1413394940355760384.000000 2.859217882 1.722133756 -0.212650150 0.596331835 -0.571831524 0.426523834 0.368068516
1413394940555760384.000000 2.888278723 1.502837062 -0.255694240 0.547760248 -0.606875241 0.403889120 0.410529792
1413394940955760384.000000 2.953145027 1.060033202 -0.258670598 0.501057208 -0.646391392 0.348299235 0.458047509
1413394941055760384.000000 2.981339455 0.948117971 -0.236226112 0.484065950 -0.667199254 0.356374681 0.439911783
1413394941205760512.000000 3.011058331 0.779801786 -0.199487478 0.459426671 -0.698606074 0.360782087 0.413174421
1413394941405760512.000000 3.002735853 0.546494246 -0.135370001 0.454633415 -0.714283526 0.345210910 0.404891282
1413394941855760384.000000 2.861407042 -0.072946988 0.047117423 0.460034758 -0.685696721 0.304835558 0.474619210
1413394942455760384.000000 2.430955172 -0.875116289 0.320445776 0.303459942 -0.768873632 0.376127899 0.418656379
1413394942605760512.000000 2.173678637 -1.005015492 0.386406451 0.271044433 -0.779132783 0.341202199 0.450630605
1413394942705760512.000000 1.979042649 -1.074183941 0.409009427 0.246359795 -0.782746494 0.313337028 0.477948427
1413394944955760384.000000 0.966366947 -2.113559246 -0.211620465 -0.207886666 -0.847133934 -0.086319931 0.481348276
1413394946055760384.000000 0.305879951 -1.905581713 -0.472298115 -0.588664234 -0.555784702 -0.347297162 0.473246872
1413394946255760384.000000 0.318471313 -1.868107200 -0.489845902 -0.639828622 -0.497996211 -0.414201498 0.413589567
1413394946455760384.000000 0.377305686 -1.847760797 -0.507515192 -0.698780060 -0.417336851 -0.450292081 0.367115259
1413394946655760384.000000 0.476258487 -1.852318764 -0.517634630 -0.739140809 -0.337565780 -0.494195968 0.309015602
1413394946755760384.000000 0.536248684 -1.864868283 -0.519871593 -0.746890247 -0.303066254 -0.528081238 0.267275512
1413394946855760384.000000 0.599356890 -1.884222865 -0.522470355 -0.757130742 -0.264506280 -0.552656770 0.226627722
1413394946955760384.000000 0.659146309 -1.908517122 -0.523444295 -0.766763210 -0.222159684 -0.572163880 0.188010439
1413394947055760384.000000 0.715768397 -1.936898470 -0.520550370 -0.774496198 -0.179244325 -0.588252842 0.148275957
1413394947155760384.000000 0.764639080 -1.967375636 -0.509312928 -0.785221815 -0.137011632 -0.594001591 0.108703829
1413394947255760384.000000 0.808272421 -1.998373985 -0.482939065 -0.797386229 -0.095998459 -0.591533661 0.071045846
1413394947355760384.000000 0.839556158 -2.027998447 -0.438521504 -0.797213733 -0.057833396 -0.599695504 0.038351890
1413394947555760384.000000 0.878248692 -2.071553707 -0.315196067 -0.798857033 -0.010979826 -0.601407230 0.004027984
1413394947755760384.000000 0.910996020 -2.099116564 -0.218592733 -0.836476326 -0.002466111 -0.547961891 -0.006256758
1413394948555760384.000000 1.480683208 -2.039193153 0.114925459 -0.749650776 -0.128763765 -0.644423127 0.078501903
1413394948955760384.000000 1.606647849 -1.976609826 0.244523436 -0.764183342 -0.123370036 -0.628736496 0.074122496
1413394949555760384.000000 1.592999101 -1.787175655 0.266725898 -0.848981917 -0.119615138 -0.513129592 0.040249754
1413394949855760384.000000 1.751073837 -1.572134614 0.293844581 -0.753927290 -0.101007648 -0.645240307 0.071106046
1413394949955760384.000000 1.776138902 -1.498901606 0.299989581 -0.755366147 -0.095898718 -0.641734779 0.091661900
1413394950055760384.000000 1.782797933 -1.430423737 0.307986200 -0.756382823 -0.096880287 -0.636248827 0.116990276
1413394950155760384.000000 1.774987817 -1.370872140 0.315211207 -0.764115512 -0.101431109 -0.619822979 0.147168756
1413394950355760384.000000 1.741449833 -1.294439912 0.323190540 -0.819435835 -0.140075594 -0.535448432 0.148992375
1413394950455760384.000000 1.733171344 -1.272250533 0.332582414 -0.837904155 -0.168421194 -0.505063772 0.120256752
1413394950555760384.000000 1.738821268 -1.247233272 0.346219718 -0.847869754 -0.185117751 -0.486498147 0.100836165
1413394950655760384.000000 1.762496233 -1.212226391 0.365604699 -0.846378088 -0.192464665 -0.487968266 0.092132978
1413394950755760384.000000 1.803229213 -1.163385391 0.394058794 -0.821246088 -0.197285205 -0.526729584 0.095861144
1413394950955760384.000000 1.889839053 -1.039592505 0.460524976 -0.731731236 -0.205234796 -0.635140896 0.138000861
1413394951055760384.000000 1.908920169 -0.977633476 0.493071437 -0.692047775 -0.215050071 -0.669779778 0.161921009
1413394952155760384.000000 1.752682209 -0.473728389 0.953959107 -0.723637402 -0.278883278 -0.592521071 0.217926398
1413394952855760384.000000 1.967521071 -0.010438878 1.099746585 -0.730588198 -0.336085171 -0.543148696 0.241406754
1413394953155760384.000000 2.038700104 0.146797568 1.151234508 -0.658549547 -0.315710545 -0.622670472 0.280928701
1413394953255760384.000000 2.027093410 0.166691259 1.168776751 -0.648970485 -0.310963839 -0.633056581 0.285268575
1413394953355760384.000000 1.988721728 0.161302298 1.209056258 -0.637596250 -0.304201245 -0.645628750 0.289993584
1413394953455760384.000000 1.925263047 0.131919891 1.254808784 -0.649499238 -0.305656165 -0.635188997 0.285061538
1413394953555760384.000000 1.845314384 0.085996464 1.275131464 -0.699356794 -0.324707836 -0.582614839 0.256953210
1413394953955760384.000000 1.506391406 -0.086585090 1.024554610 -0.797404170 -0.360887289 -0.447536498 0.183352426
1413394954055760384.000000 1.445074797 -0.091185644 0.933167756 -0.773024857 -0.354141384 -0.486644536 0.200483665
1413394954155760384.000000 1.389778852 -0.082997829 0.845524430 -0.740446508 -0.346202403 -0.532324970 0.220256701
1413394954255760384.000000 1.331803918 -0.071480393 0.760874987 -0.705560625 -0.335868239 -0.575450122 0.241317332
1413394954455760384.000000 1.179515004 -0.068846397 0.612220407 -0.678117096 -0.323618442 -0.604975700 0.263500988
1413394954555760384.000000 1.083017588 -0.085024424 0.555904865 -0.707539260 -0.327804089 -0.570431054 0.257955581
1413394954655760384.000000 0.977248013 -0.110764556 0.502732217 -0.755650163 -0.334327489 -0.508967400 0.241185024
1413394954755760384.000000 0.872487366 -0.135982037 0.449452460 -0.797313452 -0.334332138 -0.449483842 0.224671945
1413394954855760384.000000 0.784510076 -0.151309669 0.393772960 -0.817260385 -0.331493795 -0.421888500 0.210255608
1413394954955760384.000000 0.719533563 -0.151393652 0.339407682 -0.803474545 -0.331779182 -0.450433642 0.203619137
1413394955055760384.000000 0.668490410 -0.138011068 0.281672835 -0.770994484 -0.332652062 -0.499370605 0.213399097
1413394955155760384.000000 0.620678186 -0.116504654 0.223737836 -0.733931899 -0.337805182 -0.541518569 0.232355714
1413394955255760384.000000 0.566739440 -0.094586395 0.168564051 -0.698774695 -0.348194242 -0.570197105 0.255636394
1413394955355760384.000000 0.501108110 -0.077694803 0.119462520 -0.689258277 -0.360674530 -0.559713244 0.285583586
1413394956805760512.000000 0.284926593 0.309122711 0.166489497 -0.661661744 -0.560281157 -0.377940536 0.324730188
1413394959655760384.000000 0.395130217 0.650710642 0.520418882 -0.339036733 -0.795877457 -0.195220023 0.462084889
1413394960755760384.000000 -0.037356906 0.755086184 0.468680739 -0.043044370 -0.869913459 -0.030248541 0.490390599
1413394962305760512.000000 -0.928928554 0.404747099 0.385148376 -0.003510506 -0.827521205 -0.004981779 0.561401486
1413394964905760512.000000 0.061276712 -1.110316634 -0.003010683 -0.023447312 -0.870568573 0.054952610 0.488406301
1413394965055760384.000000 0.062810734 -1.163572788 0.016679311 -0.030709302 -0.861895919 0.055267490 0.503128171
1413394966705760512.000000 0.435417324 -1.283148289 0.147088230 0.369492322 -0.732546568 0.270416409 0.503712296
1413394967455760384.000000 0.687501907 -1.399620056 0.163072377 0.475317329 -0.608259201 0.392181337 0.500287890
1413394968705760512.000000 1.160219669 -1.346961379 0.300164104 0.686862946 -0.482398093 0.445699215 0.311229348
1413394969055760384.000000 1.325109482 -1.425447226 0.300413430 0.677943289 -0.451715648 0.483687818 0.319987684
1413394969455760384.000000 1.521743894 -1.515136600 0.203427255 0.668196201 -0.410801768 0.532897115 0.317453176
1413394969855760384.000000 1.680075169 -1.501130939 0.050729141 0.717413485 -0.398294479 0.458073914 0.341829866
1413394970255760384.000000 1.978240967 -1.448624015 0.035891518 0.703558683 -0.439389199 0.472675771 0.297523290
1413394970655760384.000000 2.281215429 -1.434221148 0.034006432 0.631338358 -0.452627718 0.569297850 0.269146889
1413394971055760384.000000 2.339562416 -1.366994143 -0.007016974 0.694446981 -0.430890441 0.479450107 0.319694310
1413394971255760384.000000 2.354291916 -1.324475169 0.028128132 0.713707745 -0.450993389 0.444318265 0.299679041
1413394971455760384.000000 2.398455143 -1.314159393 0.040213361 0.731241226 -0.471733242 0.410472184 0.272518903
1413394971855760384.000000 2.568483114 -1.513745070 0.090761200 0.657354772 -0.486529320 0.498836964 0.286941856
1413394972155760384.000000 2.612425327 -1.736577749 0.116829202 0.578630269 -0.512688041 0.523951232 0.357509613
1413394972255760384.000000 2.598378181 -1.794134617 0.107329786 0.552580953 -0.535535157 0.512172580 0.381491393
1413394972355760384.000000 2.570178270 -1.838732839 0.091148317 0.524233520 -0.562604666 0.494178087 0.405516177
1413394972455760384.000000 2.528801680 -1.868963480 0.068105765 0.494776517 -0.595934033 0.469528049 0.423795074
1413394972555760384.000000 2.475600243 -1.885557532 0.039060637 0.472382128 -0.636122465 0.429533243 0.433248699
1413394972655760384.000000 2.412045240 -1.889486790 0.013678953 0.450907618 -0.671903253 0.382093519 0.446355224
1413394972755760384.000000 2.339695692 -1.890342116 -0.004253935 0.428972781 -0.694710135 0.331398755 0.472795039
1413394972855760384.000000 2.264533043 -1.889735937 -0.014374021 0.403409511 -0.710014164 0.283674896 0.502662241
1413394973055760384.000000 2.124051094 -1.895433664 -0.029465199 0.329856932 -0.741906941 0.216539785 0.542106152
1413394973205760512.000000 2.032364130 -1.907186866 -0.043668374 0.262239367 -0.771588683 0.182799935 0.549968660
1413394973355760384.000000 1.946793079 -1.922706366 -0.057270005 0.193926722 -0.795546949 0.149286166 0.554266393
1413394973605760512.000000 1.801205158 -1.945702672 -0.069251813 0.082267985 -0.816789210 0.082609877 0.565033615
1413394973855760384.000000 1.647474885 -1.958093882 -0.065534741 -0.023372078 -0.815637708 0.001025291 0.578089893
1413394974105760512.000000 1.501970768 -1.961911798 -0.055309325 -0.133823559 -0.803516090 -0.065858133 0.576295018
1413394974455760384.000000 1.329559922 -1.935306191 -0.024466921 -0.287241608 -0.765803754 -0.140662596 0.557898581
1413394975205760512.000000 1.170508265 -1.688676476 -0.019520145 -0.454329789 -0.659327269 -0.335920185 0.496013731
1413394975355760384.000000 1.153850079 -1.648857117 -0.073957846 -0.472342759 -0.639452994 -0.357270390 0.490255147
1413394975805760512.000000 1.094356179 -1.597496748 -0.209431827 -0.517532587 -0.638406396 -0.369580358 0.433598608
1413394976155760384.000000 0.996083319 -1.560725212 -0.237967193 -0.499796838 -0.622297406 -0.390387237 0.458853900
1413394976605760512.000000 0.827550530 -1.610839963 -0.261003137 -0.479318321 -0.603722036 -0.408932179 0.488413900
1413394976805760512.000000 0.751168191 -1.705044746 -0.267763197 -0.501532018 -0.600269139 -0.377692014 0.495470881
1413394977105760512.000000 0.688593924 -1.882591009 -0.271147013 -0.585118830 -0.638679326 -0.274002850 0.417908043
1413394977305760512.000000 0.696246684 -1.901367426 -0.237424284 -0.607978642 -0.653034985 -0.256187558 0.371853918
1413394977505760512.000000 0.726549745 -1.790060282 -0.160320878 -0.578949630 -0.674473286 -0.304137558 0.342642158
1413394979505760512.000000 -0.373480707 1.370958328 0.339561373 -0.500715375 -0.517974019 -0.406311512 0.562047958
1413394979705760512.000000 -0.401917160 1.452472329 0.353247374 -0.474688619 -0.511585951 -0.427446783 0.574664891
1413394981205760512.000000 -0.462368906 0.172176063 0.508518517 -0.559333742 -0.596827149 -0.360625803 0.448210090
1413394981505760512.000000 -0.462039471 -0.086405531 0.439574867 -0.555799365 -0.603047729 -0.375814140 0.431490660
1413394981905760512.000000 -0.435134590 -0.359088868 0.369145453 -0.590118647 -0.589724123 -0.370771080 0.408061564
1413394982655760384.000000 -0.090826839 -0.600062430 0.353708386 -0.712619245 -0.411569387 -0.429866195 0.371482939
1413394982805760512.000000 0.073441088 -0.642300963 0.378616154 -0.729854941 -0.378348291 -0.452809721 0.345148921
1413394983005760512.000000 0.335831791 -0.707490087 0.416756034 -0.745775282 -0.342364609 -0.484045386 0.303818703
1413394984505760512.000000 2.104256868 -0.947858512 0.338861912 -0.714623928 -0.411944062 -0.513024211 0.237530902
1413394984705760512.000000 2.201709270 -0.883158147 0.297650158 -0.704451025 -0.437527895 -0.498694181 0.252234727
1413394984905760512.000000 2.269966602 -0.781374574 0.268894911 -0.687162936 -0.467157096 -0.481278598 0.279181421
1413394985305760512.000000 2.337733984 -0.489537716 0.271918833 -0.648037016 -0.515550911 -0.458278269 0.322856396
1413394986905760512.000000 2.389517307 1.302536130 0.759139419 -0.637880445 -0.516465962 -0.465181172 0.331629395
1413394987005760512.000000 2.374718666 1.441064239 0.791377962 -0.642133832 -0.504720747 -0.461180955 0.346746713
1413394987105760512.000000 2.356346607 1.576493263 0.809947312 -0.649626732 -0.492048293 -0.452187419 0.362491667
1413394987705760512.000000 2.229807854 2.305632591 0.819409072 -0.605554283 -0.499907047 -0.514915228 0.343888611
1413394987805760512.000000 2.178195715 2.407138824 0.830243587 -0.599979401 -0.495283931 -0.522061765 0.349528462
1413394988005760512.000000 2.033328533 2.577367544 0.867234588 -0.593557715 -0.487614989 -0.531987607 0.356244445
1413394988505760512.000000 1.512303233 2.756914377 0.972791314 -0.663934946 -0.406577110 -0.482566804 0.401266485
1413394989405760512.000000 0.780224919 2.328307867 0.894572198 -0.733704507 -0.329649627 -0.535871387 0.256614000
1413394989505760512.000000 0.691662431 2.261096954 0.885552824 -0.736205161 -0.328701317 -0.529985964 0.262816101
1413394989605760512.000000 0.603522360 2.191862822 0.869575441 -0.738910794 -0.328338176 -0.523260534 0.269078821
1413394990455760384.000000 0.035659328 1.637286067 0.449213833 -0.595798135 -0.579523742 -0.408799142 0.376908571
1413394990555760384.000000 -0.018743977 1.591345429 0.392100722 -0.580701411 -0.597280800 -0.393294573 0.389051318
1413394990955760384.000000 -0.242542118 1.492751718 0.200966224 -0.568837583 -0.611390173 -0.373612821 0.403781354
1413394991305760512.000000 -0.443131506 1.518688560 0.089075297 -0.587632775 -0.588063359 -0.379108608 0.406381428
1413394991705760512.000000 -0.627379477 1.639614582 0.006241022 -0.640328348 -0.519049585 -0.427338570 0.371414900
1413394992105760512.000000 -0.764853418 1.791053295 -0.042730920 -0.663723886 -0.449896425 -0.466410041 0.373531312
1413394992355760384.000000 -0.811813593 1.845441580 -0.063133098 -0.698155403 -0.419406056 -0.463927358 0.348495454
1413394992855760384.000000 -0.817619264 1.913792729 -0.046075661 -0.714746773 -0.378329337 -0.508080781 0.296408534
1413394993355760384.000000 -0.810084939 1.951694489 -0.123517171 -0.722818494 -0.374306470 -0.515935361 0.266906112
1413394993705760512.000000 -0.817516029 1.985493183 -0.230678737 -0.719759703 -0.379666328 -0.519879222 0.259855866
1413394994155760384.000000 -0.841701388 2.031421185 -0.421607673 -0.768325090 -0.269850373 -0.529189050 0.238361523
1413394994305760512.000000 -0.833289504 2.026266575 -0.454593748 -0.778674245 -0.233195141 -0.546018243 0.202855885
1413394994705760512.000000 -0.817327917 2.003696680 -0.452899694 -0.788151801 -0.189457133 -0.575045109 0.110661291
1413394995105760512.000000 -0.858571529 2.060209751 -0.409204870 -0.784639120 -0.166512668 -0.582273126 0.132563189
1413394995505760512.000000 -0.928178728 2.113559484 -0.563449800 -0.814606190 -0.171084955 -0.536587954 0.138636112
1413394995705760512.000000 -0.924970210 2.136977673 -0.637673914 -0.807218373 -0.172928751 -0.547690511 0.136122823
1413394996005760512.000000 -0.898054659 2.172760963 -0.726819158 -0.791803896 -0.168136120 -0.571153879 0.136235848
1413394996505760512.000000 -0.902651727 2.179928541 -0.707834065 -0.784954429 -0.177193105 -0.578438461 0.133634478
1413394997005760512.000000 -0.893004358 2.187733412 -0.697396696 -0.783660591 -0.175547689 -0.580153883 0.135943428
1413394997505760512.000000 -0.882923007 2.197274208 -0.691043258 -0.783791840 -0.175298870 -0.580027401 0.136047602
1413394998005760512.000000 -0.874398410 2.208401203 -0.689326167 -0.783942640 -0.175026461 -0.579917431 0.135997981
1413394998305760512.000000 -0.868311465 2.216714382 -0.690734446 -0.783829808 -0.174887776 -0.580069602 0.136177644
