#Stereo rect[ms], MP culling[ms], MP creation[ms], LBA[ms], KF culling[ms], Total[ms]
7.247601,0.083162,0.835490,0.008276,0.008276,8.181513
7.377493,0.157404,1.259895,0.001287,0.001287,8.797228
4.764578,0.107335,1.372359,0.206397,0.206397,14.159509
6.974412,0.174371,5.416715,0.510518,0.510518,27.694322
8.912743,0.249758,7.147356,0.922118,0.922118,47.995742
10.513138,0.334450,15.904683,0.913068,0.913068,52.172047
10.397927,0.308607,10.213061,1.182467,1.182467,63.839175
9.092088,0.194086,12.333562,1.059162,1.059162,61.137168
9.144865,0.282984,24.632152,0.970099,0.970099,62.459883
7.904288,0.334487,21.183830,58.028315,58.028315,130.982789
6.087762,0.165759,11.417412,1.100493,1.100493,45.313609
5.005747,0.095267,9.806602,1.603166,1.603166,44.812436
5.035936,0.080454,8.830371,1.311381,1.311381,47.669663
4.924095,0.067602,9.060300,1.508223,1.508223,53.897709
8.144935,0.125530,25.436030,1.578529,1.578529,74.600651
12.575941,0.185103,31.304145,1.846575,1.846575,89.016786
7.879165,0.091242,20.682135,2.046169,2.046169,71.463265
7.098293,0.103623,14.903848,1.958194,1.958194,68.468247
8.985290,0.165235,20.381920,2.183728,2.183728,76.749921
8.268659,0.122437,14.962606,2.979134,2.979134,77.251266
6.920013,0.115935,19.638403,3.176923,3.176923,82.297772
6.099646,0.121377,16.027250,2.981961,2.981961,81.559142
5.448782,0.122896,14.493910,3.358281,3.358281,86.178886
6.303853,0.143896,15.620828,3.179582,3.179582,77.974145
6.721717,0.121943,18.950603,3.208251,3.208251,82.534226
6.107615,0.090815,16.039843,3.097631,3.097631,124.114064
10.378273,0.173373,27.378673,3.266695,3.266695,99.047822
6.886206,0.082062,17.933101,3.570702,3.570702,79.072630
12.597241,0.135794,23.524550,3.383573,3.383573,95.685425
6.569139,0.101132,17.203587,2.837329,2.837329,76.081127
7.045302,0.110607,18.338965,3.310589,3.310589,85.925832
6.814797,0.105416,17.538398,4.920824,4.920824,86.784565
5.553357,0.105449,16.483683,3.470403,3.470403,77.639305
4.881391,0.112870,14.770535,3.054588,3.054588,73.779462
6.227065,0.183790,18.231039,2.977646,2.977646,77.174083
4.797287,0.118302,12.947911,2.867758,2.867758,69.056895
5.295554,0.121872,12.203399,2.683008,2.683008,144.762863
4.308672,0.095307,12.968121,2.644806,2.644806,72.278354
5.095525,0.111053,13.945658,2.580234,2.580234,69.248298
6.121464,0.151792,16.133598,3.066375,3.066375,95.034343
8.899098,0.264686,24.430634,3.825641,3.825641,94.571344
9.126914,0.320561,23.100220,4.688739,4.688739,94.992940
9.379143,0.446368,29.039737,2.226149,2.226149,116.293862
7.471518,0.297016,20.455870,2.612307,2.612307,90.654435
5.891864,0.172896,16.571301,3.963382,3.963382,85.880624
5.525775,0.160526,12.310222,2.774502,2.774502,75.754763
10.507398,0.331380,29.397845,3.447183,3.447183,123.519722
7.044124,0.264263,14.032530,3.177851,3.177851,83.103798
9.112924,0.281690,21.850259,2.517521,2.517521,101.522659
4.970458,0.155957,10.600124,3.657971,3.657971,100.644138
4.584507,0.142414,9.203619,3.907255,3.907255,75.441249
5.279216,0.160828,12.710989,2.616220,2.616220,75.110061
5.491236,0.141319,14.263162,4.324140,4.324140,81.353326
4.785333,0.170996,10.729925,2.884656,2.884656,73.032124
3.858768,0.143079,8.777804,1.937079,1.937079,70.540237
4.191048,0.186385,8.119894,0.799376,0.799376,63.572096
5.259025,0.225878,10.337378,0.941264,0.941264,70.524043
4.387583,0.171679,8.530760,1.453750,1.453750,73.128381
5.850714,0.250428,12.193736,1.051269,1.051269,80.307167
5.506681,0.221557,10.697532,1.776261,1.776261,78.235580
8.923466,0.422528,28.100031,1.906730,1.906730,114.528033
5.695141,0.190418,10.796381,2.157309,2.157309,85.662728
5.522150,0.203447,10.971214,3.373839,3.373839,84.707310
5.792029,0.208949,11.577385,2.639409,2.639409,87.196765
6.174364,0.183310,10.959885,2.440376,2.440376,87.091302
5.635101,0.141876,10.363688,1.975374,1.975374,102.955883
5.682241,0.164081,10.419353,1.522069,1.522069,87.849156
5.798894,0.174822,11.527355,3.066883,3.066883,89.047071
7.317044,0.249269,15.770825,2.271685,2.271685,96.737346
7.161670,0.167949,10.593325,2.067797,2.067797,86.620587
6.292968,0.181573,11.583828,1.226276,1.226276,98.554630
7.348376,0.212951,17.680146,2.032679,2.032679,104.526415
6.409809,0.250835,10.887249,1.494158,1.494158,85.630402
8.600860,0.171991,12.452855,2.141535,2.141535,95.393451
5.804629,0.160375,10.524792,1.690427,1.690427,102.211590
11.652346,0.634971,31.188270,2.419842,2.419842,123.848165
5.728996,0.135147,12.386106,2.441166,2.441166,106.888259
8.774891,0.337805,20.992536,1.981671,1.981671,109.352395
5.946681,0.182226,14.215718,2.507192,2.507192,97.759422
5.706486,0.176835,13.933737,4.787287,4.787287,97.218448
5.501121,0.168121,15.689403,3.084032,3.084032,97.558722
5.287917,0.185343,15.730735,3.354161,3.354161,103.140241
4.976101,0.173121,14.027742,3.486591,3.486591,99.248976
4.343160,0.188982,12.887066,3.382875,3.382875,96.413350
4.352086,0.182971,14.541221,2.527553,2.527553,98.527850
4.895696,0.189212,15.659257,3.328746,3.328746,102.800860
3.902301,0.164151,11.539033,5.562144,5.562144,95.769506
4.100343,0.158531,11.693088,3.642460,3.642460,87.455245
4.298141,0.124419,13.120305,3.949138,3.949138,93.661048
4.318502,0.133810,12.923217,3.418287,3.418287,103.368467
4.679220,0.130540,13.801720,4.695438,4.695438,96.890094
4.814569,0.137416,14.155960,3.462323,3.462323,121.499132
4.796083,0.174420,15.287737,3.724308,3.724308,99.606512
4.651567,0.132182,13.389035,5.749595,5.749595,102.082751
4.782165,0.119430,14.413581,3.098805,3.098805,100.714275
4.530913,0.095789,12.509125,3.847125,3.847125,93.942450
4.841804,0.114584,19.060984,2.884152,2.884152,101.785759
8.316919,0.174747,24.682757,3.067955,3.067955,122.859427
8.603397,0.228557,23.323151,4.599888,4.599888,134.074368
13.017849,0.367915,29.031245,2.665833,2.665833,124.084213
13.069731,0.443888,32.046235,4.382733,4.382733,134.776091
9.647151,0.240217,15.825318,2.877650,2.877650,120.315543
11.145702,0.470658,30.631490,2.635998,2.635998,122.271218
7.327513,0.318767,21.489009,3.225091,3.225091,123.934143
4.937364,0.266878,10.147593,3.371656,3.371656,104.104109
8.054169,0.656041,19.284378,1.990638,1.990638,126.173074
4.543064,0.304448,7.509088,3.527789,3.527789,96.364570
3.596213,0.215392,6.924694,2.520642,2.520642,104.922398
4.391667,0.193271,7.145911,0.993304,0.993304,97.778961
5.129337,0.172076,8.192564,2.182557,2.182557,103.620124
7.491173,0.325650,13.215301,1.155051,1.155051,120.464954
4.750516,0.228629,8.888083,1.521659,1.521659,99.666493
4.454354,0.244983,8.188216,1.143985,1.143985,473.588629
5.331833,0.319612,9.197325,1.083112,1.083112,64.346418
5.911562,0.188385,11.204389,0.853909,0.853909,116.248908
4.654178,0.225568,10.343654,0.909368,0.909368,99.736606
6.192904,0.250350,12.981120,2.390668,2.390668,112.821873
9.177804,0.395439,25.725994,0.988054,0.988054,134.107314
9.508576,0.361682,21.596175,1.488101,1.488101,152.303362
6.699628,0.251637,17.406391,3.124613,3.124613,115.232584
9.914746,0.418770,15.168578,2.056164,2.056164,125.670760
6.561950,0.202991,14.770993,3.159043,3.159043,108.898431
5.400578,0.229564,11.545427,1.840911,1.840911,108.306012
7.938549,0.267147,17.753403,3.382627,3.382627,122.963946
10.596760,0.538636,33.475427,2.924410,2.924410,139.426196
10.992192,0.420378,28.620125,4.709225,4.709225,135.186255
5.540406,0.207539,14.004579,4.530998,4.530998,120.681858
9.051071,0.488054,24.585515,8.191584,8.191584,135.830778
7.733022,0.280763,18.990747,5.371115,5.371115,132.869961
5.116428,0.225166,12.789013,4.389590,4.389590,116.621219
5.382133,0.229835,13.604389,4.700201,4.700201,123.777035
5.566878,0.286352,16.080493,2.281099,2.281099,111.589040
4.596719,0.211732,11.536564,2.970437,2.970437,107.899101
4.578673,0.196466,12.839570,3.697683,3.697683,112.969141
5.431529,0.189437,13.294322,3.760327,3.760327,113.288635
6.451044,0.199555,13.196658,3.571267,3.571267,124.160381
6.670096,0.202810,18.256142,5.165183,5.165183,122.530084
7.799542,0.187078,21.127787,7.159568,7.159568,135.277827
6.424542,0.189702,15.502381,3.846683,3.846683,115.083904
6.564798,0.366038,19.384081,3.826526,3.826526,124.771426
7.409807,0.487067,27.441620,6.085108,6.085108,136.881374
6.364775,0.294201,16.411868,4.786099,4.786099,123.826579
5.863387,0.251476,14.589486,4.252466,4.252466,121.311989
8.325390,0.441363,20.731492,5.286984,5.286984,122.653547
7.733976,0.426065,23.998813,3.966114,3.966114,121.508740
6.125060,0.228467,13.433840,4.302378,4.302378,127.741562
5.683009,0.284224,14.837988,5.210746,5.210746,107.346338
5.614354,0.259173,14.331030,4.126527,4.126527,118.092961
6.840117,0.284815,17.385312,4.694473,4.694473,120.967026
6.887986,0.286119,19.168724,3.420436,3.420436,128.509572
9.966439,0.492310,30.590841,3.925514,3.925514,135.194148
10.007679,0.353625,24.753278,5.309055,5.309055,132.824148
6.880561,0.230336,16.113381,4.105686,4.105686,131.358288
5.877227,0.272517,16.359539,4.029198,4.029198,115.065571
7.078327,0.298219,15.326730,2.880056,2.880056,124.300313
7.169033,0.307953,17.110369,5.359391,5.359391,129.730410
7.440069,0.252007,19.007229,3.930358,3.930358,125.705899
8.166247,0.269179,19.716451,5.795762,5.795762,132.159369
12.307542,0.479221,38.648347,4.714814,4.714814,161.452822
5.326402,0.265927,13.720427,4.983218,4.983218,124.246998
7.646533,0.274589,27.134599,5.259062,5.259062,156.846319
6.651320,0.160839,15.597693,4.876093,4.876093,128.990934
7.580496,0.278355,20.412277,6.772701,6.772701,136.536614
6.463566,0.238551,16.086072,4.878815,4.878815,124.510670
6.835044,0.270465,17.454514,6.220378,6.220378,136.473473
11.709637,0.333373,26.995520,6.840495,6.840495,142.524431
5.799708,0.150205,13.904963,9.691052,9.691052,142.657707
6.002880,0.227010,17.892276,10.010910,10.010910,140.908951
12.364671,0.507043,27.690618,7.250988,7.250988,157.792656
6.148448,0.262333,17.212177,6.628035,6.628035,134.868775
5.923947,0.267373,16.157778,6.974741,6.974741,135.552038
6.268047,0.185271,17.421251,7.592186,7.592186,131.262834
5.578040,0.203673,14.914407,7.987869,7.987869,137.981927
14.730992,0.388309,41.151134,7.479970,7.479970,162.623973
17.563038,0.280882,37.472409,8.416738,8.416738,176.355222
8.407762,0.228344,25.305718,6.957685,6.957685,135.319290
15.105021,0.472337,35.810112,6.451163,6.451163,178.928489
9.664477,0.314344,22.501175,9.513217,9.513217,156.645445
6.477361,0.209497,18.631781,4.958697,4.958697,131.532910
6.963550,0.174445,19.019400,7.769007,7.769007,132.141112
6.055140,0.244167,17.316551,6.321599,6.321599,130.307825
5.799109,0.279176,17.910704,9.821226,9.821226,144.506731
6.253509,0.211019,16.200237,7.152010,7.152010,134.249813
5.614555,0.234207,14.997573,5.418369,5.418369,150.661671
7.812437,0.364388,18.106031,7.620321,7.620321,147.887498
5.068249,0.227251,12.950967,3.577515,3.577515,128.350233
6.077106,0.221851,17.491675,2.703479,2.703479,138.856061
5.924587,0.210406,16.006138,4.313305,4.313305,140.267111
5.370993,0.208248,13.735568,5.648099,5.648099,136.975967
4.873289,0.171937,11.398014,2.056016,2.056016,123.997853
8.416745,0.388539,24.764279,2.335911,2.335911,99.802392
5.146917,0.134437,11.945315,2.575645,2.575645,112.097062
8.752926,0.354329,26.249417,3.285052,3.285052,93.222124
4.897561,0.157260,11.152531,3.342014,3.342014,115.176118
8.387182,0.282112,19.785349,1.842802,1.842802,140.693304
7.146905,0.317066,22.895495,2.679191,2.679191,140.497706
8.028532,0.371330,23.381426,2.863110,2.863110,136.383877
3.962813,0.201401,11.583067,0.890319,0.890319,66.284146
5.574119,0.199440,15.479071,2.690884,2.690884,119.579099
7.985577,0.441168,25.494321,2.158358,2.158358,74.211160
5.664827,0.238506,14.659943,2.932081,2.932081,121.700492
7.750472,0.395072,26.335101,1.171693,1.171693,78.360364
4.789103,0.275372,13.855179,2.852622,2.852622,113.270424
4.509757,0.215001,13.551859,2.801484,2.801484,108.095113
7.089168,0.469090,26.821580,1.406422,1.406422,74.183802
6.504743,0.416985,21.607598,2.628903,2.628903,130.061030
5.461986,0.497581,20.057893,0.992411,0.992411,56.896982
6.165445,0.426742,23.845640,1.054610,1.054610,59.061464
3.824907,0.142281,26.297463,1.779395,1.779395,65.269829
5.012554,0.175439,17.643761,1.283498,1.283498,47.912338
5.554290,0.130712,11.866265,0.893764,0.893764,42.462110
7.302997,0.231802,14.701769,0.802409,0.802409,44.943197
7.876753,0.195833,20.754059,0.978132,0.978132,54.105152
5.841539,0.117653,13.236784,1.682662,1.682662,68.878241
7.025577,0.126960,12.803868,0.962987,0.962987,68.146329
6.104315,0.152542,15.050103,1.602297,1.602297,72.771019
5.882775,0.153484,13.422580,1.335160,1.335160,74.062995
5.057502,0.125648,11.368209,1.483450,1.483450,70.761602
6.132182,0.154585,14.227846,1.912166,1.912166,72.665989
5.108499,0.132474,11.600541,2.382976,2.382976,71.985067
5.373737,0.133099,13.429087,1.645656,1.645656,70.960607
5.203711,0.117090,12.278537,2.281525,2.281525,70.713365
5.425966,0.145010,13.119337,2.423456,2.423456,75.622737
5.426042,0.145151,13.320116,2.306021,2.306021,70.716123
5.271124,0.112577,12.221587,1.993558,1.993558,68.446804
5.497322,0.150239,12.360197,1.557613,1.557613,68.012282
6.446214,0.152310,17.352408,3.225421,3.225421,85.122651
5.311152,0.184371,12.561423,1.894603,1.894603,80.823353
4.700563,0.148752,11.497628,3.321345,3.321345,86.680692
5.017617,0.133298,12.592408,1.553862,1.553862,69.232692
4.732459,0.144597,13.677693,1.671999,1.671999,69.892872
5.609886,0.182662,16.505443,2.173108,2.173108,75.817217
4.361038,0.140266,11.092283,2.597480,2.597480,70.710804
4.918577,0.136660,13.460871,1.523647,1.523647,69.962287
5.845358,0.149454,14.847286,2.464016,2.464016,83.917702
6.255946,0.171376,14.742605,1.483637,1.483637,75.472783
5.389990,0.150113,14.132499,1.776672,1.776672,82.279502
5.616672,0.175240,12.900787,2.045166,2.045166,79.053471
5.869638,0.165437,12.829216,1.343465,1.343465,75.361151
6.584485,0.148936,15.323846,2.275422,2.275422,84.202458
5.652041,0.135133,14.105565,1.978940,1.978940,83.794164
6.331548,0.133874,15.541722,2.813306,2.813306,88.484512
5.654429,0.130940,13.314817,1.565307,1.565307,85.929055
4.792015,0.147740,12.467273,2.320184,2.320184,82.278879
4.272914,0.170319,12.823884,2.092622,2.092622,82.577703
4.829648,0.233437,12.928108,4.080347,4.080347,89.603451
4.471933,0.181639,12.549189,2.091118,2.091118,86.131550
5.194640,0.131095,13.770480,2.865792,2.865792,91.162689
4.521081,0.141486,13.561477,1.613518,1.613518,81.421570
4.631697,0.148501,12.338229,3.800516,3.800516,82.030804
4.522944,0.125736,10.890372,1.631459,1.631459,81.674342
4.846928,0.121677,12.515461,2.435991,2.435991,91.491812
4.580169,0.104955,11.219624,2.084211,2.084211,87.496296
4.491321,0.096262,11.486681,2.505549,2.505549,82.477090
4.390669,0.115563,11.719067,1.704314,1.704314,92.258424
4.638257,0.110355,11.552666,3.848104,3.848104,95.823349
4.549818,0.182826,13.503353,1.316176,1.316176,100.340892
4.457135,0.137976,11.323314,1.701898,1.701898,83.128269
4.193063,0.119534,11.465803,2.179691,2.179691,83.756146
4.524705,0.137420,10.635179,2.680020,2.680020,87.678202
4.536126,0.167004,10.582702,2.651213,2.651213,105.435823
5.724541,0.264172,12.607074,2.680950,2.680950,102.975096
4.642506,0.196114,9.226413,1.769270,1.769270,100.805781
4.734212,0.203595,11.080740,2.956950,2.956950,92.581407
4.612182,0.185257,9.716033,2.706144,2.706144,99.744424
8.210441,0.333545,14.383250,3.164800,3.164800,118.952133
7.308607,0.230764,11.873019,2.421860,2.421860,106.682273
5.926412,0.199810,13.222766,2.723379,2.723379,101.434771
7.482814,0.248118,18.616055,1.784087,1.784087,110.008853
4.895323,0.191304,12.679889,3.434466,3.434466,97.893196
6.622762,0.242804,14.703151,3.692138,3.692138,102.669155
4.338557,0.186775,10.602598,3.035624,3.035624,88.565287
4.212582,0.172763,10.144345,2.664725,2.664725,91.014311
4.308748,0.144026,8.774867,2.702991,2.702991,82.043108
7.099164,0.282293,17.037680,3.301122,3.301122,109.364409
8.763441,0.477061,13.614611,2.571040,2.571040,106.459975
8.595963,0.496234,18.125021,2.756237,2.756237,115.876459
9.955396,0.263887,19.341797,2.591647,2.591647,119.245480
10.529303,0.466715,14.669202,3.392447,3.392447,124.082047
4.760319,0.219572,11.917957,2.246569,2.246569,99.254978
5.012297,0.250044,11.327032,4.063724,4.063724,99.069045
5.474523,0.352462,22.703134,4.256183,4.256183,123.311115
5.013715,0.218100,12.358127,2.855917,2.855917,119.558226
4.856134,0.209265,11.491548,3.249727,3.249727,91.185143
6.369603,0.258177,15.275054,3.492355,3.492355,108.971032
7.433501,0.323407,22.433317,3.942450,3.942450,112.772956
5.261461,0.204931,11.881814,3.771369,3.771369,100.367458
5.400041,0.193427,12.426115,5.936571,5.936571,104.750487
3.961946,0.145076,8.366485,3.434182,3.434182,89.835551
3.465746,0.133025,7.871055,4.715316,4.715316,86.380053
3.462601,0.123852,7.397559,4.065450,4.065450,84.575174
3.116236,0.093257,6.550228,3.502618,3.502618,76.534572
3.185142,0.084295,6.523447,3.762347,3.762347,80.846853
7.202009,0.182546,20.279189,3.712179,3.712179,125.460058
4.430013,0.115766,11.218022,3.629882,3.629882,93.843150
5.388905,0.249095,15.323382,2.708782,2.708782,100.592037
5.168718,0.165002,12.569395,4.630274,4.630274,103.122677
2.308817,0.072629,5.342307,3.809959,3.809959,78.292938
3.154741,0.069731,6.599073,1.975360,1.975360,76.682511
3.649859,0.085889,7.392279,3.922836,3.922836,85.444149
4.460480,0.199389,10.856376,5.162630,5.162630,89.944236
5.410504,0.395379,18.658008,5.542465,5.542465,107.942738
6.082247,0.295568,17.324233,4.487105,4.487105,127.402312
6.585107,0.197060,13.449016,5.133218,5.133218,106.843996
8.255291,0.172080,17.129016,4.476124,4.476124,113.698655
4.393705,0.137298,13.068226,3.934179,3.934179,61.337700
4.395346,0.232906,12.504462,3.960915,3.960915,91.584599
2.784844,0.130774,6.237122,3.571592,3.571592,76.617864
3.767919,0.157354,6.890983,2.458157,2.458157,82.618273
9.163537,0.432745,19.126455,4.111551,4.111551,128.870521
5.644261,0.349085,10.047976,2.929023,2.929023,106.579902
9.342487,0.723456,19.402019,3.236149,3.236149,125.597846
9.509380,0.669637,9.608307,1.057793,1.057793,120.812317
9.149101,0.613781,20.287029,1.246290,1.246290,109.184754
7.712034,0.362041,18.225885,1.313803,1.313803,122.482160
4.547150,0.215584,9.076786,0.873388,0.873388,85.511358
5.692119,0.255095,9.259939,1.763148,1.763148,92.415105
4.919241,0.261547,10.406903,1.728204,1.728204,106.538830
5.302885,0.261969,11.494976,2.057736,2.057736,109.780422
5.371251,0.231618,12.084510,2.735551,2.735551,100.439315
7.877971,0.269237,14.001225,3.717210,3.717210,105.998569
8.500833,0.263280,14.045753,2.721768,2.721768,101.215666
10.602706,0.383029,30.161562,2.946723,2.946723,127.917268
5.030982,0.137168,11.154819,3.650884,3.650884,99.294999
10.461955,0.419448,23.666663,2.891621,2.891621,119.930314
10.368444,0.321100,28.027627,2.064618,2.064618,127.984601
10.973242,0.489090,28.723056,3.051931,3.051931,131.404921
9.160427,0.380153,27.834884,2.330934,2.330934,87.038248
9.257190,0.290659,20.423550,1.707483,1.707483,113.767625
8.202736,0.204939,19.497982,1.854077,1.854077,65.288158
6.522431,0.168342,21.228982,2.416902,2.416902,73.139729
5.152306,0.185439,15.587607,1.799589,1.799589,55.631497
4.788508,0.179985,15.426122,1.376678,1.376678,59.668948
6.492482,0.399510,17.437018,1.919029,1.919029,59.938093
3.744967,0.193289,8.241450,0.926129,0.926129,50.832710
3.567915,0.151487,9.330354,0.529108,0.529108,37.765285
4.153603,0.092073,9.765199,0.557892,0.557892,40.236650
4.129792,0.098448,10.173659,1.350502,1.350502,75.900042
4.920081,0.210925,11.812853,1.633277,1.633277,86.315216
4.060994,0.146025,12.088302,2.145590,2.145590,80.026206
5.721789,0.173765,11.389972,1.678878,1.678878,80.581704
5.538988,0.173079,13.160899,1.623362,1.623362,78.186861
5.910696,0.189367,13.198508,1.766192,1.766192,86.531501
5.681184,0.158341,11.958793,2.333826,2.333826,81.872912
5.640031,0.152297,13.018960,2.007556,2.007556,108.792054
6.169619,0.169234,16.448181,1.942734,1.942734,100.055252
5.833415,0.189584,14.254364,1.775920,1.775920,97.483662
8.918798,0.346413,20.597604,1.271611,1.271611,71.506409
5.539299,0.188648,14.292946,1.730290,1.730290,95.373978
5.450121,0.192281,13.946410,2.720240,2.720240,86.550420
5.493234,0.178070,13.998784,1.906158,1.906158,84.108875
5.293469,0.219912,14.506583,2.292175,2.292175,82.647409
5.666271,0.172583,14.471133,2.149265,2.149265,89.540352
5.870488,0.162390,16.439299,1.966716,1.966716,98.748261
6.048609,0.169409,16.745282,3.178187,3.178187,93.174713
5.388844,0.147497,14.244788,4.016319,4.016319,85.826151
5.829197,0.152039,14.496212,3.674020,3.674020,99.235886
5.955141,0.136124,14.684100,4.579242,4.579242,88.382172
5.866982,0.122302,18.431900,4.583918,4.583918,89.344704
5.887766,0.112171,16.304026,2.930371,2.930371,82.267833
5.471567,0.112097,16.981233,3.229016,3.229016,82.744839
6.144106,0.121790,17.278098,4.013290,4.013290,91.718812
5.874622,0.140964,17.823024,3.049686,3.049686,92.034350
6.221919,0.139545,18.635045,3.752745,3.752745,93.743128
5.907799,0.150529,18.208900,3.554382,3.554382,91.735424
5.926695,0.113399,18.449029,3.187250,3.187250,95.720305
5.768920,0.146539,20.800890,4.047594,4.047594,116.125385
5.322157,0.167274,18.366493,4.789224,4.789224,100.472570
5.964900,0.177182,19.704294,3.287241,3.287241,95.113150
5.878046,0.121902,16.092024,4.619371,4.619371,89.484322
5.864748,0.111262,16.055083,3.059069,3.059069,89.292525
6.217653,0.150279,19.691381,3.755389,3.755389,110.571466
6.070640,0.162384,17.307383,4.108847,4.108847,101.321236
7.758187,0.264231,18.076639,4.697015,4.697015,98.764042
6.040476,0.179981,16.834173,3.912898,3.912898,104.647460
7.056878,0.323181,17.975989,2.870776,2.870776,117.166284
7.811758,0.187247,17.739658,3.427557,3.427557,101.420971
6.103685,0.175712,19.207708,3.605818,3.605818,110.343436
7.983751,0.212687,18.547526,4.329838,4.329838,125.493732
10.398290,0.567282,36.088796,3.007058,3.007058,129.022245
6.938950,0.327514,21.617593,3.360834,3.360834,115.352179
5.711169,0.284940,20.663030,3.284249,3.284249,108.950067
6.024635,0.276114,18.930076,4.445474,4.445474,111.546593
5.698273,0.259520,21.388678,3.166813,3.166813,111.271327
5.662668,0.281111,21.392686,8.946546,8.946546,125.827268
6.755402,0.368535,19.732712,2.991867,2.991867,120.238523
6.608123,0.428985,22.819769,10.969261,10.969261,136.146894
5.786117,0.348269,20.222585,7.703080,7.703080,123.987616
5.936739,0.309410,16.925163,5.882086,5.882086,123.762253
6.190051,0.273365,17.306266,7.155260,7.155260,116.069546
6.604833,0.254961,16.532077,8.386823,8.386823,137.119387
10.501651,0.453897,32.676074,11.910081,11.910081,155.463143
6.873119,0.238673,21.425953,8.635278,8.635278,138.465805
6.404599,0.235629,19.635863,6.112018,6.112018,125.712911
7.855116,0.265556,20.710377,6.272054,6.272054,126.422010
7.329098,0.261098,24.520648,4.359427,4.359427,124.108405
6.961195,0.221510,18.948910,7.036190,7.036190,131.191784
6.567267,0.264285,16.657491,5.097555,5.097555,122.596694
6.885196,0.268357,19.557989,7.450025,7.450025,134.070270
10.729049,0.582509,30.300812,8.145789,8.145789,144.094455
9.885902,0.449421,25.367765,6.214514,6.214514,137.700930
8.710189,0.246025,17.640810,6.312952,6.312952,141.734954
7.001278,0.258348,16.372252,5.414280,5.414280,133.124164
6.220949,0.301253,21.871290,9.319719,9.319719,137.775729
6.197399,0.236411,12.482306,5.822025,5.822025,177.495745
5.825531,0.202971,17.356639,4.993874,4.993874,119.732860
9.624581,0.289124,31.474947,4.005969,4.005969,114.739291
8.976834,0.247625,34.419325,4.504348,4.504348,105.732721
5.281515,0.150468,16.034485,4.909960,4.909960,76.790860
5.710900,0.152427,18.593967,5.393189,5.393189,72.934969
5.396668,0.107331,17.065326,2.799551,2.799551,72.528532
5.630851,0.182079,20.235281,3.048907,3.048907,65.836488
6.508806,0.180117,23.320609,2.669361,2.669361,69.764951
6.545459,0.164096,18.555862,2.663427,2.663427,58.304413
8.597753,0.133444,20.619641,3.513483,3.513483,64.383269
5.353254,0.107922,17.088710,4.588115,4.588115,116.359048
5.872695,0.108062,17.409184,3.729831,3.729831,120.746801
11.582773,0.287363,26.770605,3.272962,3.272962,130.121413
8.708788,0.223062,23.314368,2.284970,2.284970,117.292151
10.570561,0.286280,30.539713,4.146761,4.146761,127.435866
9.838000,0.338090,29.635424,2.908280,2.908280,71.665840
7.894580,0.319115,19.876258,4.207087,4.207087,59.588511
5.343131,0.159306,19.929598,3.401880,3.401880,59.118279
5.725461,0.169356,17.487132,3.198683,3.198683,58.569301
6.787915,0.234154,25.629954,4.235096,4.235096,111.291140
9.680850,0.298001,35.243887,3.395975,3.395975,125.935461
10.323620,0.348277,34.188995,2.176327,2.176327,122.576944
10.430822,0.211457,23.746831,3.534323,3.534323,113.749545
10.139084,0.314080,38.227676,5.504100,5.504100,110.901715
5.235904,0.264313,20.429563,3.098618,3.098618,58.771152
4.872006,0.183305,20.687661,2.975697,2.975697,69.541552
3.906629,0.164266,16.017152,3.467740,3.467740,57.669536
5.867839,0.286941,21.367561,2.664854,2.664854,58.417127
5.414051,0.228912,21.679817,3.149140,3.149140,59.735513
4.339970,0.174038,21.920252,3.008549,3.008549,69.622403
6.544553,0.130889,20.921019,3.859176,3.859176,65.178662
6.130355,0.184874,19.442948,3.768325,3.768325,62.577469
7.627594,0.246375,26.095385,6.343610,6.343610,92.108540
6.542752,0.157484,20.607073,3.666969,3.666969,85.576047
6.009569,0.102789,20.703107,5.610999,5.610999,81.940052
5.105212,0.141823,22.662464,3.630541,3.630541,60.563395
4.426326,0.140556,24.205040,2.840777,2.840777,79.020434
2.455445,0.192385,10.594677,3.825559,3.825559,55.902964
1.803947,0.154130,8.657669,2.621025,2.621025,39.380101
3.948642,0.146974,20.580677,3.565961,3.565961,65.424667
4.608670,0.103195,19.989697,3.828257,3.828257,66.539671
3.943674,0.141639,15.950163,4.465915,4.465915,54.463714
11.680930,0.262245,45.226764,3.935287,3.935287,113.183875
12.825485,0.158546,41.700512,5.466753,5.466753,107.231032
9.468224,0.291991,43.906080,5.144339,5.144339,101.854503
3.518193,0.222122,15.406962,2.743309,2.743309,47.735842
4.063437,0.188507,16.085476,2.903933,2.903933,45.420180
6.874125,0.253101,22.939242,4.728957,4.728957,64.983085
6.262004,0.218176,21.379841,4.024068,4.024068,55.977426
6.506293,0.171746,19.298061,3.156964,3.156964,60.792118
5.453945,0.101102,16.899728,3.152707,3.152707,52.806936
7.520615,0.110713,18.929882,5.519513,5.519513,79.739885
5.232444,0.112686,16.630662,3.188286,3.188286,69.381052
4.101678,0.118299,14.678160,3.567771,3.567771,47.572489
5.023667,0.164457,15.536045,2.067245,2.067245,49.878446
5.461887,0.176183,17.198835,2.867654,2.867654,52.535178
5.189935,0.192922,17.159559,2.513934,2.513934,80.502174
4.322250,0.117251,10.805487,3.497137,3.497137,72.123187
3.963792,0.106754,10.034596,2.232382,2.232382,64.372388
3.480753,0.095692,10.564128,2.656169,2.656169,41.853745
5.709203,0.188245,17.587408,2.536707,2.536707,63.603359
4.589083,0.175296,15.314506,3.077676,3.077676,48.358420
5.520433,0.110798,20.571823,4.092673,4.092673,57.289643
9.466065,0.144789,30.595359,4.737056,4.737056,77.351507
9.748138,0.209880,24.381725,4.608847,4.608847,70.038851
6.463119,0.129539,19.272032,3.155451,3.155451,58.560323
6.718971,0.161556,17.938089,5.609474,5.609474,78.927714
5.402558,0.211182,18.698400,4.619413,4.619413,78.171526
5.238209,0.144378,15.209776,3.300572,3.300572,63.974362
6.651418,0.141139,16.454940,2.879267,2.879267,74.344580
5.109914,0.158580,19.085275,4.099468,4.099468,60.559125
6.517287,0.163200,23.563072,3.764321,3.764321,64.995600
5.367107,0.130102,19.317072,3.463007,3.463007,57.672594
8.405764,0.186122,22.082638,4.631799,4.631799,64.794604
6.406103,0.118404,18.580723,3.325545,3.325545,54.244103
5.227699,0.104339,17.791601,3.555047,3.555047,52.357535
7.213258,0.169982,24.539371,5.762554,5.762554,66.423085
5.563252,0.186195,20.148146,5.135567,5.135567,61.866158
8.185501,0.202280,25.707041,3.378936,3.378936,66.304871
5.141444,0.128925,17.467040,4.776272,4.776272,52.541346
7.257965,0.158845,21.607587,3.894409,3.894409,64.126108
6.856052,0.112823,19.543553,5.399153,5.399153,59.474300
8.679660,0.114030,20.389200,5.206809,5.206809,84.214863
5.690855,0.082701,13.783312,3.909100,3.909100,75.914853
7.095630,0.122596,17.900786,2.832668,2.832668,78.714499
10.976145,0.196419,22.058591,6.449144,6.449144,102.920459
6.297602,0.102003,15.968462,3.970151,3.970151,73.634499
5.647571,0.158558,17.434869,6.387212,6.387212,81.086942
4.582179,0.112547,15.174367,5.466072,5.466072,80.690485
5.139538,0.103676,13.855926,4.688931,4.688931,51.073486
6.211448,0.104913,17.931947,4.537670,4.537670,64.222438
6.401801,0.142605,19.797347,5.143979,5.143979,89.808824
6.375225,0.128369,14.272302,6.008881,6.008881,80.107814
11.226066,0.269328,31.690293,6.355315,6.355315,115.691766
6.600636,0.176941,18.761143,7.360590,7.360590,90.401831
5.450108,0.120564,16.365275,9.701993,9.701993,88.333941
4.953892,0.133503,15.286517,8.184821,8.184821,95.671674
5.493688,0.151351,14.850318,5.206443,5.206443,79.829395
6.775969,0.143027,16.264870,6.806657,6.806657,88.833934
5.626810,0.127900,17.382240,4.283552,4.283552,82.749168
5.960158,0.158844,17.013459,6.487206,6.487206,88.406117
5.618042,0.133967,13.957367,7.306947,7.306947,90.146539
6.536087,0.159433,14.658177,6.928566,6.928566,84.964387
6.383017,0.117795,18.213607,5.538108,5.538108,89.675212
4.837356,0.140110,12.490475,7.608289,7.608289,90.327108
4.729940,0.125277,12.249800,6.688748,6.688748,80.063530
3.788779,0.128110,13.179813,5.465433,5.465433,73.956651
4.267151,0.129214,12.530658,4.226444,4.226444,74.874387
5.454801,0.121631,14.189390,5.414712,5.414712,61.090228
4.820297,0.141660,18.012608,7.416669,7.416669,84.152695
5.698542,0.150048,17.250876,5.020261,5.020261,87.762653
6.538836,0.158144,18.422396,8.479532,8.479532,92.101273
5.977982,0.126575,15.517010,5.658955,5.658955,84.473118
6.308824,0.168480,27.009258,6.950970,6.950970,103.693812
6.291233,0.147774,19.949311,5.509857,5.509857,95.794332
10.346137,0.218003,31.605765,7.674657,7.674657,119.449390
6.668481,0.201566,23.001550,6.572152,6.572152,106.128208
6.409319,0.252779,25.578608,6.245809,6.245809,107.704490
5.910198,0.311276,23.949272,6.585752,6.585752,108.761584
6.049376,0.218824,29.821604,7.571665,7.571665,119.514248
7.233303,0.225464,23.516299,8.695128,8.695128,121.734802
6.848999,0.214480,22.938628,7.742976,7.742976,113.376066
6.490340,0.285604,19.477565,6.031073,6.031073,106.338912
6.669197,0.262129,17.335569,5.370765,5.370765,96.848043
6.299169,0.213526,20.329099,7.495476,7.495476,108.182611
12.496188,0.529389,49.632948,9.566116,9.566116,153.010554
6.034723,0.176303,22.918905,4.584873,4.584873,105.813624
17.083631,0.516977,45.171637,28.836468,28.836468,176.822817
8.422596,0.201462,25.431957,6.943782,6.943782,116.886745
9.267848,0.170425,25.968136,9.634831,9.634831,122.171235
5.283090,0.299075,18.122691,10.327724,10.327724,113.874551
6.726388,0.233403,17.268688,9.435098,9.435098,129.399133
10.273998,0.364956,33.461906,9.288827,9.288827,133.926682
5.106837,0.167322,15.606482,9.762208,9.762208,107.133504
3.738603,0.204234,13.304843,10.496198,10.496198,105.481534
3.893421,0.143223,12.392695,12.319474,12.319474,100.614434
5.780473,0.158637,39.001894,10.096268,10.096268,143.459237
10.307324,0.271933,42.200230,9.448793,9.448793,153.768907
13.364770,0.354400,49.821583,10.136051,10.136051,178.013781
8.048726,0.225060,25.660931,12.084838,12.084838,136.829679
8.856905,0.221969,35.480573,15.075934,15.075934,157.119524
8.331613,0.228044,30.616555,11.758676,11.758676,157.085273
9.902921,0.245480,28.395758,12.491935,12.491935,158.582047
7.740501,0.192539,28.765879,13.069669,13.069669,146.423386
7.160339,0.164318,26.215884,12.261646,12.261646,138.951801
10.206983,0.233580,28.571619,14.527093,14.527093,155.173496
8.292472,0.178474,29.177369,11.460816,11.460816,154.200521
18.023666,0.673007,30.302941,10.857034,10.857034,174.039423
7.306376,0.210448,23.645143,13.152491,13.152491,142.637885
8.999899,0.281928,42.819891,11.943998,11.943998,177.167537
6.294566,0.198578,21.895690,14.364657,14.364657,187.597559
7.382271,0.236371,28.418352,11.382373,11.382373,152.812318
6.636301,0.179812,24.044971,12.192146,12.192146,156.012462
7.638191,0.230844,24.224840,10.687592,10.687592,161.653699
6.986047,0.178174,30.946072,9.274099,9.274099,162.688960
7.038527,0.257732,31.588156,11.433783,11.433783,171.687844
8.304767,0.230300,30.605678,8.652701,8.652701,168.210396
8.024195,0.207843,31.259975,6.930679,6.930679,167.402717
9.059716,0.224890,32.534104,9.270827,9.270827,175.045452
7.090942,0.223705,21.576116,7.728023,7.728023,164.585095
7.868902,0.241657,23.461344,7.156648,7.156648,160.470363
6.515192,0.188680,20.707068,6.946978,6.946978,160.531941
8.185691,0.281688,24.554230,7.112260,7.112260,160.404094
5.727027,0.146092,17.243096,6.758473,6.758473,160.724933
6.151646,0.138641,18.646606,5.576539,5.576539,142.531472
8.992493,0.244823,27.474026,6.018638,6.018638,158.785639
6.902113,0.247292,23.306227,7.186198,7.186198,144.014662
8.646312,0.283956,25.705302,6.636191,6.636191,147.364886
11.399479,0.304980,33.152391,7.366067,7.366067,164.027058
7.991887,0.336673,29.687027,5.029914,5.029914,160.517015
5.353898,0.206170,18.448651,7.790098,7.790098,138.038139
9.702413,0.339910,24.608677,6.508795,6.508795,142.600862
11.034207,0.348933,27.578646,5.751090,5.751090,149.276059
9.241375,0.349349,25.698624,7.249645,7.249645,146.724732
9.188340,0.262218,27.777038,6.269233,6.269233,163.052232
7.588116,0.237575,22.107660,5.502049,5.502049,138.414755
8.432011,0.229354,24.129830,6.360484,6.360484,138.531787
7.212289,0.219244,19.195766,6.365459,6.365459,67.697362
7.934638,0.223124,21.860231,8.448805,8.448805,143.891273
6.683074,0.246096,21.461061,4.869351,4.869351,63.959736
7.910073,0.189428,21.040493,7.146590,7.146590,74.783317
5.627239,0.136304,16.863463,5.245270,5.245270,55.790526
8.188194,0.160093,22.991064,4.876045,4.876045,67.177923
6.981175,0.138639,21.230915,4.750992,4.750992,65.089554
7.239315,0.128051,24.512590,7.646039,7.646039,72.204602
7.979174,0.129871,25.176496,7.626483,7.626483,73.771249
7.274574,0.104199,22.243194,8.646364,8.646364,127.192062
11.973426,0.216136,32.524247,10.728922,10.728922,136.881066
6.457703,0.145551,25.979135,10.910303,10.910303,133.584025
7.588945,0.198809,31.649092,11.592979,11.592979,127.212584
14.285236,0.426949,41.702791,18.194193,18.194193,150.565022
16.584150,0.710346,44.150737,16.031263,16.031263,164.098337
14.995599,0.484334,48.010644,10.704558,10.704558,169.542202
8.986542,0.237262,29.564006,16.560098,16.560098,136.514212
7.311701,0.145684,27.983376,13.289122,13.289122,136.945824
7.024378,0.185855,23.273349,9.260443,9.260443,133.070763
7.341528,0.155015,31.246887,9.950776,9.950776,151.100429
7.965855,0.200830,25.834921,12.498119,12.498119,152.530567
9.109604,0.251526,30.515027,8.494867,8.494867,143.179031
6.957031,0.146265,20.789551,8.701798,8.701798,135.529942
7.028830,0.175285,22.419375,10.303770,10.303770,133.676418
7.110847,0.154490,21.280056,8.641006,8.641006,134.768580
6.875859,0.136063,20.722605,6.618937,6.618937,123.930105
7.543536,0.135973,25.648840,9.522802,9.522802,149.417196
7.669057,0.116014,19.385987,9.327395,9.327395,137.784567
13.315895,0.196219,35.269701,7.855379,7.855379,163.268889
13.073883,0.237899,38.779051,6.963021,6.963021,173.587391
10.238542,0.166726,22.500689,13.049857,13.049857,151.218422
7.568531,0.207176,22.251303,9.106423,9.106423,132.464586
7.103870,0.180225,21.407490,9.372413,9.372413,134.693548
7.733746,0.166282,17.447257,10.129012,10.129012,134.013503
11.742053,0.274126,30.225679,8.362770,8.362770,151.491643
8.864417,0.242877,26.150953,8.126515,8.126515,139.441622
8.472496,0.161091,16.998001,7.756203,7.756203,80.475407
5.546327,0.165306,19.703355,7.293976,7.293976,77.106749
6.950665,0.137812,27.142462,9.340367,9.340367,140.410096
6.778199,0.167760,25.744318,5.721094,5.721094,133.765111
8.043394,0.174443,29.644352,7.187355,7.187355,164.634648
8.718648,0.219605,29.903640,10.695279,10.695279,147.214804
6.704337,0.163679,27.741818,10.592199,10.592199,149.025888
6.543493,0.179570,25.724620,8.398566,8.398566,140.843895
5.840066,0.194166,23.425759,11.105143,11.105143,142.158453
5.218510,0.172211,18.607190,6.014590,6.014590,130.083545
3.583649,0.174876,15.071985,5.470891,5.470891,129.080674
2.632792,0.197480,10.972857,6.160440,6.160440,67.385327
3.844043,0.170197,13.067348,5.488814,5.488814,66.133336
4.066995,0.115084,12.816465,4.768599,4.768599,125.745313
1.924390,0.102143,6.718270,6.487634,6.487634,49.394532
3.253001,0.094943,9.885287,6.495528,6.495528,48.656098
5.132089,0.060101,12.269004,6.976874,6.976874,121.595930
6.885337,0.150915,24.847362,9.450142,9.450142,132.883002
12.516634,0.384176,44.564592,9.570353,9.570353,166.162474
13.075400,0.415498,45.807510,7.750856,7.750856,183.269851
7.396514,0.208398,29.156890,8.229074,8.229074,137.939582
14.224430,0.328390,49.284051,8.295217,8.295217,182.429654
14.004995,0.332030,45.356053,9.243198,9.243198,178.550414
8.079311,0.205973,30.514086,13.576104,13.576104,144.355928
9.611472,0.189927,28.797959,10.780320,10.780320,138.838425
6.867359,0.124919,24.386014,9.621459,9.621459,131.866166
7.501914,0.163920,21.272162,9.026448,9.026448,133.268425
7.438330,0.155074,23.261662,10.077658,10.077658,131.674524
8.666723,0.138982,22.218691,10.175948,10.175948,135.600028
7.772262,0.160275,22.103920,8.759494,8.759494,130.984452
7.266629,0.143192,18.758885,6.942462,6.942462,116.757206
14.577646,0.357313,27.798170,8.682951,8.682951,119.165982
11.412924,0.241908,37.188478,7.563974,7.563974,113.557458
6.589019,0.143735,26.745976,8.377202,8.377202,92.778420
7.011918,0.156982,27.692347,8.481467,8.481467,127.819323
14.023226,0.280587,32.054133,7.352831,7.352831,141.450515
11.837495,0.273747,37.321921,7.615432,7.615432,141.840073
12.142283,0.233770,37.021673,5.412682,5.412682,152.577267
9.573069,0.239362,32.722098,7.505118,7.505118,144.316730
12.659071,0.219990,33.292622,8.964055,8.964055,144.131724
15.583230,0.261318,38.296985,7.864317,7.864317,156.757935
8.196545,0.138740,24.271709,9.442755,9.442755,125.710980
16.081609,0.273963,40.982899,11.444034,11.444034,161.082478
10.147434,0.144162,22.404506,6.888366,6.888366,141.770661
10.468671,0.235156,27.001269,10.694182,10.694182,153.600895
10.130644,0.210098,24.664987,6.543157,6.543157,124.576237
13.008375,0.261667,24.686264,9.621102,9.621102,132.938246
8.524609,0.230958,22.655932,7.445155,7.445155,123.415378
8.025908,0.198377,20.895129,7.323331,7.323331,132.844145
10.665634,0.335040,31.407549,3.898051,3.898051,133.638758
8.154569,0.282729,18.953716,6.104755,6.104755,122.056920
8.516443,0.321343,25.984306,8.552331,8.552331,88.181180
4.194864,0.124415,11.207051,4.244904,4.244904,57.578478
5.320325,0.163781,14.801735,7.496666,7.496666,99.840080
3.133046,0.146199,8.747296,3.999249,3.999249,47.744192
3.282435,0.120051,10.811334,4.315552,4.315552,58.340939
2.978918,0.080684,8.580034,4.170361,4.170361,44.960047
3.316641,0.081444,7.885805,3.776440,3.776440,43.601910
2.957695,0.077688,5.688149,5.457144,5.457144,39.350053
2.056463,0.065205,6.216638,4.157983,4.157983,50.279826
2.192641,0.036239,8.145836,4.842768,4.842768,50.518892
1.781428,0.033416,6.651793,4.012720,4.012720,59.311976
0.847840,0.042878,2.801984,3.859848,3.859848,28.489981
2.880050,0.065152,9.071035,4.876438,4.876438,55.810655
6.470996,0.078568,17.288845,4.378978,4.378978,54.656314
5.322013,0.068901,11.783391,4.546084,4.546084,42.050699
8.564605,0.170366,26.275650,7.325448,7.325448,114.444060
6.103140,0.131213,16.109603,7.023106,7.023106,56.972568
7.418270,0.215229,26.020384,8.467286,8.467286,70.650096
6.345962,0.157140,15.837401,5.530493,5.530493,56.678650
6.188569,0.200096,13.262120,6.489120,6.489120,58.585907
4.774122,0.127459,14.639271,6.189607,6.189607,81.080503
4.322984,0.081534,16.720944,7.116382,7.116382,52.255108
6.768781,0.145623,23.651442,6.905600,6.905600,72.938945
5.725734,0.103383,18.933558,6.867435,6.867435,72.778661
7.058559,0.149372,26.870491,8.679232,8.679232,100.284720
5.852910,0.129943,24.708028,10.055713,10.055713,102.938060
7.069099,0.129639,23.015906,10.066133,10.066133,100.409238
6.338077,0.145104,26.549224,8.041101,8.041101,104.905086
6.609323,0.143543,21.870817,8.784326,8.784326,100.811657
7.145645,0.139630,24.647732,8.300460,8.300460,104.961076
6.665365,0.102651,23.047803,7.228505,7.228505,97.603392
11.459022,0.173993,32.886884,7.870856,7.870856,119.057280
7.789562,0.154957,19.137006,11.065082,11.065082,96.015215
10.200618,0.119575,18.685480,7.941457,7.941457,97.291133
6.312215,0.111776,19.896928,12.092710,12.092710,100.949785
10.296604,0.236389,29.645740,8.328881,8.328881,114.203031
13.028774,0.308937,37.467362,7.129736,7.129736,127.537334
11.573827,0.169437,24.197700,9.875209,9.875209,109.678855
13.301218,0.359930,38.297086,5.578853,5.578853,126.769410
14.609463,0.264674,49.166667,8.869253,8.869253,143.764554
13.021454,0.166000,33.351435,8.820153,8.820153,130.220330
8.430199,0.131245,25.684562,6.469516,6.469516,108.781961
8.123504,0.126743,19.650326,10.609326,10.609326,102.252212
6.782011,0.107510,18.016283,8.396015,8.396015,88.806355
6.869545,0.076544,15.848764,10.982719,10.982719,90.842949
7.081096,0.081902,17.558690,8.437739,8.437739,89.178531
10.021337,0.105054,23.702454,10.665539,10.665539,95.477527
6.503058,0.055435,16.964565,7.487961,7.487961,77.310001
6.981109,0.054559,18.143732,9.992836,9.992836,92.391472
6.323531,0.044727,13.680660,10.252315,10.252315,83.819145
8.593507,0.046916,14.119648,8.828521,8.828521,99.192534
6.598673,0.071034,18.589016,8.594692,8.594692,92.655496
11.920979,0.090410,22.215922,8.388852,8.388852,100.682286
7.264201,0.072326,17.060158,8.467466,8.467466,88.533515
7.000886,0.082986,14.445895,9.501604,9.501604,81.939897
7.428988,0.069249,13.794725,5.271587,5.271587,77.639396
5.653323,0.060003,14.041397,7.539838,7.539838,78.164453
7.841744,0.094042,15.931909,6.377784,6.377784,71.200117
5.545710,0.066736,12.018561,9.010919,9.010919,56.766460
6.823180,0.049423,17.932735,6.405128,6.405128,67.457081
6.573954,0.033252,10.491318,6.884333,6.884333,53.011962
8.747188,0.069966,25.312800,5.660833,5.660833,76.437356
8.688709,0.088465,23.831829,7.389633,7.389633,81.857188
7.742401,0.020475,12.901990,7.749410,7.749410,54.365747
7.302938,0.021895,14.537441,7.313465,7.313465,53.429416
9.697884,0.033537,19.879627,6.301391,6.301391,65.457442
9.638728,0.023016,18.139595,8.054858,8.054858,63.531688
