#Stereo rect[ms], MP culling[ms], MP creation[ms], LBA[ms], KF culling[ms], Total[ms]
6.767633,0.029763,0.307387,0.009346,0.009346,7.121619
4.796056,0.031160,0.259092,0.001738,0.001738,5.089311
7.389646,0.149024,1.379610,0.151787,0.151787,14.803758
4.425703,0.054378,0.776931,0.119449,0.119449,10.289233
5.016627,0.066142,0.989958,0.117560,0.117560,10.350601
8.141334,0.115534,10.577360,0.269867,0.269867,29.232182
7.273985,0.192199,16.666272,0.420881,0.420881,47.897661
8.500136,0.269837,19.532075,0.340297,0.340297,57.936792
7.396228,0.478683,14.288896,0.543847,0.543847,50.201254
9.362021,0.255048,27.489421,38.773466,38.773466,106.501401
8.517522,0.213014,17.287489,0.886479,0.886479,62.450718
6.211034,0.104487,10.848026,0.888433,0.888433,54.771809
6.465600,0.089308,16.199138,0.773211,0.773211,62.108883
7.539328,0.104828,14.610337,0.794090,0.794090,73.717393
7.787425,0.132844,15.125796,1.225677,1.225677,71.563590
8.359878,0.107729,13.635694,1.141576,1.141576,81.174845
10.050184,0.242252,17.976390,1.569376,1.569376,88.652083
9.760321,0.138418,17.339211,1.458905,1.458905,95.581468
7.107742,0.100598,17.304520,2.388114,2.388114,95.826044
8.090086,0.060502,15.277409,2.289177,2.289177,95.949263
8.634245,0.069543,17.967172,1.883976,1.883976,114.904425
8.882395,0.083681,16.360641,2.898000,2.898000,119.702565
9.032504,0.108320,18.374940,3.841228,3.841228,140.405421
9.031699,0.138794,16.095653,2.998486,2.998486,107.849145
8.139928,0.085106,14.416090,3.288781,3.288781,108.292896
10.421253,0.093642,25.489494,2.631644,2.631644,124.002094
8.934868,0.066894,25.854022,2.780230,2.780230,110.911300
6.698110,0.061163,21.702122,2.685343,2.685343,119.434655
7.773650,0.106407,22.267454,2.623649,2.623649,122.846646
7.069891,0.132627,21.409889,2.421443,2.421443,110.664905
7.080119,0.169825,20.740874,2.613524,2.613524,121.434904
7.606104,0.146763,20.491730,2.404954,2.404954,237.237644
8.371978,0.145884,19.048684,2.536148,2.536148,109.549040
7.798921,0.080674,24.533552,2.662958,2.662958,114.115174
7.951657,0.173604,24.099004,2.908522,2.908522,128.059051
7.961016,0.134283,22.189747,2.709535,2.709535,119.420391
8.399956,0.142406,21.240918,3.061143,3.061143,142.264515
8.747413,0.145138,23.873975,3.810789,3.810789,127.099167
8.347636,0.121051,23.333604,2.544083,2.544083,125.577606
16.240947,0.221789,34.955774,2.898119,2.898119,137.577010
8.020907,0.087376,21.106758,2.477627,2.477627,142.642304
9.281522,0.144837,27.252381,3.541411,3.541411,138.633198
7.864993,0.111942,25.143327,1.995479,1.995479,127.063234
7.885725,0.144831,22.303240,3.219648,3.219648,126.745983
8.302303,0.173317,22.279630,2.081127,2.081127,124.561282
10.200205,0.137404,22.657849,5.515762,5.515762,142.631838
8.106120,0.124669,19.792422,3.616984,3.616984,135.946319
9.546283,0.109897,20.877617,3.130894,3.130894,148.068664
8.269570,0.113656,24.762613,4.152297,4.152297,135.967584
10.128512,0.127960,29.584156,4.410112,4.410112,152.876279
9.726093,0.110528,22.040379,2.770930,2.770930,133.713695
10.562690,0.160148,28.725125,4.522171,4.522171,154.767755
8.123487,0.122162,20.927321,4.022636,4.022636,136.805586
7.171817,0.122457,18.426010,2.435827,2.435827,131.701075
7.481257,0.121251,18.025213,3.968581,3.968581,142.136443
5.314287,0.063279,14.326711,2.422412,2.422412,88.317901
5.548029,0.053714,13.891421,3.388791,3.388791,76.146246
6.140176,0.080018,13.892803,4.196674,4.196674,81.653037
3.892552,0.008604,0.095412,0.001851,0.001851,3.999363
7.087356,0.072452,0.686622,0.002873,0.002873,7.851017
5.661757,0.098668,0.855139,0.288794,0.288794,13.133308
4.709170,0.071539,1.152962,0.173069,0.173069,10.285750
6.883500,0.042452,1.563847,0.476053,0.476053,19.212188
5.384529,0.019406,0.821454,0.262110,0.262110,11.768737
7.435739,0.027256,2.010944,0.600291,0.600291,18.845379
4.208371,0.012012,0.960888,0.348599,0.348599,10.065175
4.257392,0.006742,1.133665,0.381754,0.381754,13.792935
7.984031,0.025566,2.756261,52.440656,52.440656,76.735912
8.018763,0.023289,3.372292,1.022796,1.022796,38.250040
4.577109,0.002078,1.497673,0.582338,0.582338,37.644920
9.257700,0.006497,4.396783,0.410745,0.410745,61.890649
7.616958,0.022950,0.224259,0.002444,0.002444,7.868122
6.927506,0.061492,0.713542,0.002633,0.002633,7.707150
4.036775,0.042193,0.378571,0.145303,0.145303,7.820898
6.192925,0.036788,0.938818,0.482053,0.482053,13.868999
7.175057,0.028820,1.378067,0.408614,0.408614,15.246926
5.362824,0.016996,0.705351,0.291800,0.291800,11.701731
5.789534,0.011461,0.760656,0.305511,0.305511,10.752684
7.737934,0.011663,2.189887,0.681472,0.681472,21.198032
5.293496,0.009041,1.459680,0.434884,0.434884,12.906725
7.489901,0.017993,2.949107,54.173343,54.173343,78.244561
8.085462,0.020599,3.387915,0.688984,0.688984,55.211267
6.397287,0.028300,0.333173,0.003843,0.003843,6.764659
5.004788,0.046867,0.426019,0.002484,0.002484,5.481538
4.482431,0.084966,1.713608,0.225171,0.225171,11.064747
8.248955,0.207482,7.380074,0.606087,0.606087,34.202832
5.207696,0.137708,3.391493,0.456506,0.456506,18.925238
5.090152,0.129128,8.552747,0.823868,0.823868,41.368309
5.818559,0.177585,8.642295,0.832661,0.832661,41.792377
10.444831,0.241042,19.165393,1.064743,1.064743,69.162389
7.157808,0.170220,21.788165,1.010610,1.010610,69.670586
10.570693,0.271507,21.575417,107.765995,107.765995,173.216081
7.182922,0.135462,15.316189,1.053189,1.053189,71.535459
7.605164,0.111092,12.622985,1.107599,1.107599,67.064584
6.714966,0.170824,13.344518,1.310985,1.310985,84.052314
6.737291,0.156280,15.966626,1.360596,1.360596,76.566621
7.735608,0.135197,15.186745,1.371220,1.371220,122.959313
7.951570,0.159997,20.955053,1.414219,1.414219,97.820109
8.513190,0.111462,20.019224,1.836916,1.836916,107.413277
7.485915,0.137021,19.543538,1.854134,1.854134,122.807818
9.554601,0.164401,23.295848,2.054017,2.054017,128.020765
7.860316,0.153005,19.900634,1.942211,1.942211,131.704009
8.404925,0.188171,21.096851,2.436889,2.436889,129.791350
7.737429,0.200165,21.225189,3.090429,3.090429,131.506011
7.895855,0.200339,17.825859,3.062169,3.062169,131.105308
9.879669,0.222409,22.800321,3.449322,3.449322,157.467051
7.405043,0.161539,19.522060,3.302305,3.302305,130.654140
7.362157,0.180022,20.508211,3.458645,3.458645,139.943693
7.307588,0.200623,23.165366,3.548273,3.548273,136.120443
6.914613,0.154017,21.018746,3.776773,3.776773,140.500056
6.549858,0.158905,24.031219,3.290657,3.290657,423.652369
6.004938,0.245421,18.110916,3.944580,3.944580,150.959154
5.985875,0.167786,20.853432,3.030214,3.030214,119.328757
6.931180,0.253649,17.543512,5.400280,5.400280,152.504475
5.765022,0.272570,16.439600,2.272671,2.272671,113.751073
7.712524,0.284711,21.894334,2.584366,2.584366,126.759810
6.538928,0.209872,17.299608,2.765804,2.765804,132.862990
5.915300,0.175079,16.323566,5.009483,5.009483,162.976846
7.537019,0.185015,17.349093,3.665764,3.665764,134.327222
5.784646,0.174969,19.517439,2.833112,2.833112,135.060532
7.520650,0.165724,17.735409,5.047539,5.047539,142.687847
5.906624,0.161301,17.210262,3.643370,3.643370,128.683971
5.934908,0.161766,16.368457,3.007024,3.007024,182.426739
5.654842,0.179024,19.294806,4.338462,4.338462,129.374712
6.398311,0.157305,19.512234,4.537457,4.537457,135.159474
7.021656,0.225563,19.118382,3.838185,3.838185,133.394215
6.410159,0.202399,15.602663,2.400625,2.400625,166.268977
5.857424,0.173492,16.055404,2.073479,2.073479,125.437836
6.624068,0.204015,15.934832,2.167219,2.167219,146.846131
6.295394,0.206700,20.643027,2.443607,2.443607,143.109148
5.912479,0.259077,15.314688,4.212576,4.212576,149.176503
5.476694,0.354189,15.475665,2.099194,2.099194,139.189355
7.045970,0.209845,17.440529,2.415212,2.415212,131.037245
6.843510,0.212664,17.803261,1.711486,1.711486,134.872766
5.998907,0.162766,18.556830,3.097591,3.097591,135.019454
6.136231,0.146065,17.304096,2.328358,2.328358,156.099626
6.355328,0.124814,16.169617,3.457813,3.457813,148.898911
7.060568,0.191126,17.104265,3.494539,3.494539,192.259197
6.530363,0.158179,16.771022,2.632358,2.632358,147.982817
6.955215,0.118997,20.332304,3.089169,3.089169,189.340359
6.955346,0.177110,16.381184,2.221696,2.221696,157.741009
6.700361,0.115878,16.894227,2.683350,2.683350,133.403338
6.885283,0.165849,17.380836,2.707286,2.707286,132.400292
7.970398,0.224120,20.857908,4.172761,4.172761,147.454043
7.021004,0.202113,18.533886,2.692347,2.692347,137.966308
7.221037,0.174682,17.847212,2.330410,2.330410,185.583182
7.504068,0.233975,19.225102,4.644097,4.644097,146.704182
6.792487,0.155677,22.180037,3.813657,3.813657,159.168793
8.075244,0.159968,20.772496,3.723446,3.723446,138.325830
9.555666,0.289644,19.156633,3.647803,3.647803,144.457707
6.697824,0.185473,20.454480,7.465170,7.465170,146.500884
6.668172,0.158155,20.009072,4.572976,4.572976,138.157420
7.084333,0.163996,22.133060,6.213055,6.213055,146.422253
8.054413,0.168696,20.465453,4.488785,4.488785,149.775554
6.985092,0.212836,18.689661,5.560040,5.560040,147.587256
6.910166,0.181161,18.222749,5.177226,5.177226,141.332147
7.125354,0.200499,19.687541,6.282497,6.282497,145.104239
7.498390,0.185204,20.485141,5.431952,5.431952,140.229609
7.124144,0.221350,21.220187,6.270342,6.270342,142.391932
7.352884,0.243717,20.782967,5.589814,5.589814,142.858490
7.503507,0.214368,21.058066,4.480674,4.480674,147.000399
6.662031,0.240981,19.660628,3.896853,3.896853,143.255699
7.318519,0.204772,20.227973,4.187107,4.187107,148.783612
6.749243,0.229827,20.741169,3.216157,3.216157,155.050470
7.665164,0.204091,20.078534,4.916413,4.916413,144.692221
7.614268,0.198042,20.750945,7.636486,7.636486,145.409386
6.907264,0.173893,21.292833,4.746289,4.746289,150.327410
7.371541,0.153459,21.826336,7.614412,7.614412,154.893208
7.640304,0.200462,22.169650,4.842890,4.842890,153.412830
6.891768,0.179411,21.266978,5.730675,5.730675,151.754437
7.938100,0.201602,21.378603,4.936951,4.936951,153.714888
7.488461,0.233547,23.226679,4.481807,4.481807,190.970961
8.286476,0.224159,23.840150,5.093385,5.093385,158.316455
7.559398,0.231459,23.976783,4.069304,4.069304,818.042358
6.663988,0.452715,20.518742,6.493766,6.493766,152.774253
6.994220,0.303192,21.913360,5.825178,5.825178,150.715432
9.792822,0.434621,29.718813,6.714763,6.714763,166.352123
7.424483,0.199691,20.404141,5.576911,5.576911,151.073501
8.081512,0.238965,21.971329,8.469478,8.469478,157.204413
8.685881,0.317366,24.554147,6.322606,6.322606,160.103781
7.605922,0.229367,21.217675,8.724302,8.724302,164.945989
7.303408,0.272433,18.907898,10.211347,10.211347,164.631700
6.031033,0.204389,21.640755,7.403182,7.403182,160.882309
6.606942,0.295234,17.593488,7.715877,7.715877,157.253350
6.289324,0.350749,20.281540,5.476979,5.476979,156.306894
6.696656,0.321282,19.439563,8.101522,8.101522,160.118665
5.952871,0.324451,19.482486,7.904048,7.904048,155.941389
6.071209,0.320576,19.557991,8.702491,8.702491,158.506219
6.683263,0.451558,20.383381,6.161029,6.161029,160.624858
6.632030,0.374080,17.289795,7.879133,7.879133,160.179677
6.489368,0.334679,18.499455,8.394511,8.394511,161.120110
7.239901,0.332492,19.836551,6.955994,6.955994,165.313681
5.995343,0.316367,17.630769,8.578721,8.578721,158.446010
6.285907,0.326972,18.667096,10.434278,10.434278,197.691082
6.014727,0.350018,18.600513,6.975887,6.975887,163.186881
7.065407,0.231517,19.772785,6.897878,6.897878,168.087631
7.488457,0.356463,23.161523,8.474538,8.474538,168.737696
6.486632,0.223739,19.991870,9.470276,9.470276,165.931697
6.987753,0.385465,21.141360,8.742212,8.742212,162.740217
6.411295,0.345830,21.883215,6.445032,6.445032,164.994743
6.073754,0.331728,19.760133,7.067517,7.067517,164.326902
5.698568,0.219591,18.285739,7.943818,7.943818,158.741993
6.679043,0.441757,24.085230,8.018013,8.018013,166.467541
6.349199,0.449362,20.314190,8.653515,8.653515,162.510073
5.293295,0.234193,17.230748,7.047359,7.047359,154.979390
5.815118,0.381391,16.237726,9.532339,9.532339,155.529990
5.786510,0.274799,23.706294,5.320521,5.320521,158.005162
5.627002,0.274651,17.270990,7.998866,7.998866,157.993136
5.437573,0.256455,17.339458,10.013845,10.013845,153.998631
5.444513,0.241495,18.715488,7.599052,7.599052,153.709712
5.557203,0.237260,17.571646,8.501270,8.501270,152.780634
5.509103,0.248371,17.170134,7.390012,7.390012,160.805225
5.709475,0.267231,17.867459,9.121371,9.121371,154.069268
6.316880,0.299267,18.399974,9.749708,9.749708,160.189423
5.874536,0.306813,17.802561,8.185568,8.185568,145.781284
5.829582,0.303174,22.665733,8.681628,8.681628,159.024559
7.484417,0.346760,19.583200,8.361466,8.361466,157.150553
6.140953,0.301606,18.936021,8.148928,8.148928,157.551991
6.113529,0.287192,18.196020,6.586830,6.586830,154.121798
5.925876,0.294013,16.597428,6.444973,6.444973,162.380707
7.801497,0.508539,18.864161,5.376283,5.376283,158.004725
7.064875,0.266199,18.350270,5.181004,5.181004,167.213456
7.711543,0.412546,22.438681,4.921329,4.921329,162.965977
6.752773,0.274104,19.513153,5.628694,5.628694,171.277398
7.565660,0.358386,19.527378,6.061462,6.061462,169.879227
8.109665,0.349296,20.767199,5.697747,5.697747,165.298291
9.815639,0.368287,23.221079,6.093091,6.093091,167.149173
6.775816,0.348713,19.426208,6.000734,6.000734,161.597180
5.900205,0.255672,20.892896,7.088380,7.088380,161.628703
5.918747,0.295124,18.069302,5.080355,5.080355,161.454680
5.706150,0.242144,18.089761,5.707125,5.707125,160.869570
6.375941,0.262398,21.863824,5.421554,5.421554,167.228865
5.665951,0.294264,19.870471,8.320292,8.320292,158.320858
6.069599,0.173590,18.602936,6.276941,6.276941,161.372285
6.083597,0.200911,17.883804,7.154216,7.154216,148.232992
5.772276,0.215551,18.201821,5.330975,5.330975,93.924067
5.098189,0.230746,19.384821,5.306146,5.306146,153.787978
5.444667,0.276923,18.079157,4.916628,4.916628,138.555438
5.049445,0.230334,17.715445,4.376748,4.376748,80.805489
5.831709,0.275853,21.193951,7.420970,7.420970,144.613241
5.311228,0.225374,18.226291,6.989502,6.989502,146.047858
5.544076,0.243297,19.123763,7.021798,7.021798,141.457980
5.724403,0.223114,20.161200,7.092511,7.092511,145.227355
5.070876,0.274271,19.156584,5.330782,5.330782,135.766176
6.028624,0.270787,23.449435,5.771952,5.771952,138.507358
5.252568,0.324119,22.663749,5.848042,5.848042,140.189884
5.321624,0.301808,24.142077,7.157676,7.157676,143.825297
5.340526,0.300151,22.103034,4.075294,4.075294,136.674391
5.744004,0.346457,21.109606,7.460880,7.460880,136.215756
5.927470,0.300707,21.373134,5.448164,5.448164,143.329694
5.848057,0.292410,22.516026,5.572069,5.572069,140.386665
5.747976,0.284437,21.319774,4.170103,4.170103,135.725544
6.173851,0.417902,25.097862,8.267424,8.267424,151.503764
5.945340,0.287992,24.533397,5.474270,5.474270,157.787889
6.917980,0.316350,24.393468,7.578324,7.578324,148.738869
6.306647,0.305894,24.279791,7.541084,7.541084,151.804125
6.439160,0.252882,25.466397,8.731897,8.731897,154.848877
6.688106,0.217807,23.332282,9.199603,9.199603,154.082172
6.566544,0.216712,22.913952,6.760165,6.760165,157.564877
7.199080,0.180699,22.851323,5.678972,5.678972,155.327670
8.657414,0.227607,24.027799,7.432713,7.432713,149.205224
12.317209,0.348929,31.447351,6.311747,6.311747,162.171810
6.578886,0.206635,24.996151,9.840259,9.840259,146.021062
7.012098,0.200282,22.255924,9.038633,9.038633,141.754385
6.283479,0.188201,25.189661,7.865024,7.865024,148.978621
6.748075,0.218339,20.773115,7.858738,7.858738,141.824699
5.757686,0.203618,21.936650,9.009008,9.009008,147.520367
7.087430,0.352587,18.834353,4.714307,4.714307,139.892799
5.456836,0.286290,22.011554,8.503472,8.503472,148.791779
5.740828,0.284128,18.220541,5.886007,5.886007,139.060907
6.185164,0.316135,20.409098,5.788486,5.788486,146.534449
6.298061,0.300597,23.149194,6.555158,6.555158,147.994739
5.266243,0.251279,18.581328,4.701203,4.701203,138.365177
5.753199,0.389745,20.287954,8.546376,8.546376,146.902144
5.277473,0.264831,17.620906,6.545648,6.545648,139.065643
5.040687,0.279848,18.627567,6.870087,6.870087,146.282455
5.912289,0.284064,16.135148,5.457153,5.457153,141.281015
5.302186,0.251157,17.161370,7.560518,7.560518,144.344034
5.393844,0.379322,22.799252,7.146290,7.146290,154.778138
5.323496,0.264672,19.151821,6.367744,6.367744,155.970541
6.471419,0.244298,18.915937,6.422455,6.422455,152.555746
5.783120,0.229535,18.003559,6.279144,6.279144,157.334929
6.180421,0.231457,18.175194,5.202741,5.202741,159.762145
6.549245,0.202075,19.935935,4.651200,4.651200,156.126266
6.233900,0.212651,20.090561,5.944966,5.944966,155.758682
5.096602,0.209123,15.731299,6.119247,6.119247,147.617391
4.725591,0.210493,14.240809,6.412312,6.412312,144.988966
4.673077,0.167160,14.519940,8.246909,8.246909,155.750852
4.088377,0.157905,13.901734,4.685992,4.685992,138.300996
3.920715,0.280238,13.340818,4.741782,4.741782,139.132895
4.965327,0.177943,14.967170,4.741338,4.741338,144.932119
5.072042,0.209875,15.375907,4.693363,4.693363,140.762588
4.757911,0.278045,13.764860,4.542731,4.542731,144.585126
4.983731,0.226251,14.968008,4.456997,4.456997,142.629959
5.183033,0.270294,14.459759,4.618775,4.618775,143.015611
4.819276,0.351223,14.533406,3.060546,3.060546,142.979220
5.404982,0.252656,15.607441,4.724509,4.724509,142.116965
5.542113,0.236408,13.763511,6.227155,6.227155,149.178584
5.396829,0.187848,13.250846,5.562120,5.562120,143.206865
4.573674,0.167661,14.019677,5.417342,5.417342,140.457339
6.317605,0.150614,13.786581,3.817970,3.817970,142.440465
4.186572,0.177835,13.693642,7.166838,7.166838,146.582370
4.819278,0.139565,13.878218,5.777608,5.777608,140.680174
4.763656,0.126779,14.752927,2.722554,2.722554,139.572602
5.362248,0.126419,16.241428,5.667593,5.667593,143.255818
5.073222,0.144814,14.026256,5.283146,5.283146,143.344888
4.692648,0.170655,17.663172,5.115947,5.115947,143.624302
5.304891,0.176360,14.677045,5.923445,5.923445,143.385042
5.437153,0.127927,15.083092,6.193822,6.193822,147.028511
4.788328,0.123550,15.069607,7.262786,7.262786,152.443413
6.636250,0.196104,22.603947,4.570520,4.570520,154.114976
5.182270,0.139570,16.926810,5.660607,5.660607,161.698556
6.054062,0.204095,16.933179,6.105545,6.105545,147.240544
4.332792,0.127997,18.962681,4.232328,4.232328,166.075787
5.325664,0.186880,22.197882,5.071993,5.071993,144.317786
4.134504,0.105683,15.759476,4.354544,4.354544,136.230713
7.305889,0.250362,23.391358,5.690655,5.690655,147.859474
8.425675,0.167547,34.158611,6.298793,6.298793,167.132069
5.925844,0.112946,19.421029,4.520523,4.520523,141.200384
4.667354,0.092744,14.593173,5.259962,5.259962,130.920022
4.538325,0.096693,18.634160,4.513991,4.513991,134.273926
3.854409,0.086686,13.007556,3.570787,3.570787,128.586523
3.971052,0.090668,13.749399,6.847234,6.847234,130.038074
3.749260,0.081283,14.028774,5.416357,5.416357,129.903850
3.919004,0.087486,13.421405,4.167139,4.167139,124.688805
3.993112,0.106588,13.160447,4.975402,4.975402,115.823405
3.381227,0.092408,11.035682,3.549486,3.549486,117.867164
3.956329,0.097785,14.656732,4.792917,4.792917,123.025097
3.222867,0.077990,11.690654,4.976958,4.976958,119.937501
5.021487,0.094296,14.301138,4.065008,4.065008,117.435732
4.922778,0.086064,17.723638,5.473003,5.473003,126.792796
7.170498,0.141307,26.659515,4.822641,4.822641,136.083906
3.630422,0.065885,12.662117,4.976027,4.976027,123.481122
4.254553,0.081080,11.075054,4.242157,4.242157,121.555114
3.612356,0.073537,11.058052,5.381461,5.381461,113.556760
6.993335,0.130167,17.894591,4.246215,4.246215,129.219418
4.575558,0.089265,13.912432,5.600055,5.600055,116.432332
3.607243,0.094417,9.399772,6.221846,6.221846,109.180440
4.194787,0.124202,13.127361,5.560549,5.560549,67.092269
3.455147,0.114178,11.486330,5.801351,5.801351,65.576225
3.695068,0.091668,11.239098,6.751798,6.751798,107.698007
2.389422,0.043515,7.608630,6.392875,6.392875,95.186424
4.181045,0.074022,16.828757,5.356523,5.356523,133.496586
2.810649,0.045149,11.000910,6.881972,6.881972,104.418386
5.554860,0.074961,14.838676,6.277870,6.277870,127.556729
3.213046,0.058665,9.052883,9.711234,9.711234,100.821982
3.339451,0.130892,8.553838,6.584226,6.584226,97.100011
3.042319,0.062361,9.707882,5.529469,5.529469,93.776506
3.287855,0.055454,7.832458,6.474383,6.474383,89.610729
5.407054,0.086981,13.861456,5.525475,5.525475,102.225905
3.021882,0.070197,8.093979,5.456093,5.456093,84.264633
3.184519,0.073441,8.369890,8.304425,8.304425,89.954754
2.850871,0.052917,8.242844,5.366413,5.366413,93.729554
3.101131,0.045200,7.512784,5.229127,5.229127,84.748107
3.344176,0.048904,10.634617,6.429924,6.429924,86.855705
3.274499,0.046784,8.547381,5.311008,5.311008,89.142656
2.977239,0.038086,8.075978,6.840194,6.840194,81.225729
2.726364,0.043525,7.893511,6.884196,6.884196,56.978494
5.120015,0.067755,13.933177,8.038956,8.038956,103.870870
2.345160,0.038119,6.940240,5.748816,5.748816,42.439564
2.484463,0.051136,7.583691,6.010446,6.010446,83.966465
2.906122,0.049517,7.420347,6.844209,6.844209,44.442269
5.002751,0.074924,14.229469,6.231213,6.231213,99.228157
2.936988,0.083114,7.572679,4.618871,4.618871,78.405994
3.424806,0.057725,8.202272,5.612191,5.612191,76.325155
5.129423,0.114304,17.898992,8.205318,8.205318,103.216903
3.582409,0.072955,8.511017,5.442744,5.442744,78.516282
3.953668,0.083891,9.456098,6.366433,6.366433,80.468370
4.169773,0.109842,11.935644,5.800487,5.800487,88.330373
4.762633,0.127328,9.215978,8.538802,8.538802,89.343667
3.804758,0.105783,8.940097,5.412145,5.412145,80.211119
3.916654,0.109411,9.110142,7.625903,7.625903,83.974301
4.467296,0.140766,12.301134,6.348916,6.348916,90.707835
4.501982,0.119014,9.131091,7.666773,7.666773,84.591969
4.882593,0.129805,10.240763,6.128309,6.128309,87.103463
4.296997,0.106976,11.890443,5.536636,5.536636,85.391820
4.001778,0.114871,11.723368,6.153232,6.153232,85.632054
4.134503,0.120056,11.684542,5.841572,5.841572,85.228892
4.076528,0.115196,11.438218,7.129536,7.129536,84.182032
4.142006,0.131737,12.026881,6.005684,6.005684,87.897160
5.390546,0.117180,12.721379,6.571464,6.571464,88.912872
4.197614,0.115342,12.694688,5.749855,5.749855,89.101355
4.543324,0.094021,12.883218,8.166222,8.166222,91.546056
4.702669,0.094587,11.213956,8.337493,8.337493,90.504327
4.431966,0.100232,11.757216,6.373379,6.373379,88.310219
4.803613,0.101040,15.128111,8.527840,8.527840,101.224945
5.431809,0.091777,11.504869,8.040566,8.040566,92.735131
8.714486,0.126227,19.447869,5.609287,5.609287,110.031319
6.281587,0.156261,15.953606,8.478575,8.478575,102.011307
5.230008,0.115287,11.135006,7.845192,7.845192,93.866582
4.684909,0.090804,15.531576,7.916358,7.916358,100.043330
5.824646,0.121133,13.595023,9.522038,9.522038,99.314430
6.052567,0.095152,15.399057,7.237050,7.237050,102.768288
9.109188,0.140881,22.963454,7.345609,7.345609,119.483949
5.792193,0.145734,13.810032,7.628280,7.628280,109.436300
10.426167,0.205697,21.782007,6.687560,6.687560,122.396997
7.738362,0.225329,19.327161,8.960837,8.960837,131.168116
7.946287,0.184497,20.018109,8.667816,8.667816,123.068832
7.734515,0.257609,18.959551,6.600431,6.600431,123.402706
7.186473,0.147142,17.370911,8.028769,8.028769,131.986537
7.556573,0.154021,18.394351,8.022847,8.022847,129.184820
7.878215,0.145482,20.157622,8.732086,8.732086,129.944350
9.439016,0.277129,29.839688,7.362381,7.362381,135.970381
6.944005,0.115101,18.128342,13.554865,13.554865,137.557752
7.195603,0.127364,18.899002,6.896766,6.896766,127.948367
9.251789,0.138795,21.820258,10.202710,10.202710,137.996447
7.227925,0.134119,17.694800,9.466881,9.466881,128.270474
7.681817,0.141666,18.768813,8.897948,8.897948,136.797415
7.955940,0.153021,22.234891,12.016402,12.016402,133.198872
7.349564,0.141046,17.821993,7.143565,7.143565,124.225283
8.807667,0.154077,19.657083,10.801583,10.801583,138.548826
7.990645,0.226600,19.149309,8.158129,8.158129,134.253687
7.580893,0.147452,21.636269,9.285833,9.285833,136.290151
7.228938,0.144868,20.016394,9.155290,9.155290,133.884740
6.712800,0.170453,19.073749,7.466599,7.466599,130.900922
7.465507,0.161677,19.845220,9.291818,9.291818,136.905795
7.462550,0.210768,23.865727,8.187062,8.187062,141.677011
8.910331,0.211747,20.937025,10.337665,10.337665,143.722146
7.083347,0.219286,20.631620,9.954856,9.954856,143.468406
7.678408,0.277352,21.229875,12.119477,12.119477,149.801348
8.001432,0.292828,23.830702,8.839054,8.839054,151.836453
6.325880,0.292954,22.212469,10.221656,10.221656,153.583182
7.474120,0.282899,23.203380,8.817696,8.817696,151.823388
6.954761,0.266715,22.170876,8.220907,8.220907,154.873538
8.473360,0.442430,22.238423,10.207285,10.207285,154.369247
6.400773,0.226231,22.481372,8.412879,8.412879,159.070788
6.234198,0.222895,22.436622,10.765492,10.765492,155.994517
6.829407,0.246698,22.401807,11.478270,11.478270,162.190919
6.538626,0.223686,27.844932,10.496788,10.496788,165.998138
5.650999,0.278598,29.641836,13.748055,13.748055,170.915852
7.178191,0.262069,31.900976,8.732848,8.732848,161.788478
6.557207,0.175877,32.241651,10.397500,10.397500,165.637587
9.356370,0.407133,35.828770,15.507611,15.507611,190.427881
6.971324,0.259051,34.049788,10.378940,10.378940,195.307022
7.336264,0.227134,30.622189,13.481181,13.481181,170.443622
6.480226,0.247385,30.431646,10.964190,10.964190,170.784118
7.315801,0.225779,38.678255,12.474185,12.474185,193.729828
6.490797,0.253174,31.495928,12.303500,12.303500,182.348467
6.543613,0.306931,25.179539,12.485306,12.485306,163.354273
7.100046,0.262286,26.388787,12.355210,12.355210,168.898894
8.108840,0.219640,30.558349,9.173583,9.173583,166.745016
9.063341,0.300800,31.984359,12.332413,12.332413,177.702170
9.532411,0.224731,33.230285,10.533104,10.533104,172.336454
8.227493,0.251152,28.618238,9.834715,9.834715,173.160344
6.749677,0.275299,30.207994,10.761137,10.761137,161.089984
6.709466,0.167111,26.984403,10.601326,10.601326,171.361554
8.713968,0.347475,32.866340,12.421866,12.421866,172.252480
7.135432,0.260192,31.633487,11.045583,11.045583,185.658715
7.118734,0.230093,27.737699,9.863137,9.863137,167.975541
8.912919,0.411643,26.631150,10.632211,10.632211,173.402843
7.839072,0.244064,26.090699,10.058182,10.058182,174.488208
8.762985,0.269986,28.450595,12.595735,12.595735,175.638881
8.753853,0.377072,29.706051,10.104986,10.104986,174.809879
7.778883,0.256492,30.497309,14.043896,14.043896,196.702569
7.549617,0.266033,28.235615,11.405726,11.405726,175.868251
7.051966,0.312703,28.631185,10.335191,10.335191,172.353766
7.651386,0.362558,28.427698,6.736084,6.736084,172.245492
7.341666,0.299939,28.221908,12.486988,12.486988,191.159179
7.063857,0.413568,25.613305,8.376083,8.376083,173.915978
7.648691,0.347790,23.783953,9.289645,9.289645,169.615698
7.037463,0.384964,24.506802,8.569624,8.569624,172.367672
6.730973,0.434960,25.459642,8.852755,8.852755,174.052073
8.908937,0.429318,31.974387,14.026692,14.026692,202.387724
6.953207,0.334833,27.796592,9.486107,9.486107,177.729466
8.310724,0.494975,30.630073,11.942009,11.942009,196.928797
7.511525,0.380908,28.831186,14.397480,14.397480,198.040332
7.438569,0.295085,29.990532,10.823930,10.823930,196.103515
7.675699,0.360831,30.268898,12.518903,12.518903,193.921670
8.158009,0.283924,29.590666,14.346149,14.346149,202.800314
7.816475,0.242114,31.981166,10.711307,10.711307,196.500107
7.630963,0.240876,30.862757,14.998555,14.998555,202.588865
8.590099,0.253279,31.181231,8.921851,8.921851,191.623248
7.501168,0.257560,33.708105,11.314667,11.314667,199.056532
9.862363,0.241821,29.481343,10.234333,10.234333,204.156416
8.020629,0.198782,27.928830,12.020982,12.020982,203.202449
8.225243,0.243235,28.804168,12.310247,12.310247,210.391571
7.906482,0.206377,27.885212,13.525737,13.525737,208.858294
7.782186,0.242588,30.540027,12.203513,12.203513,208.824388
8.078784,0.190696,28.316078,10.263268,10.263268,205.708675
8.458165,0.222885,32.783785,12.629507,12.629507,210.022719
8.781116,0.192091,30.091834,14.013085,14.013085,210.105277
8.493720,0.212715,26.745007,14.087376,14.087376,205.941956
8.072594,0.231356,25.492255,16.456507,16.456507,210.517739
8.773446,0.239050,28.845054,11.950260,11.950260,207.658549
7.946957,0.248582,23.048624,12.394304,12.394304,200.191537
8.631803,0.236755,25.789326,14.479625,14.479625,208.123951
7.891428,0.177955,31.812746,16.561399,16.561399,205.603167
7.161350,0.183059,27.724642,16.536233,16.536233,202.487504
7.098266,0.248612,31.645637,13.587174,13.587174,213.912248
6.340260,0.267777,24.211871,16.042966,16.042966,143.792072
6.752214,0.192425,27.322528,14.064622,14.064622,203.736975
5.414448,0.355272,26.204716,12.486515,12.486515,118.402876
6.844741,0.334003,37.161638,15.337566,15.337566,206.259749
9.503547,0.341315,30.227766,15.883094,15.883094,208.136281
7.235068,0.250198,30.179459,18.542306,18.542306,207.209587
6.308170,0.259181,31.558978,13.128948,13.128948,199.278186
7.448096,0.256876,33.194580,13.657582,13.657582,213.686069
7.621071,0.246258,32.309242,12.693180,12.693180,210.936233
8.082792,0.240695,32.285850,15.442168,15.442168,215.552334
8.329379,0.228545,30.196803,21.642846,21.642846,214.706444
9.110897,0.188691,29.886420,14.365215,14.365215,209.645706
8.703411,0.179178,30.659571,14.410635,14.410635,221.227564
10.003811,0.224653,33.872095,17.733833,17.733833,229.220433
10.569262,0.194105,36.559534,17.448909,17.448909,232.751810
8.506249,0.196635,31.322277,14.014108,14.014108,222.609916
9.123138,0.220335,32.385958,16.725378,16.725378,227.572054
8.633188,0.235099,34.288726,16.095023,16.095023,234.948189
10.293009,0.153397,33.751882,12.813846,12.813846,258.243423
8.412128,0.176148,35.007804,13.829975,13.829975,232.638192
11.003357,0.183763,31.825651,14.076692,14.076692,225.392609
10.137585,0.192354,32.643123,12.229830,12.229830,225.356769
11.843292,0.157603,36.559291,12.311093,12.311093,229.608696
11.252005,0.267173,31.333577,12.397299,12.397299,223.187206
10.855828,0.131300,34.559634,14.410379,14.410379,226.623933
11.166571,0.109888,32.570606,12.280368,12.280368,222.793145
13.374164,0.134263,32.705762,14.845349,14.845349,229.783027
11.384978,0.105598,32.495453,14.516945,14.516945,230.791502
12.423473,0.206290,32.129700,14.897025,14.897025,253.549647
12.107612,0.101247,30.922895,13.829115,13.829115,256.755273
13.203737,0.120684,30.805749,14.760708,14.760708,252.032662
12.282858,0.217185,36.815367,13.172165,13.172165,252.615892
12.330150,0.206274,32.194578,15.938942,15.938942,253.890234
13.407426,0.107969,33.996947,16.095933,16.095933,264.030136
15.041210,0.105705,34.548328,16.085773,16.085773,264.708943
12.925899,0.178028,34.377947,18.166656,18.166656,264.721773
25.412698,0.149825,31.878893,16.171574,16.171574,276.703357
13.614051,0.120347,38.617777,20.815296,20.815296,271.213060
12.352361,0.120617,32.022418,17.578127,17.578127,257.141820
14.852415,0.232584,40.888569,15.537948,15.537948,269.580709
12.891344,0.110490,32.692691,21.307544,21.307544,265.254840
12.297717,0.122763,30.357510,17.848695,17.848695,258.033781
12.028835,0.175069,30.753464,18.413373,18.413373,258.572333
11.829538,0.147399,29.751411,19.750669,19.750669,266.625437
10.003045,0.173728,29.963801,14.217086,14.217086,252.767456
11.957296,0.188245,27.640158,17.020789,17.020789,262.406160
11.057248,0.126383,29.370475,20.768169,20.768169,258.349970
9.726635,0.149953,25.333815,18.033073,18.033073,232.795062
11.538096,0.118351,27.679625,18.519279,18.519279,231.308648
10.888271,0.131775,26.873623,21.380913,21.380913,270.680521
11.475943,0.079863,26.061719,17.861383,17.861383,225.427599
7.575816,0.112170,19.336244,20.090639,20.090639,210.824098
7.489951,0.117231,15.386690,15.834113,15.834113,116.609248
8.858719,0.060194,20.675768,14.127218,14.127218,106.171485
11.747194,0.118030,26.171706,14.874349,14.874349,116.210569
12.697866,0.201002,34.253853,13.953758,13.953758,126.886194
7.013439,0.043305,22.163706,14.083352,14.083352,99.112340
9.358914,0.078298,24.955791,16.154474,16.154474,106.740429
8.931776,0.026595,14.235186,18.422415,18.422415,172.295549
