1403637149738319104.000000 0.640460610 0.546281457 0.493671983 -0.579771101 -0.558507800 -0.395283043 0.442363799
1403637151088318976.000000 0.832461298 0.793668509 0.743928432 -0.581634283 -0.562377334 -0.422738224 0.408320695
1403637153888318976.000000 1.292660832 1.378049612 1.105528355 -0.582270920 -0.573462903 -0.409458369 0.405517936
1403637156738319104.000000 2.232023716 2.358466864 0.887856901 -0.761027277 -0.290203720 -0.524246037 0.248566493
1403637159488318976.000000 4.838716507 1.543834686 0.638956130 -0.802879870 -0.170917258 -0.546638548 0.165401086
1403637160988318976.000000 6.492160320 0.428085744 0.384960532 0.829290986 -0.021742305 0.558345497 0.007361585
1403637163388318976.000000 7.932718277 -1.937425137 0.549241006 0.753317833 -0.227287322 0.598419011 0.150822401
1403637166138319104.000000 4.830786705 -5.473689079 0.637626827 0.748199701 -0.340007037 0.484029830 0.300512314
1403637168038319104.000000 4.801233768 -4.946873188 0.361823648 0.779472828 -0.287858367 0.513466120 0.214271203
1403637170738319104.000000 7.051084518 -0.882346630 -0.307315767 -0.761108518 -0.098815084 -0.636768103 0.073999219
1403637173188318976.000000 4.692161560 2.025240898 -0.335345447 -0.836923540 -0.163523555 -0.492518961 0.173908293
1403637173588318976.000000 4.423382759 2.074300766 -0.407969207 -0.836089253 -0.070176572 -0.528913856 0.127593905
1403637173988318976.000000 4.367793560 1.965672493 -0.538652182 0.857846916 -0.007425425 0.506205320 -0.088316150
1403637174238319104.000000 4.462777138 1.801890731 -0.532525957 -0.820687652 -0.006711113 -0.569918156 0.040248413
1403637177088318976.000000 3.376705885 -1.980767608 -0.257018030 0.813478112 -0.180612653 0.545662999 0.088793792
1403637179688318976.000000 4.353814125 -4.307030201 -0.540996790 0.775100946 -0.241538867 0.548343599 0.200491145
1403637182088318976.000000 7.125536919 -1.941344023 -0.354348630 0.755896270 -0.277706772 0.554703891 0.209292755
1403637183838319104.000000 7.394981384 0.793496788 -0.110968061 0.725828171 -0.316384107 0.595591545 0.135444865
1403637184038319104.000000 7.141616344 1.032525897 -0.147631317 0.730454147 -0.329384536 0.586597562 0.117668748
1403637185038319104.000000 5.430437565 1.565356970 -0.304717928 0.790676653 -0.301544636 0.508054018 0.160569459
1403637185338319104.000000 5.007150173 1.546553373 -0.274880528 0.797651708 -0.301718920 0.496565193 0.161680475
1403637185838319104.000000 4.504969120 1.342448592 -0.094328187 0.782815695 -0.287622988 0.518439233 0.188927010
1403637186338319104.000000 4.166427612 1.075838327 0.050176218 0.770130038 -0.281711102 0.537251115 0.197230279
1403637186688318976.000000 3.970613003 0.906047344 0.226415366 0.762887120 -0.292339593 0.545687497 0.186456606
1403637187538319104.000000 3.406208277 0.343720943 0.346153498 0.775839627 -0.319887787 0.511526406 0.184622303
1403637188038319104.000000 3.127068996 -0.177352205 0.293091655 0.778683484 -0.324989140 0.501475692 0.191196606
1403637188538319104.000000 2.997706890 -0.792824745 0.181884110 0.756692052 -0.310616851 0.531544149 0.219989181
1403637190138319104.000000 2.501839638 -2.723792315 -0.231941551 0.724166393 -0.369847745 0.523451269 0.254547536
1403637191938319104.000000 1.699323654 -4.159579277 -0.064675137 0.754471719 -0.325140804 0.510185540 0.254492581
1403637192288318976.000000 1.614346385 -4.283033848 0.062257431 0.766213238 -0.327946544 0.488528371 0.258279830
1403637192788318976.000000 1.697682023 -4.409870625 0.229157716 0.764717996 -0.348573983 0.489517212 0.232541323
1403637193638319104.000000 2.134526730 -4.771256447 0.457167089 0.756707311 -0.341735870 0.504000723 0.237894908
1403637193888318976.000000 2.303834677 -4.922523975 0.533084035 0.759197235 -0.336191505 0.500923634 0.244275272
1403637194138319104.000000 2.498616934 -5.063057899 0.577696383 0.750116885 -0.333874434 0.514037132 0.248230174
1403637194388318976.000000 2.707858324 -5.186432362 0.574175239 0.752741516 -0.337833554 0.509662807 0.243910789
1403637197188318976.000000 5.737606525 -4.782287598 0.615796506 0.736570537 -0.287414640 0.559350252 0.248965964
1403637199988318976.000000 6.269640923 1.733045578 0.951541901 -0.722682595 -0.232629746 -0.604547381 0.241113842
1403637202888318976.000000 3.820658445 2.669488192 0.581093907 -0.754706502 -0.319380194 -0.524538398 0.230811521
1403637205638319104.000000 3.999583006 1.797267795 0.507709324 -0.746290505 -0.331299275 -0.531416059 0.225584328
1403637208138319104.000000 3.454263210 1.604444861 0.594035327 -0.752612889 -0.321696609 -0.527135134 0.228503361
1403637209138319104.000000 3.311247587 1.428621054 0.642551363 -0.741619766 -0.333445370 -0.543980241 0.207122862
1403637211888318976.000000 4.437837124 4.055915356 0.058813564 -0.757113397 -0.351537317 -0.480091780 0.269653201
1403637212288318976.000000 4.909755230 4.626201153 0.030761257 -0.733102560 -0.351043224 -0.517851412 0.266757101
1403637212488318976.000000 5.141380310 4.887378216 0.052385308 -0.731886864 -0.349348187 -0.521718144 0.264778703
1403637212688318976.000000 5.360344410 5.129434586 0.088854074 -0.742506921 -0.352654696 -0.508825779 0.255762726
1403637212888318976.000000 5.578344345 5.369252205 0.135764271 -0.744946718 -0.358046293 -0.505756021 0.247119695
1403637213088318976.000000 5.794603348 5.612681389 0.190789267 -0.743455827 -0.361884475 -0.505746067 0.246036634
1403637213288318976.000000 6.007138252 5.860528469 0.228081137 -0.744343579 -0.361458689 -0.501782358 0.252021343
1403637213688318976.000000 6.422896385 6.353663921 0.242399514 -0.732160747 -0.371115565 -0.518385887 0.239770696
1403637213938319104.000000 6.651593208 6.661596298 0.207363516 -0.730709255 -0.380039930 -0.518638432 0.229451180
1403637214138319104.000000 6.806805134 6.926488400 0.185556114 -0.721871376 -0.379900843 -0.522572994 0.247981310
1403637214338319104.000000 6.936183929 7.196974754 0.192909732 -0.704573512 -0.395093173 -0.521537662 0.274728924
1403637214588318976.000000 7.051881313 7.516376019 0.236167684 -0.661059797 -0.449725956 -0.524981201 0.291789800
1403637214788318976.000000 7.089940548 7.753745556 0.295303106 -0.629587591 -0.482370347 -0.532022536 0.296463042
1403637216638319104.000000 5.250457764 8.517824173 0.679036975 -0.533556998 -0.576589644 -0.409983486 0.463438094
1403637216938319104.000000 4.916759491 8.347899437 0.699814975 -0.527391851 -0.560924172 -0.427095771 0.474142462
1403637217388318976.000000 4.516536236 7.879873276 0.745575905 -0.563784838 -0.548211992 -0.392158389 0.477307081
1403637217688318976.000000 4.360058308 7.478353024 0.710998595 -0.544612527 -0.558732212 -0.403555453 0.477868676
1403637217938319104.000000 4.273838997 7.085715771 0.692950666 -0.489933103 -0.605282307 -0.404733717 0.479363680
1403637218188318976.000000 4.195689201 6.628872871 0.701523125 -0.470362872 -0.632941484 -0.376869470 0.485914886
1403637218488318976.000000 4.112656116 6.028864861 0.680989623 -0.462119937 -0.640935540 -0.370086610 0.488551736
1403637218738319104.000000 4.046545029 5.493020535 0.669931948 -0.467809200 -0.644481421 -0.366632551 0.481018543
1403637219388318976.000000 3.829684258 3.997040749 0.488115788 -0.470107555 -0.652309358 -0.376021713 0.460542172
1403637220938319104.000000 2.795198441 0.959180236 0.816015482 -0.510668814 -0.648366868 -0.331723779 0.456943214
1403637223488318976.000000 2.174915314 -0.565833211 0.576452136 -0.622937620 -0.538347006 -0.425247610 0.375893176
1403637224988318976.000000 2.158432245 -0.469086796 0.621756911 -0.612175703 -0.534969032 -0.438022852 0.383646935
1403637227188318976.000000 1.641496539 -0.644926608 0.641511321 -0.628576100 -0.530665159 -0.409811080 0.394133836
1403637227688318976.000000 1.550368071 -0.591606140 0.661908388 -0.628571749 -0.533654451 -0.417317688 0.382042617
1403637228188318976.000000 1.526357889 -0.514627755 0.597855866 -0.610505760 -0.529809773 -0.441943079 0.388935447
1403637229188318976.000000 1.418269992 -0.557082534 0.631368816 -0.606346667 -0.537694097 -0.445004016 0.381051630
1403637229938319104.000000 1.327633858 -0.670048535 0.494286805 -0.701594949 -0.431881249 -0.477142245 0.305906028
1403637230538319104.000000 1.358080626 -0.679773092 0.435131669 -0.739122868 -0.344817877 -0.525320530 0.242562249
1403637230988318976.000000 1.363628387 -0.673500299 0.523410738 -0.783877075 -0.265157998 -0.522504449 0.205467984
1403637231238319104.000000 1.388129592 -0.691116631 0.524554074 -0.812637508 -0.186323002 -0.529724240 0.155872479
1403637231738319104.000000 1.516806126 -0.781801760 0.263261139 0.834575713 -0.015943283 0.549299777 -0.038717579
1403637232238319104.000000 1.762223482 -1.006203890 0.057992578 0.801876009 -0.163105026 0.572471261 0.051655587
1403637232638319104.000000 1.933074236 -1.301717162 0.029954564 0.780134737 -0.258870095 0.558792472 0.110123292
1403637233138319104.000000 2.054214954 -1.859297395 0.112184465 0.787842274 -0.334137022 0.493790388 0.154363587
1403637236038319104.000000 5.973019600 -2.583788633 -0.683743536 0.803642333 -0.008204231 0.587433755 0.094938911
1403637236288318976.000000 6.285491467 -2.208852053 -0.610613525 -0.804250002 -0.044182841 -0.588201344 -0.072450988
1403637239088318976.000000 4.436359406 1.484869003 0.949325204 0.871027470 -0.162694857 0.457929134 -0.071711905
1403637239388318976.000000 4.222994328 0.937811613 1.064103365 0.852591097 -0.155770957 0.498820722 0.001339937
1403637239638319104.000000 4.142991066 0.379354060 1.082574248 0.833012819 -0.203102514 0.512591302 0.045706596
1403637239888318976.000000 4.108067989 -0.239801541 1.001781464 0.793566644 -0.244639814 0.544271708 0.119044915
1403637241038319104.000000 4.035066128 -3.013197184 0.463085949 0.741194963 -0.343822479 0.512231767 0.264640868
1403637241288318976.000000 4.097327232 -3.551914215 0.381850302 0.748241365 -0.335724503 0.508891582 0.261636019
1403637241538319104.000000 4.189365864 -4.043509007 0.284824342 0.751697361 -0.313961327 0.508148372 0.279579371
1403637241788318976.000000 4.327819347 -4.458115101 0.220402390 0.742103219 -0.298316002 0.524823248 0.291291803
1403637242038319104.000000 4.494280338 -4.764681816 0.194416940 0.720338643 -0.306953192 0.558071196 0.274679005
1403637242288318976.000000 4.648588657 -4.970899582 0.202108026 0.727432072 -0.302427471 0.544519126 0.287887335
1403637242638319104.000000 4.865747929 -5.080198288 0.201484933 0.727560818 -0.281219989 0.544959903 0.307553798
1403637242888318976.000000 5.034389496 -5.001831055 0.217944056 0.732618392 -0.265885770 0.568150997 0.264158100
1403637243138319104.000000 5.183429241 -4.822450161 0.259171784 0.739780009 -0.245271459 0.571712554 0.256344229
1403637243388318976.000000 5.312012672 -4.559806347 0.263181955 0.753643513 -0.252907753 0.558525801 0.236871496
1403637243638319104.000000 5.427063942 -4.234220982 0.255682945 0.758358896 -0.265610397 0.552774906 0.220868468
1403637243888318976.000000 5.537753105 -3.880481720 0.294257462 0.765041471 -0.293261915 0.541205585 0.189223751
1403637244188318976.000000 5.648568153 -3.483025312 0.419483364 0.763393521 -0.303369671 0.539028466 0.186132908
1403637244438319104.000000 5.724588394 -3.192001104 0.567682028 0.767092288 -0.305947483 0.533207059 0.183454975
1403637244688318976.000000 5.799491882 -2.934963942 0.729611635 0.785571694 -0.270158380 0.524267912 0.187176108
1403637244938319104.000000 5.895657539 -2.697367430 0.854643464 0.797782719 -0.243314132 0.523306787 0.174616963
1403637245238319104.000000 6.051651478 -2.442755222 0.951991439 0.808659613 -0.254740804 0.511698186 0.139074832
1403637245538319104.000000 6.262454033 -2.257056236 1.016162634 0.807174087 -0.230340242 0.519857168 0.158624783
1403637245788318976.000000 6.483430386 -2.119995594 1.033030987 0.812343180 -0.196551397 0.531030774 0.139543369
1403637246038319104.000000 6.732259274 -1.981927514 1.019815683 0.808233202 -0.127299204 0.566011310 0.100922033
1403637246288318976.000000 6.976634979 -1.827436805 0.972956717 0.812047660 -0.033052724 0.581502080 0.036625285
1403637246538319104.000000 7.201005936 -1.654826045 0.900977969 -0.802459002 -0.079236396 -0.591027021 0.021641390
1403637246788318976.000000 7.379266262 -1.456792235 0.811790109 -0.775179505 -0.170402631 -0.603047729 0.079957418
1403637247188318976.000000 7.504672050 -1.092285991 0.721007764 -0.776927710 -0.254839718 -0.557382584 0.144100308
1403637247688318976.000000 7.508476257 -0.600051463 0.572929561 -0.748151362 -0.261927783 -0.586313426 0.167033166
1403637248038319104.000000 7.359368801 -0.254484147 0.484060645 -0.729605913 -0.302624404 -0.580784917 0.196933091
1403637248538319104.000000 6.945316792 0.216789067 0.396927655 -0.730855048 -0.339536399 -0.545212090 0.230889171
1403637248888318976.000000 6.590244770 0.525701106 0.360682905 -0.740315974 -0.339155823 -0.537230432 0.219747931
1403637249488318976.000000 5.908964634 1.069953203 0.472944885 -0.746041298 -0.325222015 -0.539866388 0.214935735
1403637249738319104.000000 5.608066559 1.302895665 0.436674058 -0.742012441 -0.323417664 -0.544648588 0.219491482
1403637249988318976.000000 5.291509151 1.534751534 0.402083755 -0.731472731 -0.334958822 -0.545246840 0.235491380
1403637250238319104.000000 4.959249496 1.748403668 0.401807547 -0.732742131 -0.351661354 -0.520165265 0.262395620
1403637252988318976.000000 3.265320063 2.598755121 0.706192136 -0.686768413 -0.445367843 -0.469402671 0.331146359
1403637253988318976.000000 3.144370556 2.400442600 0.705697119 -0.674896479 -0.447283655 -0.490412146 0.322409660
1403637254988318976.000000 2.882292747 2.076559305 0.863407969 -0.651689947 -0.479248822 -0.475059271 0.346322924
1403637257388318976.000000 1.767635465 1.063061595 0.919332385 -0.549679875 -0.604835272 -0.392148256 0.422192097
1403637257738319104.000000 1.585812688 0.919350505 0.938503742 -0.548444569 -0.616432548 -0.379810542 0.418286443
1403637258038319104.000000 1.417221546 0.821120560 0.904708862 -0.537904084 -0.634179652 -0.355644643 0.426605582
1403637258338319104.000000 1.242833376 0.766457677 0.892587006 -0.491757929 -0.656151950 -0.346454680 0.455640078
1403637258688318976.000000 1.043530345 0.725688517 0.846787870 -0.481342047 -0.661233187 -0.325490355 0.474485636
1403637258988318976.000000 0.897434175 0.698426843 0.792874515 -0.479998410 -0.656699896 -0.326624125 0.481314301
1403637259288318976.000000 0.778693318 0.677710652 0.812812209 -0.483463734 -0.652900279 -0.327280551 0.482567519
1403637259638319104.000000 0.685061216 0.652496994 0.846387208 -0.491857529 -0.643895447 -0.320262045 0.490822941
1403637260138319104.000000 0.657453835 0.622777581 0.820715666 -0.485545129 -0.650349081 -0.330802947 0.481519908
1403637260438319104.000000 0.672790229 0.599731982 0.765168369 -0.471545815 -0.662787557 -0.348607123 0.465650529
1403637260688318976.000000 0.671533883 0.576636374 0.707408309 -0.480388343 -0.671610296 -0.335254401 0.453620166
1403637261038319104.000000 0.639255285 0.554436147 0.629591405 -0.473895431 -0.660489917 -0.341512591 0.471747100
1403637261238319104.000000 0.615124583 0.538652360 0.584262013 -0.481761575 -0.670157790 -0.330093682 0.458074749
1403637261538319104.000000 0.568745136 0.527673125 0.552265763 -0.482720673 -0.662799120 -0.329462260 0.468116164
1403637261988318976.000000 0.495293200 0.553101778 0.561701119 -0.479003340 -0.659574211 -0.338038415 0.470369786
1403637262388318976.000000 0.455029011 0.569796205 0.518817127 -0.475556850 -0.639866114 -0.346866548 0.494065404
1403637262738319104.000000 0.467254370 0.562592685 0.506733119 -0.510299742 -0.617993653 -0.348581761 0.485971987
1403637263238319104.000000 0.468012393 0.562247872 0.505878389 -0.508405805 -0.614910185 -0.349120647 0.491450697
1403637263738319104.000000 0.468038678 0.562052846 0.506332695 -0.508319914 -0.614970446 -0.349452019 0.491228521
1403637264238319104.000000 0.468294024 0.561443329 0.506494224 -0.508650959 -0.614813328 -0.349006116 0.491399646
1403637264738319104.000000 0.468074501 0.561835051 0.506283700 -0.508674681 -0.614860415 -0.349006146 0.491316020
1403637265238319104.000000 0.468178779 0.561680734 0.506451845 -0.508898973 -0.614842653 -0.348751485 0.491286963
