#Stereo rect[ms], MP culling[ms], MP creation[ms], LBA[ms], KF culling[ms], Total[ms]
5.806342,0.091445,0.880586,0.009073,0.009073,6.794779
7.235707,0.147967,2.260383,0.002730,0.002730,9.649067
5.754168,0.130787,1.937014,0.346406,0.346406,18.858335
8.194872,0.249032,14.431981,0.820171,0.820171,63.183620
8.867782,0.227023,14.297744,0.749103,0.749103,51.682727
9.366693,0.248832,18.982880,0.754991,0.754991,53.898883
6.732154,0.144181,8.054870,0.859992,0.859992,35.069118
9.425758,0.237649,14.354628,1.073377,1.073377,59.691177
8.566481,0.249702,15.648498,1.006310,1.006310,63.174614
4.976654,0.322177,12.281917,97.592302,97.592302,159.514403
2.734666,0.082337,5.413086,2.087640,2.087640,40.727921
2.644270,0.037343,5.582871,1.045069,1.045069,30.457062
3.061742,0.036801,6.497182,1.125629,1.125629,33.026112
2.724671,0.034411,6.722872,1.202476,1.202476,37.285444
4.550659,0.037050,10.140281,1.313396,1.313396,46.850198
4.496312,0.049278,11.330887,1.458536,1.458536,55.739373
11.008241,0.143761,33.410726,2.034171,2.034171,88.705648
6.809436,0.093891,14.504663,1.504442,1.504442,62.020876
7.182773,0.134246,15.291767,1.956681,1.956681,66.313993
6.091482,0.180834,13.548815,1.965646,1.965646,64.957241
5.160062,0.065554,14.634058,2.048285,2.048285,67.143974
4.320138,0.061336,10.266078,2.747207,2.747207,66.161596
4.869586,0.097884,11.418054,3.050440,3.050440,44.057530
2.631350,0.028909,8.174995,3.562532,3.562532,61.842821
3.844779,0.058901,8.747675,2.849527,2.849527,59.695436
4.141595,0.054254,11.913582,2.751530,2.751530,64.639683
5.573149,0.061987,15.010499,2.500788,2.500788,55.641330
3.952882,0.033037,14.311985,2.535605,2.535605,65.270801
7.972345,0.088838,22.009994,2.756794,2.756794,77.607123
12.840785,0.169994,37.931387,3.954256,3.954256,102.033756
10.058433,0.151882,30.470058,2.991032,2.991032,88.550926
4.934518,0.131955,14.388260,3.100019,3.100019,71.858835
9.059140,0.163937,31.296674,4.897489,4.897489,92.849944
6.962859,0.107586,22.177785,2.397504,2.397504,75.206528
3.566916,0.087541,11.398083,2.911268,2.911268,62.207524
3.914131,0.113945,11.374432,2.567650,2.567650,63.253177
4.706682,0.084214,13.016657,3.037189,3.037189,51.681243
2.966173,0.039455,8.678874,3.173820,3.173820,43.056408
2.631100,0.038207,7.498194,2.598202,2.598202,35.069985
2.360371,0.042184,6.151525,2.476062,2.476062,30.688775
2.360125,0.039770,8.003423,2.751751,2.751751,156.382759
2.203842,0.042796,9.225302,3.148852,3.148852,41.265336
1.997073,0.034013,5.757942,2.532093,2.532093,31.378716
1.908386,0.034981,4.996800,2.409740,2.409740,28.122062
2.184878,0.044721,6.491606,3.010771,3.010771,52.573840
2.338122,0.039606,8.137942,3.380968,3.380968,50.871464
2.594380,0.033671,6.252512,2.167091,2.167091,48.916357
2.972815,0.048396,7.223348,2.478617,2.478617,59.893580
6.131655,0.091472,10.517775,2.475957,2.475957,70.499826
5.398469,0.216955,9.613598,2.394147,2.394147,65.414985
5.973118,0.183453,10.748249,1.997130,1.997130,66.439694
6.283071,0.198197,11.559572,3.741042,3.741042,79.473989
5.231043,0.191971,9.083628,2.807309,2.807309,73.723705
7.166455,0.283671,16.268139,2.289554,2.289554,85.816521
3.894507,0.114740,6.525160,3.266340,3.266340,69.351841
3.233286,0.110246,6.859251,2.194073,2.194073,65.333376
3.451074,0.107146,7.934118,1.721217,1.721217,66.088554
2.197020,0.080748,5.774130,2.907109,2.907109,61.672022
2.123129,0.126218,5.329396,1.233029,1.233029,58.629926
2.788296,0.151264,7.707445,1.267439,1.267439,54.381254
3.257401,0.127360,8.426683,0.740454,0.740454,59.986712
4.422024,0.152991,8.080620,1.029974,1.029974,67.608071
3.042308,0.102440,6.335857,0.777203,0.777203,56.974157
6.340355,0.223610,13.401322,1.144124,1.144124,73.580030
4.197085,0.138511,8.147730,0.756319,0.756319,67.703694
7.215797,0.304888,26.576977,0.537403,0.537403,92.655848
6.284786,0.244426,13.378483,1.070226,1.070226,79.622158
5.428940,0.221270,12.561567,1.047654,1.047654,74.221175
5.634505,0.176377,14.779340,0.670534,0.670534,77.572088
4.164270,0.142909,11.418200,1.608939,1.608939,71.284693
6.225538,0.224864,13.314854,1.454693,1.454693,75.631969
4.209697,0.150240,10.725383,1.537800,1.537800,74.969922
7.578629,0.256787,12.124674,1.277420,1.277420,92.677045
9.269461,0.420288,25.310844,1.515128,1.515128,100.623315
6.989912,0.297887,22.571901,2.171500,2.171500,113.164752
6.247006,0.254731,9.713306,1.254340,1.254340,81.182599
8.341908,0.386323,18.600729,1.862463,1.862463,93.593202
3.497167,0.167862,9.438928,1.177459,1.177459,70.980268
5.395470,0.169307,15.133341,1.900851,1.900851,81.061972
4.491966,0.162150,13.999128,1.833647,1.833647,76.331348
3.925140,0.168367,11.760455,1.828298,1.828298,76.818709
5.517875,0.272999,15.314976,1.623997,1.623997,88.765318
3.844576,0.138399,12.062026,2.471899,2.471899,81.463783
2.963853,0.121303,10.272152,2.181652,2.181652,73.346644
3.946839,0.159845,13.765137,2.669922,2.669922,92.340766
2.984952,0.107793,9.178439,1.291657,1.291657,69.861305
2.541819,0.102807,7.103620,1.964247,1.964247,69.847829
1.891062,0.090059,5.992831,2.187670,2.187670,67.382665
1.721942,0.057437,7.361993,1.871952,1.871952,66.532377
1.911947,0.048865,6.088971,1.383517,1.383517,42.465234
1.788617,0.045852,6.140039,3.396983,3.396983,69.432469
2.144176,0.062760,6.936259,1.897724,1.897724,62.923832
2.193582,0.063693,10.407662,2.850456,2.850456,76.625455
2.256207,0.058544,8.249248,2.235263,2.235263,58.031597
2.786708,0.073805,9.462861,2.368145,2.368145,71.584256
3.607592,0.074269,11.497780,2.271171,2.271171,74.497128
3.193568,0.065170,10.487470,2.078129,2.078129,89.787771
2.981844,0.046725,9.502466,2.201727,2.201727,71.163616
4.063013,0.087525,12.885968,2.044310,2.044310,100.049246
3.383540,0.080711,10.591941,2.911816,2.911816,76.649443
8.711678,0.271275,35.796304,3.117410,3.117410,112.329315
10.139437,0.342800,25.211761,1.949819,1.949819,112.791676
10.832991,0.509620,27.269378,2.608097,2.608097,116.906506
9.765661,0.506147,24.160598,2.458040,2.458040,117.844917
4.617828,0.208301,8.857727,2.490782,2.490782,78.742471
4.027997,0.204565,7.823457,2.666353,2.666353,74.905545
3.372274,0.125194,5.902633,1.811037,1.811037,79.629673
3.399487,0.152655,5.730361,2.385886,2.385886,78.418412
4.894169,0.246032,11.312545,1.512790,1.512790,99.818381
5.052689,0.370223,8.781423,1.321641,1.321641,97.418927
5.959295,0.345636,13.787257,1.867768,1.867768,113.314048
3.916231,0.202564,8.886525,2.296822,2.296822,93.207794
3.663190,0.158257,5.764901,1.513296,1.513296,72.766075
4.163157,0.139717,7.000149,2.675970,2.675970,81.087983
4.669266,0.174823,7.128181,1.879764,1.879764,82.559631
4.835424,0.177434,10.600705,1.645788,1.645788,99.073662
5.745848,0.305148,11.077403,1.139694,1.139694,379.677485
5.391730,0.365033,9.298871,0.758068,0.758068,47.255138
7.535296,0.218547,15.268556,1.189981,1.189981,100.635405
4.803063,0.159285,9.715774,1.209171,1.209171,73.926150
4.437335,0.159598,10.520406,2.325819,2.325819,76.991559
5.334456,0.142074,10.829399,2.976499,2.976499,97.444498
4.692085,0.172654,12.268592,2.987414,2.987414,87.452466
5.264601,0.145150,12.989081,1.621245,1.621245,85.170386
9.521063,0.261837,30.718372,2.237543,2.237543,126.282550
6.655736,0.199313,16.253084,3.136089,3.136089,104.736742
10.646578,0.404922,35.054414,2.098757,2.098757,126.267604
7.328148,0.219419,19.377793,3.429551,3.429551,120.713170
5.606999,0.229841,13.675540,3.062279,3.062279,103.103565
7.823933,0.316116,13.765329,2.400813,2.400813,102.378207
5.991455,0.269606,13.340071,3.789349,3.789349,108.671241
5.427249,0.221105,11.280649,3.232298,3.232298,100.440658
9.471054,0.428102,33.452910,4.391838,4.391838,138.779331
8.882209,0.354866,26.851919,5.689120,5.689120,140.302509
8.929257,0.368006,21.028230,4.107712,4.107712,116.857105
3.494564,0.160454,9.210829,5.078215,5.078215,104.003208
7.042538,0.245358,19.123093,3.811805,3.811805,119.464698
4.592846,0.166558,13.157292,3.706471,3.706471,122.900344
4.815586,0.297805,13.249174,3.312781,3.312781,101.293812
3.340146,0.144728,9.175408,4.804357,4.804357,84.420395
4.921854,0.239394,11.490201,5.012438,5.012438,95.282263
6.877131,0.221015,25.095182,3.889637,3.889637,124.912682
3.656825,0.105158,9.636975,2.968281,2.968281,81.037718
3.475267,0.099284,9.484558,4.467608,4.467608,83.234618
3.238058,0.097769,8.754526,4.465829,4.465829,78.855338
3.182338,0.132635,9.696971,3.948646,3.948646,78.002256
6.184187,0.320717,13.473540,5.185221,5.185221,93.036911
6.445819,0.233922,21.315665,3.593939,3.593939,118.262019
7.205918,0.304220,18.179938,3.738436,3.738436,121.501458
5.916279,0.296853,12.237128,8.293407,8.293407,114.148906
9.420741,0.670031,29.765915,4.500072,4.500072,125.151074
8.710996,0.598538,24.495379,3.299498,3.299498,120.937441
6.741655,0.270621,15.588633,3.683441,3.683441,102.339222
7.779504,0.476315,21.104314,3.922636,3.922636,115.933360
6.337606,0.341371,15.499430,4.867496,4.867496,104.546380
13.299048,0.456689,21.587833,6.056128,6.056128,118.637391
7.026588,0.226496,17.819267,4.204097,4.204097,101.640588
8.555823,0.283115,28.849431,3.718580,3.718580,125.434244
4.401599,0.234702,10.951551,5.219440,5.219440,85.794851
4.177661,0.220005,10.009731,4.142076,4.142076,86.119214
7.174781,0.237429,17.172839,3.532748,3.532748,101.869021
7.361765,0.247392,16.934561,3.770800,3.770800,108.452157
7.608170,0.462737,29.285701,3.355888,3.355888,132.619624
3.351718,0.325378,9.084251,1.921410,1.921410,81.839955
6.441559,0.261532,19.329113,4.009312,4.009312,125.630160
4.436873,0.124380,11.256949,5.068478,5.068478,90.610072
5.948807,0.159923,15.242438,4.178971,4.178971,110.402893
5.438330,0.344224,15.601892,3.325173,3.325173,110.612312
4.214513,0.234603,13.888314,4.964955,4.964955,93.296681
2.708752,0.150384,6.994272,2.809954,2.809954,77.689168
2.732612,0.074927,6.930915,4.058041,4.058041,77.268536
5.746709,0.183840,17.515433,4.147369,4.147369,121.077823
4.109900,0.095462,9.401349,4.067563,4.067563,82.225987
3.151768,0.099387,7.235553,8.485723,8.485723,91.293333
5.881170,0.264525,16.679120,4.107198,4.107198,116.549832
5.668200,0.212246,14.115663,4.432840,4.432840,103.354301
4.662192,0.192640,10.379060,7.914721,7.914721,100.119188
3.014800,0.104080,7.808647,3.336893,3.336893,77.036325
2.866895,0.100466,6.849592,4.301852,4.301852,78.929258
2.663843,0.081767,6.580401,3.904042,3.904042,72.195155
3.154280,0.067691,9.335181,3.356674,3.356674,77.210509
8.804410,0.186779,31.277248,5.174708,5.174708,126.273826
11.473154,0.273522,41.850930,6.284514,6.284514,126.749060
12.542910,0.501444,33.417521,4.990033,4.990033,124.750570
10.771396,0.406490,27.825056,4.803019,4.803019,115.002777
7.246785,0.404812,17.763670,6.299172,6.299172,107.195325
4.026925,0.182303,12.089676,6.635294,6.635294,98.071309
3.781189,0.121738,11.787904,4.526576,4.526576,96.303925
5.782900,0.169762,15.320823,4.331272,4.331272,103.557641
5.043955,0.161953,14.460141,5.084188,5.084188,101.140638
4.396576,0.154287,12.887727,6.460255,6.460255,95.065336
5.778162,0.275926,13.056943,4.259306,4.259306,95.867075
4.579832,0.153001,13.074776,3.824255,3.824255,96.142105
4.944654,0.114027,15.224919,3.985163,3.985163,128.268866
6.275782,0.190635,17.153831,3.275462,3.275462,118.355798
6.524061,0.215639,17.762904,2.674899,2.674899,122.121959
6.271787,0.283834,19.895699,3.143886,3.143886,121.365347
4.303973,0.199679,13.761846,2.275420,2.275420,102.678515
5.882494,0.306154,18.144485,2.031882,2.031882,110.162408
5.059584,0.164218,12.697479,1.438380,1.438380,96.569834
4.997650,0.137818,13.547941,1.467068,1.467068,95.669954
4.612562,0.154210,15.556862,1.943713,1.943713,119.148817
8.568601,0.329797,28.290777,2.430679,2.430679,83.111592
6.690228,0.304168,21.077865,2.601984,2.601984,112.021966
4.852386,0.173983,13.027026,2.234410,2.234410,96.887458
4.941418,0.184391,15.020358,2.797185,2.797185,99.752561
5.455780,0.164136,14.789403,2.667656,2.667656,108.969881
8.103787,0.297118,20.753741,3.626957,3.626957,131.229945
5.362899,0.279535,17.658131,1.180996,1.180996,60.108142
5.811170,0.228486,18.571780,2.793105,2.793105,111.608714
5.483097,0.289908,21.656101,0.999354,0.999354,67.979315
5.205339,0.316884,16.638611,1.187836,1.187836,60.397358
5.747589,0.268035,20.984822,1.407503,1.407503,123.004505
3.273603,0.207370,11.860934,0.731501,0.731501,51.152284
4.723962,0.177056,11.804197,2.532942,2.532942,105.837807
2.667702,0.150613,8.308643,0.797441,0.797441,40.891152
2.919285,0.197984,11.026387,0.839096,0.839096,46.214003
1.805902,0.151500,6.476555,1.273666,1.273666,36.086819
2.605570,0.128967,7.898847,1.009297,1.009297,38.944768
3.132831,0.175773,12.989105,1.250104,1.250104,55.208260
3.300166,0.196507,8.120799,1.186786,1.186786,31.195539
3.589988,0.105844,20.025636,0.963886,0.963886,53.279780
3.507131,0.069569,9.835345,1.068593,1.068593,34.520381
2.351576,0.082208,5.953503,0.632126,0.632126,25.480258
4.547288,0.101097,8.472502,0.718180,0.718180,34.915828
5.649867,0.152624,18.435020,0.905149,0.905149,50.941188
7.081263,0.141201,17.094316,0.861013,0.861013,53.108873
7.520884,0.156027,20.224682,0.665117,0.665117,56.600871
7.961826,0.185000,24.574310,2.006458,2.006458,89.660962
6.581858,0.176162,13.271298,1.745011,1.745011,65.905019
5.208718,0.130167,13.230044,1.148587,1.148587,63.901308
4.880732,0.119501,13.102423,1.768998,1.768998,64.824412
6.317101,0.174544,16.628262,1.526385,1.526385,73.732889
5.061570,0.102176,15.008448,1.806415,1.806415,67.807057
4.388748,0.135438,12.151710,1.178592,1.178592,59.676647
3.974056,0.117901,12.139423,1.649855,1.649855,60.562671
5.508164,0.164587,16.296189,1.811617,1.811617,71.667263
4.903560,0.103476,13.103097,1.140121,1.140121,60.433695
4.765169,0.099161,13.885420,1.733964,1.733964,63.352283
3.949214,0.109677,9.331521,1.182736,1.182736,55.358298
5.522340,0.131872,13.193535,1.225480,1.225480,60.659344
4.295182,0.098293,13.005902,1.294575,1.294575,60.683497
3.753388,0.109408,13.397396,2.272346,2.272346,65.483652
3.588117,0.115054,13.502060,1.515193,1.515193,60.044798
3.284158,0.076243,8.395904,1.216330,1.216330,38.694007
4.261084,0.109318,13.844377,0.645932,0.645932,50.522450
4.626642,0.077269,12.411896,0.975041,0.975041,66.134302
6.100186,0.135800,19.217450,0.604714,0.604714,72.955667
5.312246,0.149898,19.348732,1.885672,1.885672,75.049648
4.481726,0.139425,15.302542,1.335540,1.335540,66.163966
5.033051,0.148797,14.239650,1.214439,1.214439,67.582019
4.691815,0.097702,10.927988,0.561768,0.561768,60.106860
3.877101,0.087491,14.129346,1.813543,1.813543,72.337397
4.111811,0.095540,13.487337,1.946990,1.946990,64.842813
4.694049,0.119005,13.886639,1.284453,1.284453,62.916045
4.335959,0.105136,13.642261,1.322287,1.322287,63.304724
4.124324,0.192843,12.685438,1.652893,1.652893,73.268758
3.743074,0.126431,10.576528,1.891060,1.891060,64.651812
3.058879,0.096764,10.743705,1.331007,1.331007,60.169101
3.691456,0.079708,11.232834,2.003027,2.003027,61.688724
3.943196,0.103352,12.772045,1.774527,1.774527,67.173604
3.278801,0.074870,10.544635,1.441420,1.441420,41.893640
4.396405,0.131581,15.178948,2.101532,2.101532,74.068267
3.279582,0.080648,8.613346,1.738937,1.738937,59.226495
3.498214,0.075437,10.015349,0.796613,0.796613,39.164744
3.963253,0.108021,12.482256,1.104504,1.104504,46.051260
4.676109,0.116484,15.276055,1.582355,1.582355,78.183025
2.603858,0.074513,7.107001,1.547109,1.547109,60.799308
2.916203,0.081826,7.183108,1.018041,1.018041,56.624260
3.781402,0.062941,8.500670,0.824595,0.824595,59.036351
3.053472,0.111845,6.802757,0.957927,0.957927,55.388041
3.920856,0.122769,9.638237,0.674280,0.674280,43.602682
2.432767,0.078468,6.420748,0.633756,0.633756,35.552470
4.484077,0.185259,12.070306,0.679194,0.679194,86.088405
2.389147,0.080025,5.275197,0.716101,0.716101,62.040623
3.590857,0.093097,8.723671,1.107972,1.107972,68.560414
5.075845,0.129161,14.526332,1.994665,1.994665,86.211178
3.716899,0.129986,9.398404,2.814861,2.814861,86.587543
5.404319,0.196229,15.811477,1.901580,1.901580,108.783122
4.091227,0.114658,7.642362,0.861650,0.861650,75.500129
5.119705,0.213409,13.816362,1.940682,1.940682,95.924862
5.205002,0.176170,13.087960,3.066173,3.066173,89.310709
3.076988,0.090931,5.944298,1.909089,1.909089,68.514030
3.794423,0.127150,9.061009,1.454667,1.454667,70.877071
4.352175,0.145880,10.761031,1.919200,1.919200,71.985890
2.985250,0.126322,5.582783,1.956129,1.956129,69.745958
4.398535,0.240747,7.916067,3.374160,3.374160,75.117625
3.102102,0.102365,6.364431,1.542941,1.542941,66.716097
3.639331,0.169179,7.780136,1.686579,1.686579,71.938070
7.568220,0.287058,21.166810,2.367016,2.367016,102.932028
3.617408,0.240088,7.239636,1.868900,1.868900,77.824295
3.069640,0.140168,6.246565,1.578630,1.578630,64.858294
3.014894,0.127889,6.998266,2.709797,2.709797,67.412080
3.386589,0.132423,6.506205,2.396515,2.396515,66.922450
2.365823,0.057576,4.721270,1.817597,1.817597,54.403479
3.999453,0.088111,11.053173,2.486622,2.486622,85.615102
3.323716,0.101208,9.316266,2.445277,2.445277,81.308623
3.233554,0.096622,9.035278,2.078701,2.078701,86.748615
3.104260,0.061145,4.878458,2.462682,2.462682,67.107774
2.411092,0.062007,6.039465,2.063772,2.063772,66.662842
2.356654,0.053501,5.799782,2.313258,2.313258,63.839727
1.659707,0.048023,3.246017,1.436101,1.436101,24.978878
1.553553,0.027558,4.077524,1.123495,1.123495,32.632217
1.565879,0.030736,4.593159,1.486470,1.486470,27.592931
1.467103,0.020623,3.726668,1.517446,1.517446,28.356694
1.372842,0.032775,3.877381,1.768994,1.768994,31.788718
1.429002,0.018336,3.770856,1.626643,1.626643,29.372310
1.196854,0.022115,3.771501,1.906201,1.906201,31.667933
1.954419,0.043912,5.596455,2.245598,2.245598,42.301389
2.547380,0.038993,4.382742,1.592066,1.592066,27.370853
1.695379,0.023285,3.917400,1.568901,1.568901,23.670693
1.816206,0.040876,4.993797,2.425656,2.425656,31.481579
1.825348,0.040115,4.487137,1.500943,1.500943,25.283710
1.695585,0.030033,4.361378,1.841383,1.841383,31.508731
1.532239,0.026869,4.750308,2.413334,2.413334,31.746442
1.362885,0.024181,3.718806,1.783647,1.783647,25.607965
1.741212,0.019752,3.960760,1.261117,1.261117,24.871572
1.440814,0.020016,4.132750,1.963548,1.963548,29.254712
1.116848,0.021500,3.326659,1.907299,1.907299,36.996007
1.678821,0.037775,4.228329,3.740102,3.740102,42.979115
1.343411,0.030058,4.435561,3.194060,3.194060,38.571513
1.598119,0.040813,3.904853,1.749328,1.749328,21.270567
2.376075,0.034549,6.308925,2.435233,2.435233,35.732410
3.061608,0.045386,7.928443,2.454784,2.454784,33.720535
2.861852,0.094818,9.983063,3.109673,3.109673,42.867875
3.177136,0.084451,7.020774,2.584923,2.584923,59.911111
1.868699,0.048899,3.901902,1.958601,1.958601,48.840439
1.852566,0.050388,3.982005,2.893748,2.893748,46.757205
1.712771,0.036827,3.831341,3.217135,3.217135,48.907192
1.732533,0.030801,4.102526,3.416433,3.416433,44.438780
1.316043,0.036066,3.675562,1.874859,1.874859,19.218052
0.966030,0.026385,2.785043,1.749670,1.749670,17.032806
1.373628,0.027502,4.180879,1.807958,1.807958,19.332791
0.989165,0.013303,2.563651,1.801791,1.801791,16.616853
0.911265,0.012760,2.177284,1.614763,1.614763,15.209433
1.678408,0.033992,5.562556,2.546151,2.546151,28.337661
1.888713,0.041259,5.768859,3.243983,3.243983,40.310021
1.906815,0.044863,7.784680,4.593682,4.593682,42.345258
2.032715,0.028195,4.107388,2.379639,2.379639,22.685612
1.935032,0.037046,4.660362,2.813172,2.813172,23.928449
2.155442,0.048375,6.209266,1.893650,1.893650,26.737423
2.830027,0.059679,7.364014,2.208594,2.208594,28.665897
1.930630,0.044277,4.651319,2.193039,2.193039,21.457441
2.222601,0.045134,6.564708,2.287967,2.287967,29.653132
1.296732,0.025763,3.921571,1.967889,1.967889,18.361001
2.476382,0.063248,6.145151,2.044248,2.044248,31.239134
1.466078,0.054058,3.898968,1.860650,1.860650,23.055304
1.395411,0.048075,2.997135,1.340115,1.340115,24.246158
1.326538,0.057605,4.036643,1.781795,1.781795,24.901650
1.185710,0.037272,2.934464,1.542744,1.542744,18.560034
2.155954,0.077868,5.190779,1.077407,1.077407,20.812718
3.748613,0.082884,9.869254,2.737338,2.737338,75.154703
7.476122,0.292521,7.478960,1.628210,1.628210,65.362982
8.753684,0.569665,19.045581,1.024979,1.024979,86.223729
7.778692,0.822448,20.531899,1.277716,1.277716,95.511053
8.157312,0.587272,15.864026,1.052002,1.052002,106.450236
8.865232,0.639144,18.094906,0.998563,0.998563,102.058670
7.908872,0.458065,13.715544,1.380666,1.380666,84.664390
9.506676,0.500803,19.264954,1.222717,1.222717,93.837767
4.699159,0.296777,8.866953,1.331737,1.331737,69.622469
6.102537,0.299222,12.778605,1.472194,1.472194,89.787854
7.235251,0.309985,17.597373,2.196313,2.196313,90.026139
5.284292,0.209491,11.026571,2.761199,2.761199,80.752125
7.338271,0.192739,14.036837,2.443567,2.443567,98.043259
9.834949,0.371043,29.091967,1.423323,1.423323,114.200362
7.637952,0.251698,14.769926,2.583565,2.583565,87.078716
9.676406,0.237092,24.051296,1.879768,1.879768,106.714595
5.576875,0.166613,12.107671,1.592184,1.592184,69.611537
5.505104,0.168807,12.981178,1.134634,1.134634,76.940137
5.139003,0.150932,12.092970,1.417584,1.417584,69.765535
5.327294,0.144629,13.230166,1.893726,1.893726,72.180504
5.828024,0.111987,18.797063,2.434332,2.434332,88.627486
5.865273,0.234136,25.896642,1.419428,1.419428,89.570082
3.041317,0.140239,8.653937,1.018659,1.018659,46.184063
2.081288,0.209819,6.581159,1.582695,1.582695,40.352278
2.306041,0.160647,8.730935,1.217523,1.217523,38.165217
2.870434,0.093038,17.006046,0.607845,0.607845,55.438259
3.298073,0.118211,8.750429,0.604272,0.604272,41.267620
2.068926,0.124650,9.524739,0.544724,0.544724,40.443734
1.991012,0.075653,5.471520,0.561762,0.561762,25.326783
3.211086,0.072487,10.258540,0.300528,0.300528,36.580717
5.542719,0.126801,19.735578,0.415063,0.415063,53.577480
7.252096,0.243868,19.602044,0.679434,0.679434,94.685279
4.949913,0.117770,13.285122,1.325346,1.325346,77.233312
4.695953,0.146847,11.934925,0.676638,0.676638,75.909249
4.797890,0.174346,12.796114,0.750632,0.750632,79.179278
5.303308,0.166389,12.815280,1.450068,1.450068,83.554724
5.296513,0.136059,12.507614,0.871703,0.871703,80.259753
5.276004,0.130582,13.772052,2.474509,2.474509,90.469599
4.776132,0.144209,14.254637,1.717529,1.717529,82.121270
4.356977,0.144467,13.216391,1.308297,1.308297,80.025232
4.509680,0.134994,14.316216,1.731459,1.731459,77.625089
4.568038,0.151975,15.189833,0.987248,0.987248,79.891644
4.669064,0.183147,13.013548,0.825264,0.825264,72.731161
4.600236,0.137087,13.784763,1.333283,1.333283,74.547387
4.820806,0.168899,16.366630,2.558079,2.558079,87.138886
4.738513,0.157735,14.971302,3.350857,3.350857,83.046888
4.125325,0.124740,13.262425,3.187732,3.187732,88.126523
4.113376,0.121121,16.207319,3.679648,3.679648,87.619355
4.055589,0.148808,13.709477,3.728156,3.728156,79.443622
4.818362,0.106674,12.697169,2.768073,2.768073,74.824394
4.636786,0.082195,13.127356,2.495550,2.495550,75.536830
4.339189,0.081182,13.556905,2.213135,2.213135,73.155892
5.634896,0.101310,16.894324,3.509321,3.509321,80.899135
4.979028,0.112891,16.288842,3.391148,3.391148,81.855741
5.760588,0.104420,23.182125,3.196233,3.196233,121.343881
8.744694,0.192868,24.499217,3.282068,3.282068,108.217030
9.395922,0.352163,35.131606,2.474177,2.474177,122.721448
9.796383,0.239752,37.674072,3.087625,3.087625,123.488223
9.785591,0.292784,28.646462,2.495303,2.495303,113.831486
10.358969,0.367356,35.886223,3.820496,3.820496,125.985766
5.662202,0.153816,24.233539,4.726219,4.726219,98.908000
5.765280,0.176968,20.104355,3.537414,3.537414,96.622609
6.074529,0.188848,20.936853,3.838384,3.838384,95.933572
6.046362,0.191036,21.077842,4.217272,4.217272,104.665633
10.642357,0.346330,37.474384,3.217747,3.217747,129.303421
11.078988,0.407296,45.386152,3.058851,3.058851,147.827970
5.921564,0.205563,27.009728,4.465817,4.465817,118.429387
6.693776,0.359879,30.246018,3.618073,3.618073,119.949149
6.937434,0.381884,25.938484,3.750527,3.750527,119.092668
7.447225,0.347759,28.199998,2.657334,2.657334,116.082863
7.690723,0.359035,26.417522,3.936639,3.936639,121.031644
7.719161,0.408316,19.436887,4.687813,4.687813,124.025209
5.776632,0.336958,20.509871,3.228403,3.228403,115.957201
6.548952,0.446655,24.060636,3.930840,3.930840,116.284345
6.604724,0.371025,22.211048,4.397545,4.397545,129.210175
5.029081,0.342827,20.042387,4.522351,4.522351,120.211894
8.162348,0.300198,21.940086,4.780144,4.780144,130.054689
8.609988,0.272310,18.220870,3.707545,3.707545,122.100317
11.200400,0.537920,28.070482,5.682976,5.682976,135.328182
6.759149,0.241681,18.190804,4.473324,4.473324,115.480543
8.351582,0.313034,20.111037,3.118198,3.118198,117.664188
7.819874,0.229217,15.351095,4.193984,4.193984,121.431763
6.445955,0.295432,17.117682,4.251693,4.251693,129.473109
5.602387,0.182519,13.272395,3.661719,3.661719,121.258825
5.355131,0.243477,13.298317,5.327732,5.327732,123.351420
8.488868,0.556306,26.305928,4.213629,4.213629,143.726329
6.049008,0.322552,16.623839,3.445039,3.445039,126.013042
8.691868,0.470867,17.456350,4.147752,4.147752,139.109018
8.727438,0.466770,26.623476,4.479342,4.479342,128.826160
5.560555,0.275144,12.316365,2.818353,2.818353,121.268444
6.363405,0.312930,20.254275,3.072815,3.072815,137.332667
7.349313,0.258637,14.447430,2.071497,2.071497,113.879291
8.120112,0.294031,18.643815,3.655406,3.655406,101.490210
5.072569,0.140080,16.393546,2.928670,2.928670,85.460378
5.132312,0.139456,15.603235,1.866500,1.866500,61.389615
5.798606,0.161373,18.343952,1.503335,1.503335,60.141827
6.153659,0.172973,20.698283,1.611405,1.611405,57.466339
6.205287,0.182442,21.645433,1.827920,1.827920,66.042447
6.623818,0.183004,22.558061,2.266679,2.266679,62.808939
7.578083,0.222398,25.493206,1.693142,1.693142,65.622316
5.938513,0.111116,16.978723,2.821929,2.821929,60.949765
5.573950,0.160212,19.534959,2.845421,2.845421,53.008069
8.574847,0.268681,32.498125,2.968608,2.968608,77.185080
6.462991,0.160918,20.954494,2.730948,2.730948,104.407846
6.735438,0.162373,17.569075,2.010313,2.010313,98.816766
6.274210,0.179110,18.289506,2.350075,2.350075,99.480786
6.312001,0.173044,20.890210,3.624778,3.624778,99.039747
5.487074,0.169621,18.957640,1.986473,1.986473,96.661564
5.934265,0.141231,21.067245,3.103091,3.103091,62.429802
5.146922,0.169701,19.614700,4.253789,4.253789,103.774247
4.340938,0.161017,23.082976,3.794753,3.794753,67.697339
3.647823,0.155894,15.972496,2.912963,2.912963,56.275527
4.001989,0.240770,15.003343,3.007985,3.007985,50.749823
2.987772,0.149865,12.569381,2.478115,2.478115,46.624866
4.393213,0.175965,15.800982,2.014234,2.014234,78.716531
4.615039,0.138571,19.530308,3.194495,3.194495,56.111059
6.323203,0.124125,24.836274,4.544419,4.544419,96.364301
5.720948,0.142002,19.918175,5.105999,5.105999,89.589157
5.765216,0.218673,18.873612,5.734029,5.734029,91.077557
6.207337,0.171105,18.550309,4.329170,4.329170,102.270018
5.924128,0.163440,19.220854,3.463069,3.463069,92.795712
7.723235,0.322775,32.107051,2.691195,2.691195,86.427155
2.602996,0.197411,12.190825,2.520855,2.520855,63.869207
3.366500,0.350085,14.570285,3.610490,3.610490,53.782092
2.724193,0.208965,14.048291,2.807733,2.807733,51.837609
3.510622,0.173464,16.255052,3.545022,3.545022,51.672740
5.589455,0.121702,27.261977,2.404404,2.404404,69.085270
6.561299,0.181000,37.102138,4.462504,4.462504,81.898925
5.477881,0.139054,19.510818,2.622659,2.622659,72.875926
7.096987,0.189937,23.910176,2.788019,2.788019,94.069687
8.762036,0.293811,50.754894,2.824603,2.824603,111.408558
1.978268,0.352543,13.997517,2.225069,2.225069,46.535413
1.612880,0.439282,10.117464,2.636760,2.636760,50.035133
2.100819,0.071319,9.995963,1.803911,1.803911,38.272304
3.515516,0.082815,21.149939,1.691643,1.691643,48.507289
3.682539,0.046417,14.130214,2.971405,2.971405,45.900404
8.856828,0.137195,32.458900,2.701127,2.701127,70.728141
7.613139,0.128974,23.729684,3.874311,3.874311,89.381169
3.842119,0.121582,18.999178,2.586323,2.586323,49.303123
3.416107,0.172232,18.050888,2.282011,2.282011,52.283534
3.020257,0.230360,14.132423,2.224359,2.224359,42.334233
2.290155,0.120892,9.421524,2.280048,2.280048,33.815399
3.491816,0.063095,6.536184,1.965880,1.965880,46.203028
3.453943,0.091611,11.429850,2.719038,2.719038,40.564794
4.015257,0.078244,14.358630,2.410235,2.410235,63.534282
3.866403,0.104891,11.223592,1.552066,1.552066,57.815607
2.149081,0.114350,7.592380,1.459827,1.459827,33.640707
2.750613,0.142494,10.209779,2.464998,2.464998,49.590427
2.863165,0.090015,11.056322,2.743033,2.743033,52.157472
3.810480,0.072185,10.621128,1.189226,1.189226,42.576518
5.099515,0.150974,12.341220,2.032704,2.032704,45.018957
4.613884,0.102838,13.124239,1.823358,1.823358,52.052330
4.603424,0.091649,16.072799,2.084138,2.084138,50.551571
4.079322,0.109265,11.135137,2.574514,2.574514,43.941612
4.251968,0.134601,20.665525,2.719131,2.719131,57.733173
6.207836,0.120934,13.467999,2.374771,2.374771,40.946622
5.046386,0.074334,19.975417,2.672972,2.672972,53.042032
6.099131,0.130143,17.086349,2.902785,2.902785,48.988954
5.293888,0.150309,18.224433,2.166420,2.166420,49.659147
6.142877,0.209445,14.258484,3.110204,3.110204,70.350661
4.490226,0.180935,14.022954,2.219726,2.219726,42.572250
6.593925,0.213773,20.698194,2.997674,2.997674,61.217804
6.538713,0.153994,21.549435,2.597086,2.597086,59.913753
7.725557,0.145770,23.464608,2.798802,2.798802,59.896217
6.641239,0.124818,18.647674,2.286261,2.286261,49.620468
8.565020,0.173677,27.575744,2.600168,2.600168,67.543557
7.274283,0.324558,25.356568,2.300316,2.300316,57.982998
7.178721,0.176321,21.999786,2.702659,2.702659,58.615690
8.451517,0.177933,30.305989,3.825212,3.825212,66.186197
5.270980,0.211638,22.159575,3.531999,3.531999,58.512078
5.491923,0.225469,14.147186,3.479825,3.479825,44.082717
6.253109,0.198572,24.401400,3.679272,3.679272,58.004157
5.126226,0.173294,11.007013,2.302258,2.302258,36.038501
3.269242,0.090211,9.625250,2.055150,2.055150,34.927685
6.850770,0.110438,23.558953,3.240944,3.240944,62.537476
8.103390,0.103101,18.625014,2.692669,2.692669,55.303280
8.279592,0.163537,21.651828,2.760342,2.760342,63.736009
5.659672,0.131440,13.468087,3.757966,3.757966,47.127239
4.003518,0.070768,10.472203,1.762242,1.762242,34.186959
7.068499,0.114691,22.193797,4.588953,4.588953,81.456287
5.682240,0.112542,13.860858,4.160434,4.160434,44.950869
4.870191,0.112698,14.575927,2.285789,2.285789,41.997228
5.355536,0.142988,17.903473,4.124818,4.124818,55.470831
4.600668,0.074038,10.313646,1.718891,1.718891,38.644791
6.846744,0.120481,17.480123,2.695739,2.695739,65.135913
7.399808,0.158159,22.145822,2.655449,2.655449,68.576602
6.844147,0.178132,18.465774,4.182624,4.182624,81.853300
5.583329,0.186808,13.249335,3.748966,3.748966,75.599053
5.230599,0.139115,16.075993,2.707865,2.707865,69.000032
4.717525,0.105208,15.555941,3.098078,3.098078,68.963571
5.521183,0.175027,17.855598,2.442343,2.442343,73.364659
2.656147,0.145823,8.770859,3.953818,3.953818,58.721446
2.931519,0.076327,8.397991,3.958407,3.958407,58.234765
3.183761,0.077936,8.324475,3.884712,3.884712,53.051830
4.159505,0.077964,13.716060,3.264468,3.264468,62.846120
5.715675,0.135550,19.384614,3.091613,3.091613,71.515519
3.934730,0.127888,12.510440,3.422928,3.422928,69.009606
5.958243,0.254945,14.947904,3.016815,3.016815,70.324910
6.376932,0.190400,13.964980,4.138661,4.138661,72.868577
3.407796,0.119712,8.899472,4.561212,4.561212,68.382038
4.958153,0.097164,10.873138,3.435229,3.435229,66.247281
3.166966,0.110977,8.215734,3.713623,3.713623,41.254554
2.394443,0.049845,6.588266,4.854941,4.854941,48.621183
4.477443,0.056594,7.790627,4.686222,4.686222,44.698158
3.773718,0.057352,12.627445,3.789731,3.789731,43.713555
3.227928,0.075086,8.576853,3.476070,3.476070,39.513710
3.875902,0.059131,10.646748,4.167850,4.167850,56.974741
4.176220,0.080820,11.210955,4.188508,4.188508,65.671821
4.656727,0.092964,12.609120,3.381180,3.381180,68.623127
6.344203,0.162747,15.414426,2.546700,2.546700,72.027535
5.474934,0.187158,14.254803,3.431763,3.431763,66.439017
4.428189,0.144406,11.373151,2.751083,2.751083,73.008688
4.466271,0.089904,12.356452,3.862237,3.862237,67.843824
5.010536,0.136841,12.028863,3.076829,3.076829,69.367066
7.039740,0.267841,23.919352,5.188378,5.188378,86.858596
4.967939,0.163431,14.295035,3.945783,3.945783,70.652099
10.337081,0.159520,16.473363,4.193129,4.193129,92.709660
9.574912,0.283253,29.050958,5.653020,5.653020,108.250603
4.637892,0.179875,15.370022,6.653660,6.653660,85.836425
3.546421,0.189102,11.922590,4.082570,4.082570,75.295292
3.572327,0.126581,10.143128,4.117686,4.117686,76.748357
6.335402,0.179428,20.670256,6.054306,6.054306,109.494101
7.237866,0.279775,26.692949,7.033988,7.033988,112.538737
7.872781,0.255917,20.493440,6.972507,6.972507,94.150095
3.463856,0.110723,10.073215,5.515819,5.515819,73.124776
6.931552,0.224486,26.226106,23.665532,23.665532,123.840422
2.981871,0.069333,11.112344,4.912942,4.912942,76.885058
3.201677,0.061382,12.970299,6.400471,6.400471,79.790777
4.138041,0.081905,13.334991,7.418053,7.418053,82.187311
6.296285,0.180463,25.544495,9.378403,9.378403,110.089956
2.992357,0.122972,13.292856,6.708320,6.708320,81.181099
2.352370,0.082964,6.927600,10.020979,10.020979,49.276919
2.174309,0.074014,6.713402,6.778550,6.778550,43.313799
1.731787,0.040691,5.542542,6.145358,6.145358,36.592619
2.172496,0.032583,7.059789,8.152358,8.152358,48.276323
1.928017,0.026333,6.708384,7.107371,7.107371,42.781306
1.959974,0.036469,5.862289,6.792562,6.792562,36.486699
1.967350,0.028405,5.901749,6.186296,6.186296,38.867712
2.335099,0.033675,6.522853,6.289749,6.289749,109.736131
3.815330,0.051677,11.854333,6.541756,6.541756,76.943584
3.120736,0.064054,11.760563,6.935426,6.935426,76.216538
2.424975,0.086555,7.693308,5.796108,5.796108,51.172478
3.386377,0.109363,12.929161,9.063869,9.063869,68.901520
4.016812,0.099647,12.469157,8.339157,8.339157,65.186823
3.919561,0.049447,8.219250,7.099318,7.099318,74.915496
4.255940,0.072574,12.417077,6.620863,6.620863,78.603297
3.829555,0.069737,11.952406,6.616619,6.616619,79.858022
6.790702,0.191599,32.226353,7.364059,7.364059,110.086194
4.466041,0.089279,14.612388,12.025385,12.025385,91.119468
7.529372,0.170665,27.518290,7.629645,7.629645,105.281038
9.326289,0.267621,38.132667,7.681961,7.681961,132.425540
6.482233,0.160963,21.551475,9.398593,9.398593,100.718690
8.531598,0.266702,30.346827,7.580379,7.580379,113.420864
8.936916,0.151161,25.556901,8.742116,8.742116,121.470374
13.471432,0.398359,41.576905,8.976567,8.976567,136.514020
6.821702,0.157162,24.971204,8.841726,8.841726,110.381466
6.981045,0.172413,21.853693,10.266486,10.266486,109.607630
7.968302,0.233871,22.124549,9.861489,9.861489,110.121182
13.140865,0.721106,49.619872,8.448268,8.448268,157.115617
7.705436,0.251831,25.394391,8.926678,8.926678,127.616679
7.282938,0.150775,32.368416,8.979423,8.979423,120.555038
7.171874,0.210624,27.531325,9.501244,9.501244,124.883994
5.379201,0.179218,22.634372,9.014274,9.014274,118.583452
6.256705,0.146914,29.320124,11.388558,11.388558,131.905769
5.306971,0.092260,23.175281,8.035863,8.035863,127.643959
5.379105,0.155956,28.040264,10.396213,10.396213,131.204625
6.231297,0.145080,28.285784,11.634960,11.634960,130.728239
5.299162,0.156511,22.970234,10.091704,10.091704,128.844067
7.427034,0.204520,28.191606,11.994129,11.994129,140.277524
6.212090,0.116111,28.062265,9.490253,9.490253,130.760282
11.464234,0.403872,45.640703,6.288277,6.288277,159.469734
6.079373,0.144378,27.893918,7.959411,7.959411,131.178721
7.066405,0.178726,29.793097,8.976394,8.976394,146.947197
6.726052,0.175788,25.326126,8.454745,8.454745,155.288972
5.626928,0.189262,24.057648,6.203205,6.203205,134.122118
6.750367,0.243466,24.910100,8.956712,8.956712,135.731172
11.656427,0.539816,47.027660,8.578730,8.578730,180.544930
7.416542,0.242656,28.963643,6.943715,6.943715,131.527771
7.753025,0.173922,20.759017,7.965225,7.965225,139.870007
6.364039,0.148817,23.032547,5.927115,5.927115,124.054635
9.037455,0.232407,24.191876,6.514210,6.514210,130.082111
8.826840,0.260444,25.128638,4.585424,4.585424,125.478713
6.704298,0.229538,24.657951,4.599652,4.599652,124.283858
7.764554,0.241524,25.589788,7.757202,7.757202,128.240171
6.282748,0.193719,26.140086,7.091543,7.091543,130.330154
8.692798,0.358713,22.478958,4.963689,4.963689,76.204472
6.299862,0.229303,22.012631,6.877332,6.877332,127.664789
6.460477,0.173021,23.637829,6.341359,6.341359,135.075610
10.243735,0.408252,34.538427,6.273631,6.273631,162.785333
7.767953,0.276295,23.719723,7.262418,7.262418,124.442178
5.975167,0.172728,20.390347,5.755730,5.755730,139.783921
8.985628,0.286148,36.289571,4.851374,4.851374,155.145829
10.198187,0.288302,33.943601,5.664490,5.664490,144.068905
8.985999,0.353580,29.845705,7.745436,7.745436,90.552622
5.965693,0.270477,18.752553,5.714009,5.714009,122.524732
4.849636,0.183096,16.012192,4.300653,4.300653,53.292278
4.812246,0.154721,16.512315,4.544293,4.544293,117.176271
9.994013,0.298544,37.130707,5.668072,5.668072,86.692903
9.265467,0.204429,29.961893,8.248398,8.248398,83.878826
6.213042,0.133386,24.145653,7.235385,7.235385,69.160472
6.523879,0.104353,23.865298,6.998223,6.998223,70.418400
6.204908,0.131557,27.769738,9.435190,9.435190,140.214428
6.659026,0.157137,35.234677,10.190807,10.190807,127.740305
7.411604,0.203382,27.481103,11.663185,11.663185,126.360557
5.955143,0.249962,21.187957,13.219996,13.219996,113.105117
7.024855,0.230636,24.176162,12.447142,12.447142,115.543678
5.557267,0.125902,21.511018,12.888753,12.888753,112.072089
12.411779,0.320021,40.440457,12.919456,12.919456,144.187087
6.800749,0.159772,25.291458,10.941112,10.941112,123.185406
7.164052,0.154267,25.490307,9.849460,9.849460,120.611363
5.212383,0.148489,21.488924,7.554166,7.554166,125.822412
6.933241,0.186898,25.920272,12.655236,12.655236,135.327701
11.367517,0.179200,31.050067,8.511212,8.511212,162.237498
11.356756,0.345137,41.024795,7.568798,7.568798,155.125011
9.188839,0.317910,32.543928,5.749589,5.749589,135.220141
10.256871,0.312874,35.818324,8.575675,8.575675,144.916895
6.129456,0.158667,19.151548,7.974425,7.974425,140.684867
9.251802,0.204976,30.147748,5.831608,5.831608,141.721393
6.862933,0.126867,20.740416,7.354667,7.354667,128.236127
8.859796,0.191791,24.254572,5.937069,5.937069,133.131971
7.394856,0.144125,22.419143,7.777342,7.777342,128.783328
7.230385,0.150374,24.296862,6.352718,6.352718,134.757285
7.995375,0.222802,26.841958,9.484254,9.484254,142.696511
5.306718,0.161489,20.047152,5.347198,5.347198,130.631923
6.754355,0.161200,19.074491,7.374144,7.374144,126.301822
7.575362,0.200972,25.865065,5.440991,5.440991,120.318556
6.619296,0.151350,19.510539,5.771132,5.771132,132.910049
11.470294,0.354620,46.185061,4.040615,4.040615,162.735554
6.881133,0.227264,23.420731,5.645702,5.645702,130.641249
10.199504,0.347656,22.371914,6.081310,6.081310,83.664434
5.454946,0.157302,23.723655,6.704725,6.704725,79.153769
5.688796,0.150944,25.664645,6.389607,6.389607,86.999946
5.666532,0.224108,25.970972,4.700525,4.700525,127.394371
5.424754,0.191650,22.848673,12.234859,12.234859,137.954928
5.453844,0.172869,30.179051,8.627690,8.627690,140.298372
4.944201,0.128932,22.114148,7.911965,7.911965,134.532149
5.736017,0.130129,23.568737,7.100978,7.100978,131.399561
4.242520,0.163447,17.758208,4.695370,4.695370,127.922715
3.831263,0.157974,15.214098,5.768452,5.768452,116.826301
3.951236,0.148049,15.823742,4.998783,4.998783,74.802730
2.543056,0.107318,12.155649,5.059706,5.059706,63.031018
2.478449,0.123630,10.491690,6.166509,6.166509,58.842539
1.399958,0.085746,4.827716,5.416974,5.416974,38.774391
1.466663,0.026417,4.438226,2.969294,2.969294,32.722247
1.500902,0.022567,4.897269,3.337059,3.337059,31.423046
1.515580,0.033658,4.602113,3.122609,3.122609,27.814144
1.664677,0.033925,5.084570,3.428923,3.428923,29.310089
1.466711,0.021280,5.222597,3.590171,3.590171,32.574953
1.445077,0.036114,5.275371,3.656606,3.656606,34.016060
1.582701,0.023402,6.335670,4.119121,4.119121,33.283713
2.342916,0.029518,8.751364,4.409339,4.409339,38.502353
3.337709,0.093649,11.245329,5.156146,5.156146,45.125393
7.451372,0.118521,29.337277,4.908455,4.908455,131.766433
6.862704,0.201139,29.900069,5.742146,5.742146,141.784261
8.351938,0.173678,27.614027,5.820361,5.820361,135.090317
11.014408,0.167895,35.097810,7.011356,7.011356,135.090097
12.093005,0.259738,33.381051,10.479299,10.479299,134.990579
7.143806,0.169443,33.650959,8.098921,8.098921,130.168056
12.521636,0.335777,37.385244,6.221121,6.221121,133.520719
11.295256,0.197256,27.182381,9.066972,9.066972,126.838877
12.719063,0.282771,34.522580,10.717050,10.717050,148.196404
6.161677,0.122645,21.646635,7.110913,7.110913,125.212968
6.990752,0.158784,22.873147,8.050027,8.050027,108.710005
5.415786,0.109292,15.262025,10.540167,10.540167,98.001598
4.853903,0.113560,13.788444,8.758391,8.758391,92.379033
4.932550,0.103990,15.923825,6.590990,6.590990,91.501205
4.425995,0.080416,14.766231,5.917802,5.917802,92.199533
8.047169,0.211680,27.886717,11.703743,11.703743,90.912473
4.797814,0.125607,21.458188,6.444255,6.444255,73.719403
5.846775,0.146163,23.225385,5.184417,5.184417,76.089980
5.953719,0.176844,22.246119,4.889653,4.889653,76.327604
5.437898,0.131543,22.706888,4.251330,4.251330,72.208441
5.921243,0.148420,23.271966,3.851491,3.851491,103.068013
5.520502,0.143088,21.719939,5.209639,5.209639,99.791424
5.336198,0.145721,21.835212,7.461753,7.461753,92.325075
5.767813,0.113078,23.994838,4.344892,4.344892,91.668998
5.453585,0.112654,19.630481,5.727106,5.727106,87.060917
5.589570,0.112928,22.388408,6.375085,6.375085,92.777023
6.049344,0.096061,25.643558,6.589672,6.589672,111.029129
6.238602,0.121093,24.296336,5.966200,5.966200,103.893235
8.383344,0.100674,21.668225,9.159745,9.159745,101.816902
5.516962,0.124171,20.087786,5.355489,5.355489,92.758203
6.247381,0.090333,21.037698,4.543323,4.543323,90.701250
6.962260,0.093412,19.614539,5.879656,5.879656,92.986146
5.480621,0.116802,20.051141,5.588824,5.588824,88.385622
4.778632,0.092989,16.645771,3.580968,3.580968,81.080438
10.467233,0.137808,24.828720,6.225860,6.225860,114.180367
6.479650,0.092129,17.548129,5.300312,5.300312,90.851041
5.052103,0.095328,17.715088,4.553764,4.553764,84.077302
4.554618,0.082137,16.175236,6.929277,6.929277,85.230982
5.643304,0.090219,18.260222,7.950089,7.950089,92.883471
4.995219,0.076509,17.434210,7.002867,7.002867,90.914217
5.066292,0.092541,16.202482,8.134742,8.134742,86.886668
4.864707,0.096951,16.060466,5.676223,5.676223,82.162686
5.083104,0.132567,16.447316,6.528895,6.528895,89.542676
5.449013,0.120724,18.418990,7.564974,7.564974,121.657807
6.653182,0.171622,19.236676,4.398953,4.398953,96.335469
3.462950,0.067022,10.344851,4.510689,4.510689,73.338659
6.485814,0.130888,28.510761,5.587687,5.587687,123.213618
5.330953,0.146970,20.428951,5.134153,5.134153,98.525538
2.527050,0.072345,9.760546,4.805987,4.805987,46.726494
3.622594,0.090501,13.538113,5.536017,5.536017,61.605354
4.140853,0.128496,10.969716,3.619392,3.619392,49.810606
4.455785,0.131693,16.390523,5.643915,5.643915,63.855889
2.290885,0.070832,8.490251,4.219823,4.219823,54.586899
2.616718,0.071968,10.996207,2.171273,2.171273,51.459187
2.538994,0.086025,12.020433,2.916917,2.916917,54.423603
2.258906,0.055759,9.519968,3.805936,3.805936,54.662457
0.708892,0.040456,2.578794,2.071785,2.071785,24.883512
1.132988,0.026050,4.358610,2.216183,2.216183,26.248996
0.756986,0.007823,2.885051,3.300189,3.300189,37.266337
1.166077,0.011563,4.124957,3.589348,3.589348,39.750697
1.078239,0.033703,3.253880,3.407541,3.407541,35.273792
1.557940,0.017160,5.927185,2.880052,2.880052,31.294619
4.033224,0.035597,7.439943,3.412642,3.412642,29.273256
5.722609,0.089462,21.162501,4.197672,4.197672,56.000029
5.580508,0.129087,16.357257,4.146237,4.146237,45.866929
4.407635,0.143310,9.554119,6.087863,6.087863,36.593800
4.267815,0.061749,8.246228,6.030001,6.030001,33.499093
2.596272,0.055102,10.008730,6.932201,6.932201,37.045391
3.707153,0.067902,13.263848,5.662963,5.662963,42.115093
2.518982,0.039198,8.790621,3.110128,3.110128,29.048171
3.609905,0.047732,11.860033,6.354213,6.354213,36.951670
3.240507,0.043449,10.845433,5.655815,5.655815,42.659649
2.678871,0.039701,9.837534,3.643217,3.643217,31.517910
2.815195,0.037510,10.460494,4.467631,4.467631,65.605372
4.788459,0.095127,18.573588,4.883880,4.883880,74.488286
4.689064,0.068755,14.024518,7.608201,7.608201,69.768289
6.373276,0.154176,19.945004,4.826374,4.826374,78.942448
4.959387,0.117415,18.246107,5.440674,5.440674,78.791621
10.775340,0.207066,38.588490,6.493633,6.493633,120.025884
7.844902,0.149914,18.649051,4.148614,4.148614,79.244724
11.223649,0.185010,31.608368,6.535463,6.535463,101.451266
7.810157,0.166264,26.878571,6.504546,6.504546,87.742271
6.372200,0.116461,22.293098,6.780994,6.780994,96.014717
5.359026,0.102997,17.736773,6.238638,6.238638,81.020738
5.691703,0.170083,18.080359,5.425157,5.425157,84.527200
10.243501,0.184470,20.805544,10.516157,10.516157,93.454662
10.237558,0.277605,35.409219,6.086409,6.086409,125.194279
9.841782,0.193956,28.941115,5.896832,5.896832,98.408640
11.834620,0.218749,32.830695,7.365913,7.365913,108.264151
11.254428,0.145942,29.150845,4.883609,4.883609,116.065986
9.807684,0.132636,24.143110,5.881012,5.881012,100.933054
9.715374,0.126117,18.217560,6.482344,6.482344,92.053164
7.408141,0.085026,16.149576,5.407985,5.407985,76.701734
6.078931,0.083265,14.723114,6.170669,6.170669,74.110271
6.517838,0.086048,13.680583,6.078835,6.078835,73.173556
5.329125,0.084500,12.278926,4.811140,4.811140,61.132255
6.177326,0.071030,13.935922,5.057735,5.057735,67.557949
6.208920,0.066600,14.577681,7.929294,7.929294,71.147781
9.195398,0.154661,38.998108,7.209841,7.209841,113.395210
9.818161,0.105109,18.779137,8.155827,8.155827,90.897588
5.853308,0.084719,13.543454,5.168328,5.168328,70.314066
6.177148,0.105098,14.239502,5.162384,5.162384,72.362979
5.438976,0.099288,12.967824,4.354919,4.354919,69.286892
6.126965,0.083658,11.732083,7.205680,7.205680,74.846207
5.960779,0.073971,13.655111,8.755970,8.755970,87.055554
5.416577,0.068146,14.505401,8.500095,8.500095,75.451810
4.958831,0.071815,12.925696,7.658987,7.658987,70.343474
5.676646,0.082700,12.652911,5.644172,5.644172,59.405912
6.009685,0.066279,14.306046,5.761987,5.761987,60.015760
6.702232,0.051517,13.153731,4.964319,4.964319,53.519932
6.306802,0.042448,10.740689,3.912814,3.912814,50.084273
10.961224,0.075203,17.784630,7.258759,7.258759,85.526329
9.756552,0.028654,19.899082,5.310977,5.310977,67.859368
13.518194,0.029336,19.130346,9.127865,9.127865,79.408861
11.146427,0.018590,29.523548,7.266737,7.266737,81.534601
