#Stereo rect[ms], MP culling[ms], MP creation[ms], LBA[ms], KF culling[ms], Total[ms]
6.393699,0.011372,0.105317,0.006260,0.006260,6.520838
7.902251,0.094964,0.965058,0.003757,0.003757,8.970096
8.014131,0.080621,1.111528,0.155420,0.155420,13.216731
4.452792,0.045785,0.773850,0.100163,0.100163,8.688668
8.794866,0.083105,2.350567,0.298878,0.298878,22.251629
8.094119,0.104745,12.054847,0.346542,0.346542,32.272653
8.954859,0.189883,23.829752,0.588068,0.588068,61.993020
6.668733,0.161245,11.281789,0.390629,0.390629,37.282311
7.267411,0.199496,12.611226,0.566368,0.566368,47.499803
10.118593,0.224062,26.386951,59.775449,59.775449,127.372601
7.434655,0.112715,13.299273,0.538168,0.538168,49.670471
8.184480,0.158958,16.413995,0.673685,0.673685,63.055973
13.138885,0.207559,28.964833,1.061715,1.061715,85.822252
7.484497,0.153350,16.763659,0.726082,0.726082,71.815569
7.946563,0.121303,29.175403,1.140354,1.140354,94.345671
7.783434,0.076460,16.272081,1.231307,1.231307,73.991483
8.537765,0.103475,18.235887,1.232033,1.232033,79.247301
7.166047,0.074283,13.590853,1.248757,1.248757,81.782826
8.663098,0.080179,14.159146,1.840796,1.840796,86.282678
7.843534,0.162774,1.613205,0.002637,0.002637,9.623719
9.127379,0.405466,2.854240,0.002913,0.002913,12.391698
9.275332,0.549876,11.721368,0.555053,0.555053,49.862540
9.606223,0.425431,13.581065,0.708367,0.708367,59.704464
9.394174,0.190326,10.912525,0.688336,0.688336,45.039480
6.196823,0.150657,13.269241,0.842330,0.842330,63.055473
11.875022,0.283487,28.593237,0.944369,0.944369,80.649988
11.287253,0.228755,20.991071,0.904392,0.904392,63.169989
7.433506,0.127394,12.456539,0.798491,0.798491,62.125125
13.707752,0.260481,19.706868,98.598604,98.598604,172.167213
8.275153,0.135475,17.097329,1.039167,1.039167,66.308658
13.798830,0.283751,33.136221,1.442037,1.442037,97.457719
14.399719,0.180640,31.185726,1.253680,1.253680,117.564078
7.539612,0.101552,15.241175,1.370671,1.370671,76.761894
9.541464,0.104794,18.686420,2.287965,2.287965,95.062947
7.793651,0.069987,17.453357,2.057866,2.057866,100.893656
17.779712,0.223993,25.586471,1.936788,1.936788,116.299482
18.315154,0.176117,39.521129,1.804857,1.804857,132.637599
11.874800,0.105595,28.114609,2.262102,2.262102,130.356727
9.166782,0.086889,24.352486,2.269408,2.269408,123.140178
12.604309,0.125837,26.601130,2.837931,2.837931,131.596657
8.573308,0.108750,24.122741,4.005555,4.005555,179.165180
7.598050,0.118980,17.007489,2.931857,2.931857,120.153255
7.293726,0.074222,16.190310,3.039517,3.039517,113.879965
6.023244,0.045473,12.630962,2.827051,2.827051,76.903595
6.390885,0.036610,14.698105,2.802120,2.802120,77.471596
11.723084,0.093972,32.865675,3.150841,3.150841,137.095382
8.648925,0.027169,0.303414,0.003070,0.003070,8.984588
7.040354,0.052185,0.598845,0.002680,0.002680,7.696027
8.133139,0.091578,0.768434,0.142437,0.142437,13.853762
8.569193,0.065782,1.104468,0.380822,0.380822,15.758004
6.678836,0.008675,0.523033,0.260369,0.260369,10.476193
8.713264,0.015263,1.706503,0.524516,0.524516,18.676073
7.867514,0.019836,1.908192,0.558639,0.558639,19.398918
9.199958,0.017613,2.304284,0.399332,0.399332,22.544643
5.273303,0.006663,1.091438,0.236989,0.236989,11.208939
6.134607,0.016819,1.784488,46.304121,46.304121,61.390085
5.459280,0.009794,1.559771,0.626291,0.626291,19.376204
7.565901,0.005460,3.484378,0.968032,0.968032,37.550593
8.805212,0.006580,4.294695,1.052691,1.052691,40.419592
9.860468,0.004487,4.608935,0.535948,0.535948,59.860301
6.849916,0.011237,0.120006,0.002122,0.002122,6.984347
7.908766,0.074182,0.949795,0.002717,0.002717,8.937419
8.417780,0.160060,4.609412,0.413502,0.413502,24.340227
8.571517,0.228855,12.673036,0.822663,0.822663,41.632553
9.049987,0.211016,9.114775,0.740823,0.740823,36.901832
9.488575,0.216872,10.172312,0.778702,0.778702,51.242307
7.405374,0.149656,13.782950,1.065624,1.065624,45.605939
6.650810,0.136974,10.447217,0.841042,0.841042,47.005119
8.469935,0.142150,13.052423,0.921821,0.921821,51.253611
7.653218,0.146357,14.412574,109.953489,109.953489,176.775518
6.831785,0.122496,15.699688,0.905087,0.905087,70.214672
10.199774,0.163214,23.423643,1.195479,1.195479,87.554805
8.312744,0.146997,17.453021,0.981162,0.981162,77.687324
13.983659,0.287121,39.551191,1.330257,1.330257,117.082378
7.375182,0.119645,17.272451,1.596839,1.596839,98.969751
6.851933,0.162696,17.903939,1.726900,1.726900,96.354877
6.792983,0.146546,22.125595,1.422533,1.422533,112.568046
7.189598,0.164251,16.936346,1.808945,1.808945,97.633847
6.540028,0.146556,18.133043,1.616563,1.616563,102.266115
6.196978,0.131201,19.226511,1.803888,1.803888,115.201500
11.914392,0.164895,27.682944,2.824057,2.824057,136.461714
6.798216,0.134288,19.733725,3.524033,3.524033,130.497179
9.366399,0.199077,23.177876,2.909701,2.909701,151.595594
9.377034,0.159833,26.306582,2.841244,2.841244,124.990252
5.775542,0.138856,19.727333,3.224682,3.224682,278.249332
7.005792,0.217659,18.358713,2.843287,2.843287,121.157638
9.948649,0.315877,30.727283,3.274802,3.274802,135.254867
9.392837,0.309760,33.736235,3.078261,3.078261,132.461187
5.577326,0.139585,12.607498,1.691990,1.691990,121.778307
4.635116,0.237682,15.720896,2.240598,2.240598,126.685837
9.022761,0.301174,25.265762,3.583314,3.583314,139.618584
7.024179,0.196624,14.312519,3.814004,3.814004,157.646857
5.827334,0.140076,14.151245,2.235521,2.235521,123.069703
7.710181,0.187464,14.067223,2.148046,2.148046,118.438056
6.427377,0.159237,13.888570,3.618706,3.618706,128.112309
9.133749,0.316077,20.211617,4.417127,4.417127,181.893287
5.997676,0.171257,14.972241,3.207709,3.207709,129.616931
7.450512,0.171358,18.611401,3.248627,3.248627,135.358111
5.439642,0.160019,13.938871,2.079863,2.079863,128.193968
7.586681,0.192028,16.785826,2.634527,2.634527,121.670448
6.422459,0.170373,22.779018,2.010280,2.010280,134.325901
5.341029,0.172061,16.922541,2.750737,2.750737,128.809966
6.879698,0.221854,23.463035,3.099706,3.099706,136.971534
6.092857,0.161013,17.257867,1.651604,1.651604,132.290822
6.856520,0.156104,16.426762,1.854442,1.854442,127.752900
7.064799,0.174884,19.594448,3.671838,3.671838,136.456956
6.004256,0.136623,14.762062,3.264020,3.264020,144.081861
6.062013,0.149044,19.615969,2.050679,2.050679,156.434850
5.732852,0.139532,15.656271,3.699871,3.699871,150.094208
6.389472,0.106351,16.589877,2.500878,2.500878,159.556143
5.820281,0.100967,16.292648,2.603685,2.603685,127.374796
7.265498,0.133105,18.920851,2.698107,2.698107,134.445073
8.437297,0.163205,25.533481,3.398995,3.398995,148.249314
5.466035,0.090454,15.576401,2.823985,2.823985,137.015144
6.940773,0.148697,19.951378,3.491464,3.491464,142.547602
6.159915,0.124790,15.745854,2.150416,2.150416,130.993162
7.419635,0.147232,21.928662,5.432480,5.432480,142.050524
5.592894,0.136540,17.607962,2.120863,2.120863,131.060445
9.633536,0.230468,26.328768,3.808347,3.808347,182.022348
13.085011,0.275521,33.970632,3.158696,3.158696,176.159715
7.687776,0.154165,22.221511,2.783914,2.783914,131.175934
7.657240,0.177599,19.849589,2.810160,2.810160,131.449499
6.949048,0.122077,17.661831,2.720268,2.720268,144.089457
6.518671,0.115329,18.453534,3.767312,3.767312,137.892217
6.239891,0.153980,19.174413,4.477893,4.477893,136.624939
7.498267,0.154595,20.117777,3.220282,3.220282,132.061153
10.790432,0.179108,25.583903,2.253717,2.253717,150.636737
6.797634,0.113482,17.458249,2.545434,2.545434,129.107352
6.996816,0.124568,19.221700,3.404695,3.404695,143.291234
9.025245,0.166046,21.759980,4.394994,4.394994,159.901418
8.286002,0.152418,22.141674,5.563036,5.563036,143.223382
6.757376,0.114936,18.907699,4.295211,4.295211,131.002072
6.075851,0.121371,21.416243,2.907917,2.907917,132.034639
7.677050,0.155474,20.710974,2.067886,2.067886,129.081453
8.599223,0.171406,28.124389,4.751086,4.751086,153.492783
6.985542,0.133156,21.853610,5.755296,5.755296,143.319557
7.870874,0.127736,22.028010,4.107851,4.107851,137.018154
7.505502,0.110817,24.849476,6.839130,6.839130,143.255382
7.248571,0.089012,21.974053,3.483571,3.483571,134.412805
6.501049,0.101118,21.788242,4.872622,4.872622,142.989775
7.152333,0.101113,22.074042,7.005380,7.005380,148.857392
6.970054,0.100226,27.556687,3.687787,3.687787,149.871974
8.426239,0.112687,26.091841,4.383031,4.383031,161.359707
7.413310,0.097760,22.955606,4.782763,4.782763,146.378893
7.866809,0.098544,25.199522,6.169633,6.169633,138.964651
7.247929,0.102403,21.924385,5.150610,5.150610,413.560588
7.054226,0.141090,21.826849,4.115086,4.115086,144.877930
12.041293,0.229628,34.283346,3.430726,3.430726,159.862414
9.210557,0.209826,26.445121,3.981554,3.981554,144.471042
11.978594,0.343676,33.625946,3.855309,3.855309,169.528626
9.413020,0.289381,25.130337,4.072286,4.072286,158.588057
7.427774,0.182624,24.049543,5.143244,5.143244,158.893817
6.278786,0.190019,22.045308,7.469893,7.469893,148.625211
6.631149,0.217269,22.896292,5.701954,5.701954,151.760946
6.828361,0.160844,20.185502,5.905564,5.905564,145.398521
6.791790,0.195717,19.164440,8.228528,8.228528,151.610236
6.107031,0.178401,16.999697,7.705454,7.705454,147.708235
7.193539,0.256675,23.700564,5.971785,5.971785,155.456304
6.152678,0.257794,18.339967,6.233356,6.233356,137.644072
6.175550,0.235175,17.884904,7.737417,7.737417,137.985462
5.679408,0.252436,16.491500,6.390653,6.390653,136.511672
6.311626,0.267337,18.321852,7.119328,7.119328,148.120059
5.545348,0.293503,15.501651,5.593388,5.593388,139.983908
5.906547,0.368576,19.953039,5.311686,5.311686,156.318782
5.745390,0.309961,18.589774,6.135179,6.135179,150.606571
5.951965,0.278633,15.216229,5.402786,5.402786,136.805179
6.382999,0.239629,16.833193,7.185757,7.185757,144.126537
9.625703,0.488940,26.987515,6.295260,6.295260,179.038781
7.829626,0.334382,23.031060,5.864299,5.864299,154.313950
6.075163,0.203695,17.231705,5.539779,5.539779,139.812375
5.396006,0.205726,16.932482,7.810955,7.810955,140.888436
6.128487,0.225763,17.471718,9.353732,9.353732,147.681874
5.617741,0.189632,17.399237,8.461063,8.461063,144.271399
6.443055,0.248747,16.440412,6.851069,6.851069,165.839150
7.957248,0.393716,24.765502,6.940771,6.940771,160.528212
5.824937,0.174236,17.490689,7.044067,7.044067,140.487269
5.701103,0.248319,17.209607,7.501701,7.501701,141.346765
5.972481,0.226861,16.078334,7.641751,7.641751,136.826011
4.711192,0.223972,14.346984,7.219178,7.219178,135.865808
6.247516,0.232773,21.645401,5.898516,5.898516,166.987243
5.741214,0.251328,16.380250,7.015611,7.015611,135.557652
6.119686,0.187601,18.062884,5.510868,5.510868,134.865348
5.878672,0.171085,17.409232,5.166164,5.166164,132.905647
6.373182,0.200536,20.580027,5.588210,5.588210,133.388702
7.473199,0.185418,23.233586,8.211916,8.211916,139.881808
6.911422,0.285552,24.840109,4.471386,4.471386,157.191273
5.759663,0.205447,23.052509,5.832721,5.832721,137.981689
5.180004,0.203048,21.733836,5.644265,5.644265,137.103714
5.070912,0.167953,19.227149,6.203079,6.203079,130.475555
5.031945,0.190273,19.633291,4.761773,4.761773,128.163459
7.212880,0.220193,24.395798,5.863505,5.863505,139.811167
5.773819,0.178898,20.156229,8.465020,8.465020,156.415974
7.449233,0.260591,28.415924,3.948098,3.948098,167.315870
8.513911,0.291396,30.880073,5.319317,5.319317,156.564941
5.825595,0.155213,17.910068,4.333052,4.333052,130.294072
6.808482,0.229209,21.962511,7.657372,7.657372,146.042661
11.778971,0.506828,28.085005,3.111108,3.111108,161.129865
6.001905,0.188514,18.075605,5.126839,5.126839,140.256274
5.891314,0.179680,15.372152,2.952705,2.952705,129.680134
5.339929,0.164028,17.319292,4.233391,4.233391,133.146535
5.253900,0.158067,14.652252,3.935424,3.935424,131.172221
5.256036,0.171551,15.275998,3.093429,3.093429,135.332898
6.944904,0.244999,17.004940,4.637501,4.637501,149.330284
5.793914,0.206355,19.829401,4.372492,4.372492,138.836598
6.164927,0.205552,17.071749,4.134659,4.134659,135.927661
5.929613,0.171784,16.972677,3.105694,3.105694,136.576303
6.221913,0.182925,19.081715,4.043133,4.043133,137.792791
5.782503,0.153050,14.696667,3.969022,3.969022,133.885125
5.863568,0.168082,15.167492,5.934342,5.934342,143.084317
5.493105,0.186415,17.199466,4.215558,4.215558,132.461948
6.081960,0.173942,16.390619,4.783394,4.783394,134.663893
4.681391,0.184081,14.865805,3.954795,3.954795,124.012278
4.984773,0.162409,15.339943,4.296363,4.296363,120.577154
5.640555,0.168960,17.694056,2.916760,2.916760,118.928875
4.500537,0.169488,14.226217,3.451540,3.451540,122.332518
6.528767,0.330677,21.465516,3.563993,3.563993,126.695881
5.720067,0.220611,17.512143,3.157120,3.157120,124.011287
6.643257,0.295812,21.546123,3.942938,3.942938,121.740418
7.245152,0.405227,23.438337,3.950918,3.950918,123.305738
8.947088,0.662334,42.125410,5.383986,5.383986,150.981615
6.472179,0.393439,31.702450,5.442112,5.442112,137.252632
10.059921,0.501136,33.244341,5.614396,5.614396,138.786649
6.683620,0.401126,24.452491,3.756788,3.756788,122.077605
6.258494,0.238131,21.228274,3.870418,3.870418,118.968214
5.562692,0.231366,19.768799,3.406386,3.406386,123.699789
7.382482,0.298654,21.659534,5.909071,5.909071,133.052064
11.811882,0.493687,36.873671,4.104092,4.104092,157.060828
6.060825,0.197845,19.586399,5.141142,5.141142,123.876936
7.246177,0.238707,22.370466,4.628513,4.628513,128.867803
11.945436,0.477557,38.490721,3.387877,3.387877,159.217312
8.512675,0.255187,27.783049,7.284484,7.284484,153.954667
9.185070,0.246303,27.081763,5.113535,5.113535,131.469993
9.125005,0.179762,20.150190,2.514053,2.514053,123.387817
13.084902,0.300736,38.659822,5.297252,5.297252,162.412535
11.999509,0.304107,35.100309,4.258050,4.258050,151.445059
11.053776,0.303797,30.399545,7.295001,7.295001,145.449822
9.981691,0.251395,26.385395,4.975486,4.975486,131.868967
6.493430,0.157714,17.163761,6.702450,6.702450,128.423945
11.364941,0.328967,35.686447,5.146138,5.146138,156.243515
6.914859,0.201253,20.458038,4.146340,4.146340,126.022698
10.120206,0.330156,37.468523,6.642220,6.642220,156.800020
5.350031,0.139770,14.926544,4.829585,4.829585,125.822376
4.645141,0.140828,14.839630,5.438893,5.438893,120.920623
6.092791,0.264401,17.964647,4.166704,4.166704,133.693888
4.258055,0.121237,12.625083,4.795337,4.795337,116.137245
5.373011,0.163737,15.127878,5.336485,5.336485,128.643294
7.020250,0.301954,19.054437,3.546011,3.546011,133.291688
7.930459,0.312147,28.206379,5.193037,5.193037,164.245114
8.109683,0.350563,25.195113,4.924605,4.924605,163.465103
8.169265,0.352833,30.560307,6.373533,6.373533,152.662103
5.219660,0.228558,14.826779,5.093761,5.093761,130.134377
5.451176,0.187260,18.253787,5.675680,5.675680,132.793745
4.399933,0.174330,13.176798,3.832706,3.832706,124.713223
8.067738,0.312146,25.426668,2.774255,2.774255,164.954407
6.752712,0.245537,13.740734,2.646051,2.646051,124.246148
9.150875,0.380852,13.002130,4.447865,4.447865,137.558411
7.151024,0.276425,13.049117,2.088931,2.088931,128.248277
4.648070,0.280402,12.616790,2.904725,2.904725,126.317790
7.850691,0.414018,22.089096,2.940786,2.940786,142.758593
4.304905,0.171572,11.515062,2.460055,2.460055,122.427687
8.008034,0.279508,27.134231,3.672100,3.672100,169.994998
5.781222,0.180171,15.107890,3.648016,3.648016,136.766417
7.435019,0.267518,15.914829,4.207464,4.207464,130.337936
4.010208,0.121857,11.917348,3.484120,3.484120,121.452920
5.186020,0.114248,14.133530,4.951152,4.951152,126.917148
4.200482,0.109485,12.050798,4.258003,4.258003,128.864062
4.790324,0.112616,13.482253,4.689128,4.689128,131.874552
4.148424,0.135788,12.529215,5.016723,5.016723,129.909133
4.009503,0.096342,11.264573,4.363322,4.363322,136.329603
3.450572,0.065907,11.345462,3.942128,3.942128,127.203802
4.285674,0.109901,15.138117,3.879487,3.879487,129.790035
3.949924,0.095479,12.063420,4.481038,4.481038,127.841063
3.494020,0.103791,11.134909,4.013522,4.013522,128.386796
6.848783,0.142811,24.489287,4.317859,4.317859,138.421751
3.464160,0.068340,12.726049,4.900652,4.900652,122.290308
4.634899,0.102017,14.961113,3.593628,3.593628,119.223680
4.900169,0.089604,17.776023,4.928690,4.928690,130.213296
3.622272,0.078756,12.865770,3.618396,3.618396,118.916799
6.584253,0.151543,26.309800,2.630512,2.630512,139.573986
6.969195,0.146554,27.448101,3.595636,3.595636,137.253569
4.799736,0.076889,16.101128,4.338162,4.338162,113.587160
4.047131,0.094200,12.196519,3.621040,3.621040,111.951742
4.431636,0.080354,16.045321,5.021165,5.021165,102.561190
2.952420,0.045589,9.108669,3.614294,3.614294,90.067355
4.913776,0.073535,17.589096,3.583281,3.583281,107.476212
3.250664,0.066554,12.823102,3.465499,3.465499,91.259656
6.415706,0.141101,37.691168,5.418074,5.418074,147.438908
3.474925,0.098732,16.928742,2.781724,2.781724,104.965729
6.684210,0.168310,31.751630,3.891067,3.891067,128.708969
7.084306,0.170147,37.066113,3.132369,3.132369,129.998154
6.671099,0.159609,26.786182,4.281766,4.281766,126.469881
7.435861,0.106246,17.607333,3.486212,3.486212,110.074740
6.038978,0.098575,15.994117,4.667646,4.667646,104.787615
3.709886,0.086308,14.594229,4.297047,4.297047,96.848067
3.205704,0.069340,12.738453,6.798761,6.798761,92.732693
3.159855,0.059496,11.656947,5.034011,5.034011,103.573584
2.681019,0.060312,10.975615,3.499102,3.499102,89.397099
2.501587,0.043809,9.533208,8.616882,8.616882,96.741312
2.622958,0.058880,10.190211,4.699664,4.699664,88.737633
2.690566,0.040164,9.966727,3.920866,3.920866,86.954507
2.930090,0.035319,10.102279,3.675683,3.675683,85.425000
2.346534,0.039908,9.303740,3.634275,3.634275,81.839840
1.993564,0.044153,6.983188,4.029582,4.029582,76.702552
3.243739,0.031222,11.622500,3.751979,3.751979,88.353381
2.739453,0.025936,9.414598,4.148544,4.148544,78.764107
5.974771,0.078882,28.407213,4.905542,4.905542,122.211084
3.643846,0.065735,14.222661,3.918793,3.918793,89.185243
2.591165,0.047374,8.967649,4.994294,4.994294,80.997423
4.745479,0.077179,15.929839,3.577714,3.577714,89.992411
2.778300,0.046492,8.202735,3.090179,3.090179,75.435067
5.041430,0.071355,19.006000,5.220420,5.220420,129.571486
3.021763,0.073473,8.577988,3.511733,3.511733,77.951478
3.232728,0.084088,11.512297,3.091662,3.091662,73.592033
3.800427,0.041249,8.037777,3.892091,3.892091,73.723024
3.834273,0.038085,11.134766,3.918307,3.918307,81.559781
3.975774,0.043094,10.083398,3.030813,3.030813,79.862315
4.983708,0.089294,6.574687,3.803351,3.803351,39.844612
4.598919,0.067142,11.581793,4.087151,4.087151,55.035674
5.109378,0.052646,17.069134,5.143372,5.143372,67.193377
5.682857,0.070716,17.692105,4.339018,4.339018,76.015738
5.707780,0.071045,15.296890,3.907159,3.907159,61.054704
3.418014,0.064608,8.722880,3.610193,3.610193,73.764202
5.305214,0.103162,17.068734,3.042711,3.042711,85.992352
5.570326,0.153480,14.877607,4.468543,4.468543,99.664372
5.908386,0.191273,13.767968,5.164746,5.164746,89.804509
3.116349,0.061280,8.819906,2.886037,2.886037,69.471718
3.908919,0.137164,11.318618,3.672441,3.672441,73.647918
4.636816,0.105824,13.658599,3.131628,3.131628,77.863601
4.109601,0.056534,9.237942,4.215274,4.215274,68.916113
3.663058,0.071840,10.920442,3.679602,3.679602,76.496226
3.868423,0.076148,10.761460,3.543658,3.543658,75.867066
6.315924,0.099788,12.183067,4.913959,4.913959,74.317344
6.139754,0.120060,16.374597,4.890105,4.890105,100.032399
3.676706,0.056815,9.972302,2.338216,2.338216,68.873140
4.680864,0.076545,11.452240,5.048443,5.048443,74.818193
4.343241,0.080972,9.800059,3.202245,3.202245,68.124525
4.435595,0.084227,12.154591,5.670964,5.670964,79.076396
3.697295,0.069583,9.924522,4.981793,4.981793,72.491606
4.215936,0.085630,11.517737,4.271153,4.271153,74.275735
4.153310,0.056911,10.730033,3.537528,3.537528,80.364665
4.526888,0.065542,10.229316,5.179503,5.179503,71.173696
5.148799,0.064227,10.532071,3.751795,3.751795,69.779443
5.710150,0.065987,13.234933,4.082049,4.082049,70.227063
6.926943,0.073505,15.213859,6.945101,6.945101,91.132266
4.471516,0.055426,12.148275,3.760105,3.760105,71.423179
4.996085,0.082853,13.797564,6.626294,6.626294,80.414553
8.260479,0.110565,23.851412,6.318051,6.318051,103.113627
3.730539,0.069261,12.085447,4.108545,4.108545,72.308877
5.135022,0.070016,14.154351,4.223290,4.223290,76.469146
5.231441,0.068441,13.720152,5.357223,5.357223,73.301737
4.628525,0.082459,12.577051,5.628661,5.628661,82.330859
5.174236,0.062035,13.680848,7.577189,7.577189,101.739140
5.050048,0.061296,12.831658,4.552439,4.552439,76.902172
5.203419,0.059449,12.843992,4.265813,4.265813,77.411954
13.692892,0.201722,31.271327,4.470585,4.470585,115.436506
10.104923,0.136877,20.592957,4.957604,4.957604,96.654810
5.370915,0.074473,15.351573,5.411314,5.411314,81.821152
10.036944,0.181836,23.944932,5.161593,5.161593,119.686228
7.954706,0.106172,16.359985,5.251688,5.251688,89.418476
10.716933,0.117140,29.943760,6.333278,6.333278,120.042976
8.533921,0.102312,20.623805,5.500309,5.500309,97.260380
5.581927,0.060645,15.388057,6.081486,6.081486,84.189448
6.914099,0.075166,12.879780,8.531808,8.531808,93.618298
4.884284,0.068591,12.834126,4.533989,4.533989,74.794624
5.393466,0.069189,14.902876,6.054070,6.054070,81.046757
10.076398,0.080000,20.420276,8.111321,8.111321,98.217791
6.226585,0.094767,18.010195,5.324338,5.324338,88.582562
7.257560,0.090686,15.748004,4.999527,4.999527,87.951303
5.497022,0.098856,15.875289,6.089280,6.089280,88.110446
5.998018,0.079720,16.996132,5.138937,5.138937,82.818954
5.331584,0.060249,14.440483,4.280129,4.280129,78.551557
5.074600,0.057197,15.368796,5.467795,5.467795,82.903000
5.550490,0.070888,15.080453,4.707312,4.707312,82.190923
6.300691,0.089963,15.873655,6.792507,6.792507,91.330112
5.569979,0.091710,16.308765,9.102133,9.102133,90.986177
8.104256,0.113466,20.429117,4.933479,4.933479,100.065709
8.179380,0.148139,19.236228,7.110106,7.110106,104.578053
5.919652,0.104762,21.182230,4.393328,4.393328,97.966132
5.447796,0.125300,13.675191,7.646230,7.646230,90.463509
5.931269,0.138206,16.651550,6.091623,6.091623,94.727659
9.594136,0.224409,24.259555,3.189843,3.189843,121.300872
7.394755,0.217749,21.066793,5.244447,5.244447,107.350031
5.626341,0.202458,17.832872,6.043182,6.043182,116.583849
7.070271,0.234092,18.768967,5.270314,5.270314,110.827064
4.987494,0.181976,19.160793,8.573805,8.573805,107.872799
5.261317,0.164941,20.004270,7.367020,7.367020,115.875251
5.986128,0.135917,26.146982,6.581607,6.581607,112.636772
6.179333,0.182065,25.023814,7.696857,7.696857,120.244337
6.615709,0.213911,27.439672,6.754304,6.754304,122.294087
6.607504,0.209426,27.079862,9.238682,9.238682,138.417005
6.425544,0.206453,29.212299,7.629173,7.629173,128.995202
5.781513,0.203624,28.727376,7.515102,7.515102,127.640645
6.456181,0.171842,30.404099,5.183011,5.183011,123.974612
7.053982,0.238340,35.248703,8.767400,8.767400,133.904149
6.404895,0.200858,32.841478,10.687427,10.687427,134.489731
6.500769,0.206036,32.902895,8.599299,8.599299,138.476754
6.630059,0.194195,30.371993,9.409313,9.409313,146.289082
6.384510,0.181396,30.081119,8.752983,8.752983,135.750231
6.744825,0.180349,27.926251,8.539243,8.539243,126.972454
6.142524,0.175413,27.719209,7.734557,7.734557,129.009877
5.643823,0.157393,28.141681,8.876285,8.876285,129.733264
6.833616,0.207057,28.117598,11.251624,11.251624,140.692208
5.185064,0.180934,19.999306,8.718559,8.718559,136.785881
6.389817,0.158005,23.252544,9.504843,9.504843,134.315287
6.410303,0.132142,23.448699,8.352853,8.352853,125.566753
5.964404,0.143769,20.832687,7.796842,7.796842,130.269469
7.300665,0.203993,24.974094,9.064921,9.064921,131.207259
6.693220,0.196782,24.765607,6.649153,6.649153,128.868549
10.070072,0.333022,29.553961,9.528654,9.528654,152.920502
5.922365,0.225366,34.880154,11.890886,11.890886,144.976813
5.841719,0.163246,22.279914,10.044617,10.044617,130.618748
6.617932,0.157401,23.553748,9.170995,9.170995,133.890647
6.498529,0.171920,21.736013,9.555248,9.555248,134.238375
12.983723,0.311412,39.162422,10.312182,10.312182,168.761060
6.980337,0.175599,27.729164,8.974310,8.974310,156.645690
6.348966,0.131135,26.866209,10.397818,10.397818,150.300898
5.863224,0.171477,26.269200,7.156112,7.156112,141.087098
6.673641,0.201118,26.357864,9.648793,9.648793,149.189767
7.106369,0.216721,30.092052,7.840339,7.840339,156.937609
6.827537,0.211436,26.118480,7.810660,7.810660,158.718156
8.772557,0.313423,32.563170,11.185026,11.185026,182.493065
7.445161,0.280185,27.136380,8.195773,8.195773,163.215673
7.917355,0.275530,28.720794,9.061660,9.061660,156.818716
6.899844,0.175512,27.261246,7.914548,7.914548,157.314695
6.402124,0.219656,25.879913,8.137875,8.137875,156.240019
6.347971,0.207808,25.458842,8.214635,8.214635,176.690390
6.453310,0.298565,24.404009,8.422155,8.422155,162.709575
6.297091,0.168208,25.659416,6.047245,6.047245,162.273781
7.390216,0.362296,26.047309,6.797848,6.797848,157.218061
5.846546,0.173518,20.627628,9.679980,9.679980,157.389371
5.610970,0.233831,22.660722,9.303416,9.303416,169.756065
7.036527,0.309948,24.753932,8.577700,8.577700,165.867441
7.828331,0.420009,26.023184,9.753575,9.753575,163.484024
8.302089,0.247474,26.976114,8.382469,8.382469,163.651094
6.836049,0.219801,26.779311,9.862253,9.862253,162.577627
7.409586,0.194023,29.129552,12.343722,12.343722,198.804497
7.484916,0.248001,30.499443,8.484386,8.484386,189.491923
7.576738,0.218892,31.066425,8.742873,8.742873,174.742838
7.030070,0.174053,28.449416,9.650268,9.650268,192.090613
7.971263,0.170040,30.020998,12.459180,12.459180,190.930283
9.175346,0.228537,34.049202,9.479351,9.479351,186.563618
8.437013,0.160942,30.688834,10.265114,10.265114,189.408877
8.065905,0.186478,32.145030,9.320568,9.320568,175.641048
9.744658,0.200596,33.859730,8.776896,8.776896,189.279425
7.616514,0.144471,30.449939,11.166398,11.166398,198.046735
8.164129,0.175114,30.079405,9.670315,9.670315,191.186634
9.337167,0.163720,31.623736,9.391586,9.391586,192.575859
7.845708,0.136861,29.391015,6.602190,6.602190,170.198353
12.172180,0.144157,36.517489,10.872022,10.872022,186.903970
7.772949,0.125598,34.885239,9.363849,9.363849,193.080832
8.034638,0.122153,30.217799,7.920383,7.920383,176.559524
9.255426,0.157377,34.057443,8.269906,8.269906,194.381638
6.238993,0.138119,29.862679,9.086341,9.086341,175.423917
8.729701,0.244669,33.963596,12.407008,12.407008,205.175981
6.410359,0.245029,25.649603,10.035802,10.035802,189.706741
5.926883,0.215999,23.781756,11.711682,11.711682,186.367372
6.496954,0.259612,24.538939,11.362607,11.362607,170.680235
6.808848,0.286905,26.116431,8.274468,8.274468,168.618552
5.670300,0.319387,21.103308,12.028080,12.028080,192.416203
5.107699,0.288083,17.695838,9.187964,9.187964,90.486499
5.306667,0.176882,20.638180,10.038225,10.038225,162.744614
5.273326,0.235594,20.487132,13.114893,13.114893,153.762800
5.974808,0.173850,22.367364,10.243540,10.243540,161.073677
6.383607,0.199422,27.155873,12.714440,12.714440,173.272380
5.994480,0.231024,26.291965,8.495010,8.495010,179.455847
7.204949,0.202516,27.035983,8.174333,8.174333,164.765317
6.705713,0.116481,27.653192,10.069118,10.069118,168.624618
9.721035,0.218999,32.138684,13.292488,13.292488,195.462387
8.174643,0.139890,31.137811,15.213173,15.213173,207.403176
8.020454,0.132388,29.712678,12.747446,12.747446,189.217847
8.287943,0.125652,28.718788,16.797391,16.797391,197.968960
8.216966,0.152190,30.333447,15.109176,15.109176,196.019171
9.893196,0.155684,34.661980,16.504696,16.504696,196.470429
17.302436,0.220285,38.486307,11.906499,11.906499,212.492884
10.774907,0.121926,36.540755,13.828627,13.828627,196.642850
9.659703,0.111496,31.356260,13.231115,13.231115,202.602594
8.379500,0.098688,31.665058,10.767197,10.767197,204.055262
7.949836,0.111969,32.522038,16.188212,16.188212,203.970418
7.564046,0.125235,33.554035,10.682360,10.682360,202.454772
8.413014,0.137895,30.499222,11.905738,11.905738,199.528351
8.550746,0.099991,28.542312,15.280577,15.280577,198.000861
14.678800,0.194309,30.836347,10.815700,10.815700,255.132562
13.737516,0.161644,33.301116,13.014891,13.014891,204.459687
17.943880,0.232462,49.117342,8.690104,8.690104,234.794012
17.916637,0.259968,49.840054,8.758701,8.758701,214.022232
9.526180,0.117206,37.431435,10.418595,10.418595,211.801378
17.644863,0.148564,47.542616,11.180927,11.180927,216.166282
9.317923,0.107441,32.344447,9.920095,9.920095,189.568066
13.723231,0.134934,35.217349,12.162064,12.162064,196.671858
10.633656,0.084837,35.324827,11.364072,11.364072,199.665335
9.666378,0.080743,28.808435,14.125652,14.125652,194.340516
15.446388,0.134099,34.001625,11.826060,11.826060,213.830411
10.941049,0.097093,31.977096,10.864922,10.864922,193.441224
22.870738,0.117599,51.134181,11.854832,11.854832,247.155965
10.912058,0.103110,28.823989,10.560019,10.560019,216.921673
9.731363,0.089932,34.235688,10.931194,10.931194,203.593647
13.650123,0.116468,31.539074,11.459219,11.459219,208.614311
11.598591,0.199438,30.348343,7.706998,7.706998,207.384167
10.946755,0.117532,29.060714,12.885209,12.885209,196.617303
10.762658,0.115889,27.290027,12.239331,12.239331,202.732190
10.762096,0.100014,26.976906,10.041386,10.041386,187.861143
10.406431,0.125418,28.056704,15.531451,15.531451,209.172838
11.040765,0.140135,27.085361,11.351421,11.351421,189.732072
9.492373,0.092014,24.821756,11.541138,11.541138,190.881947
9.630811,0.096890,22.601633,11.434422,11.434422,184.194185
24.050985,0.233832,44.874416,14.876491,14.876491,242.151990
13.711426,0.090128,27.687088,11.220811,11.220811,189.555469
10.016802,0.071915,24.121321,14.521294,14.521294,192.458987
8.123795,0.078274,18.554749,13.896282,13.896282,184.401429
6.435760,0.092969,14.036254,10.705832,10.705832,96.280637
9.324802,0.056640,19.635504,12.118707,12.118707,106.796975
7.310687,0.074432,16.209454,14.914988,14.914988,94.311746
10.685681,0.109820,20.248612,8.652008,8.652008,105.943882
14.016341,0.102661,31.738861,16.551695,16.551695,110.697971
12.252821,0.088708,22.197845,9.319128,9.319128,105.978483
9.600397,0.033105,16.127679,15.967845,15.967845,177.620732
8.690590,0.033660,17.330825,11.815210,11.815210,160.972106
