1403638147795097088.000000 1.293164730 4.493496418 -11.454414368 -0.586699486 -0.599067032 -0.377320856 0.393104881
1403638148095097088.000000 1.293053746 4.523680210 -11.419187546 -0.578117430 -0.581805289 -0.397895664 0.411049724
1403638150395097088.000000 1.068881512 4.946037292 -11.068387985 -0.539241433 -0.623920441 -0.387361825 0.412180603
1403638152645096960.000000 -0.301176280 5.584795952 -10.914058685 -0.400764197 -0.723779917 -0.288140655 0.482188553
1403638152945096960.000000 -0.582025051 5.655237675 -10.895956993 -0.385787874 -0.726518869 -0.269175887 0.500881732
1403638153295097088.000000 -0.920139968 5.742413521 -10.822867393 -0.357889175 -0.748518467 -0.243045896 0.502557635
1403638153595097088.000000 -1.222392917 5.826730728 -10.779221535 -0.317202210 -0.770202637 -0.229659662 0.503415465
1403638155695097088.000000 -3.531258583 5.762003899 -10.640155792 -0.161239594 -0.785122693 -0.134108439 0.582751393
1403638155795097088.000000 -3.622829676 5.705800056 -10.649809837 -0.146362752 -0.787256539 -0.118557051 0.587153673
1403638156095097088.000000 -3.862645388 5.516424179 -10.678768158 -0.090803966 -0.813599408 -0.062521979 0.570877910
1403638156245096960.000000 -3.971525192 5.419290066 -10.667991638 -0.065105051 -0.820340931 -0.037639447 0.566908717
1403638156695097088.000000 -4.312465668 5.164904118 -10.655313492 -0.030882861 -0.831236720 -0.004895715 0.555038631
1403638156845096960.000000 -4.439145565 5.093339443 -10.674595833 -0.030485086 -0.831589282 -0.005622282 0.554525256
1403638157195097088.000000 -4.762817383 4.952277660 -10.699182510 -0.037600033 -0.836479127 -0.011142084 0.546593904
1403638157895097088.000000 -5.546413898 4.709963799 -10.650191307 0.033201117 -0.819820940 0.013845040 0.571488917
1403638158245096960.000000 -5.942430019 4.565263748 -10.599385262 0.066662066 -0.819617391 0.058667507 0.565987289
1403638158695097088.000000 -6.431903839 4.402220249 -10.613073349 0.081327118 -0.815513074 0.051098321 0.570713043
1403638159095097088.000000 -6.847075462 4.249359131 -10.602389336 0.067175731 -0.832097828 0.059749685 0.547293842
1403638159245096960.000000 -7.009821415 4.196124554 -10.583111763 0.066068925 -0.842041075 0.057519574 0.532253087
1403638159695097088.000000 -7.543826103 4.070792675 -10.525203705 0.039401218 -0.794680715 0.091785617 0.598753393
1403638160045096960.000000 -7.878395557 4.084131718 -10.389130592 0.060127057 -0.793571472 0.065770157 0.601916492
1403638160345096960.000000 -8.089004517 4.140076637 -10.197465897 0.070007160 -0.819676816 0.057503253 0.565616727
1403638160545096960.000000 -8.224600792 4.179723740 -10.051277161 0.071184441 -0.826179087 0.056315955 0.556048095
1403638160995097088.000000 -8.558412552 4.269768715 -9.783481598 0.039581157 -0.807395637 0.060077369 0.585607708
1403638161145096960.000000 -8.659994125 4.315830708 -9.708934784 0.016114539 -0.805852890 0.042481232 0.590370119
1403638161995097088.000000 -9.130928040 4.688949585 -9.436407089 -0.090987682 -0.815701663 -0.035646401 0.570159078
1403638162245096960.000000 -9.267187119 4.829448700 -9.375964165 -0.106071644 -0.817352235 -0.038664892 0.564968348
1403638162495097088.000000 -9.403015137 4.994376659 -9.315768242 -0.113172077 -0.815219522 -0.036123425 0.566837251
1403638163295097088.000000 -9.787065506 5.682446003 -9.066003799 -0.139869764 -0.802110136 -0.067454301 0.576633096
1403638165995097088.000000 -9.518895149 8.598977089 -8.751906395 -0.219854325 -0.777935088 -0.147307739 0.569896162
1403638166795097088.000000 -8.993351936 9.321273804 -8.535047531 -0.213499308 -0.794844568 -0.133283705 0.552155375
1403638167095097088.000000 -8.829001427 9.577274323 -8.491529465 -0.226519316 -0.812199295 -0.111840881 0.525845110
1403638167395097088.000000 -8.724021912 9.887850761 -8.406676292 -0.216525540 -0.812437117 -0.126647636 0.526329756
1403638167695097088.000000 -8.676115990 10.228453636 -8.327782631 -0.228144720 -0.796668887 -0.121346526 0.546391606
1403638169245096960.000000 -8.444544792 12.465492249 -8.157204628 -0.320730478 -0.760567605 -0.211006761 0.523588717
1403638169395097088.000000 -8.461218834 12.688579559 -8.187809944 -0.338408798 -0.741827965 -0.199224934 0.543580890
1403638169845096960.000000 -8.403132439 13.367294312 -8.239717484 -0.390158176 -0.709578156 -0.263232082 0.524389565
1403638169995097088.000000 -8.353082657 13.580786705 -8.221854210 -0.403668821 -0.695529938 -0.302931845 0.511392117
1403638170445096960.000000 -8.187870979 14.106531143 -8.203106880 -0.493686467 -0.633224189 -0.343174130 0.487372875
1403638171795097088.000000 -7.043776512 14.849146843 -8.209512711 -0.620973110 -0.488619834 -0.426522851 0.440137804
1403638172095097088.000000 -6.621539116 14.779394150 -8.205157280 -0.626287699 -0.471821666 -0.444321990 0.433273643
1403638172445096960.000000 -6.065612793 14.558709145 -8.227256775 -0.626773775 -0.472043604 -0.449603587 0.426832676
1403638172595097088.000000 -5.814323902 14.429222107 -8.274724960 -0.624414265 -0.469762653 -0.449865699 0.432493657
1403638174395097088.000000 -2.177203655 11.566687584 -9.661894798 -0.628991425 -0.520545959 -0.428954691 0.386522532
1403638174545096960.000000 -1.885263681 11.295778275 -9.797733307 -0.631964922 -0.524324894 -0.423352450 0.382722408
1403638174845096960.000000 -1.313252568 10.790886879 -10.025043488 -0.635909915 -0.536917329 -0.416442066 0.365943313
1403638175295097088.000000 -0.515581906 10.167481422 -10.254843712 -0.637640715 -0.538731635 -0.419486344 0.356670350
1403638176395097088.000000 1.061967492 9.668478966 -10.484355927 -0.616083801 -0.542480767 -0.446286321 0.356348157
1403638176745096960.000000 1.389725924 9.729523659 -10.493190765 -0.617049873 -0.543863058 -0.446909219 0.351759225
1403638177145096960.000000 1.649946094 9.826404572 -10.451506615 -0.619772017 -0.544508994 -0.443872273 0.349814355
1403638179595097088.000000 2.756247044 10.135648727 -10.835192680 -0.760596931 -0.317740649 -0.514504611 0.236259043
1403638179745096960.000000 2.870719671 10.129907608 -10.877777100 -0.768864453 -0.287223488 -0.526897311 0.220747545
1403638180095097088.000000 3.142527580 10.103946686 -10.923736572 -0.795299649 -0.233414277 -0.529619217 0.180332378
1403638180495097088.000000 3.484724522 10.076529503 -10.966242790 -0.801465750 -0.222939208 -0.529860556 0.164919898
1403638181345096960.000000 4.384758472 10.113674164 -11.064128876 -0.794909418 -0.222628415 -0.533287764 0.184823483
1403638181645096960.000000 4.754735947 10.109130859 -11.135943413 -0.790682018 -0.162144423 -0.563821971 0.175031453
1403638182495097088.000000 5.740821362 9.833227158 -11.114683151 -0.832834125 -0.088113651 -0.539926708 0.084276006
1403638182695097088.000000 5.996607780 9.754673004 -11.068864822 -0.833680928 -0.101952828 -0.538043797 0.071349062
1403638182845096960.000000 6.199702740 9.701619148 -11.026571274 -0.831918955 -0.104445927 -0.539839387 0.074668638
1403638183545096960.000000 7.199912548 9.510187149 -10.970517159 -0.830587745 -0.120272018 -0.539410889 0.068517044
1403638183845096960.000000 7.655444622 9.481713295 -10.970187187 -0.814970791 -0.120745219 -0.562630355 0.068484940
1403638184295097088.000000 8.301504135 9.502326012 -10.889587402 -0.825105131 -0.117132679 -0.548506498 0.067986555
1403638184445096960.000000 8.515172005 9.525618553 -10.873333931 -0.820896447 -0.116403095 -0.554936767 0.068003267
1403638185245096960.000000 9.611032486 9.768449783 -10.792831421 -0.816136122 -0.117947571 -0.562214494 0.062650457
1403638185395097088.000000 9.802475929 9.834291458 -10.772830009 -0.813235760 -0.122950181 -0.565739036 0.058909029
1403638185595097088.000000 10.046605110 9.942081451 -10.742612839 -0.803591609 -0.144107863 -0.573639333 0.066419013
1403638185895097088.000000 10.377555847 10.140519142 -10.698740959 -0.804894507 -0.149904281 -0.562919974 0.113113709
1403638186295097088.000000 10.793159485 10.390769958 -10.681830406 -0.809363365 -0.161314428 -0.553196967 0.113498114
1403638186495097088.000000 10.999462128 10.509024620 -10.652824402 -0.808363795 -0.162946671 -0.554942787 0.109703690
1403638186645096960.000000 11.149899483 10.598629951 -10.628533363 -0.808607697 -0.165513337 -0.555020571 0.103495046
1403638186795097088.000000 11.299496651 10.694584846 -10.616429329 -0.805505037 -0.174769953 -0.558225751 0.094874643
1403638189395097088.000000 11.918197632 12.287714005 -10.201966286 -0.723571181 -0.355201274 -0.530528426 0.262328804
1403638190245096960.000000 11.380273819 12.336352348 -10.063731194 -0.721944690 -0.389126629 -0.504357636 0.270184755
1403638190695097088.000000 11.115135193 12.432883263 -10.107850075 -0.691442370 -0.418813288 -0.521768510 0.272507966
1403638190995097088.000000 10.865444183 12.487934113 -10.122304916 -0.696202219 -0.415020674 -0.506894827 0.293458670
1403638192345096960.000000 9.656108856 12.721696854 -9.981638908 -0.701720655 -0.419231027 -0.501112044 0.284112960
1403638192445096960.000000 9.562603951 12.760405540 -9.949559212 -0.700149775 -0.417200238 -0.503058672 0.287517518
1403638192895097088.000000 9.121107101 12.906322479 -9.782241821 -0.681693256 -0.396476537 -0.527827263 0.315434784
1403638193045096960.000000 8.963097572 12.924287796 -9.743769646 -0.674959958 -0.381499738 -0.532047749 0.340312093
1403638193195097088.000000 8.802778244 12.910754204 -9.701253891 -0.675984979 -0.394890636 -0.520779133 0.340433478
1403638193345096960.000000 8.641242981 12.866306305 -9.639164925 -0.675251186 -0.412961453 -0.512896359 0.332319230
1403638193795097088.000000 8.148614883 12.623870850 -9.442519188 -0.680489719 -0.435425103 -0.494308174 0.320933312
1403638194245096960.000000 7.655243874 12.313983917 -9.361182213 -0.678707778 -0.432467759 -0.498850435 0.321676493
1403638194545096960.000000 7.331493378 12.085563660 -9.340423584 -0.688737035 -0.435511440 -0.486443967 0.315188020
1403638197245096960.000000 5.668486595 11.636991501 -9.358292580 -0.697008312 -0.440052003 -0.477619052 0.303996325
1403638198045096960.000000 5.427520752 11.946269035 -9.163295746 -0.673899114 -0.429258734 -0.507828712 0.322035551
1403638198245096960.000000 5.343029022 12.006649971 -9.197669983 -0.679657936 -0.431214333 -0.499909997 0.319701821
1403638198695097088.000000 5.119970798 12.088592529 -9.377224922 -0.666037560 -0.457203776 -0.516939223 0.283077151
1403638199145096960.000000 4.714278698 12.160274506 -9.476205826 -0.660164952 -0.461137027 -0.523895144 0.277612686
1403638199445096960.000000 4.301272392 12.209431648 -9.429226875 -0.657475352 -0.457492441 -0.528428435 0.281407654
1403638199895097088.000000 3.495434999 12.280455589 -9.268106461 -0.663916051 -0.469366163 -0.495042056 0.306340039
1403638200045096960.000000 3.199023485 12.302926064 -9.225483894 -0.662581563 -0.473429203 -0.486303449 0.316795766
1403638200195097088.000000 2.899016142 12.324436188 -9.189466476 -0.646461129 -0.489965886 -0.488378406 0.321726650
1403638200495097088.000000 2.270140886 12.360027313 -9.082824707 -0.607693732 -0.522705793 -0.488029003 0.345419616
1403638200645096960.000000 1.936594725 12.367410660 -9.010112762 -0.592489719 -0.542403758 -0.484532982 0.346384048
1403638201095097088.000000 0.832742572 12.362884521 -8.801810265 -0.587816477 -0.559246480 -0.451659232 0.371105283
1403638201395097088.000000 0.057736121 12.344969749 -8.743685722 -0.592786968 -0.554242015 -0.448305428 0.374755651
1403638201695097088.000000 -0.718747795 12.316032410 -8.751321793 -0.593208730 -0.548177004 -0.454409540 0.375656098
1403638201845096960.000000 -1.107783794 12.295974731 -8.782363892 -0.594450474 -0.545724213 -0.454723388 0.376882464
1403638201995097088.000000 -1.499229789 12.268153191 -8.820647240 -0.592067063 -0.550230205 -0.451404452 0.378070712
1403638202345096960.000000 -2.408962727 12.161861420 -8.870012283 -0.596782506 -0.560186505 -0.419164836 0.392864555
1403638202495097088.000000 -2.784151077 12.118818283 -8.880914688 -0.595878363 -0.563692093 -0.415934771 0.392655820
1403638202945096960.000000 -3.838098049 12.011447906 -8.992482185 -0.597535014 -0.561901033 -0.414183348 0.394552022
1403638203245096960.000000 -4.482359409 11.950083733 -9.049457550 -0.592113316 -0.559086978 -0.422849298 0.397519827
1403638203545096960.000000 -5.085905552 11.876856804 -9.079615593 -0.592616081 -0.554867625 -0.421522707 0.404037923
1403638203845096960.000000 -5.644839287 11.788231850 -9.106721878 -0.593301654 -0.555370867 -0.419862658 0.404069066
1403638203995097088.000000 -5.906510353 11.737442970 -9.098864555 -0.592580795 -0.556344926 -0.419129163 0.404548109
1403638204495097088.000000 -6.687804699 11.557600021 -8.982826233 -0.618022084 -0.552220702 -0.381217301 0.409602672
1403638204795097088.000000 -7.051500320 11.481423378 -8.935609818 -0.599729776 -0.567866087 -0.384452701 0.412369341
1403638204945096960.000000 -7.210231304 11.450084686 -8.934357643 -0.568229198 -0.594710290 -0.388619840 0.415222764
1403638205095097088.000000 -7.367846489 11.421808243 -8.945975304 -0.530185759 -0.627207696 -0.376070976 0.429050416
1403638205245096960.000000 -7.529040337 11.392735481 -8.955095291 -0.484521478 -0.661687076 -0.347732276 0.454413414
1403638205395097088.000000 -7.692799568 11.363229752 -8.945936203 -0.431277007 -0.692946494 -0.316825807 0.483163208
1403638205695097088.000000 -8.014621735 11.285309792 -8.878696442 -0.339674622 -0.729720473 -0.303268790 0.510056198
1403638205895097088.000000 -8.240395546 11.190381050 -8.804946899 -0.306748331 -0.743026316 -0.288601875 0.520121515
1403638206045096960.000000 -8.422169685 11.089833260 -8.737189293 -0.284458429 -0.754634321 -0.262162626 0.529982328
1403638206995097088.000000 -9.476964951 10.105315208 -8.453696251 -0.207870513 -0.768267989 -0.163874909 0.582837284
1403638207145096960.000000 -9.597194672 9.924663544 -8.462547302 -0.204140320 -0.766593993 -0.161636278 0.586970270
1403638207445096960.000000 -9.785841942 9.541682243 -8.526597977 -0.178392500 -0.767231703 -0.143396914 0.599140227
1403638207595097088.000000 -9.848554611 9.336949348 -8.554823875 -0.154546052 -0.775426209 -0.125113234 0.599313200
1403638207795097088.000000 -9.895924568 9.060111046 -8.570818901 -0.141220033 -0.791105866 -0.097479537 0.587116897
1403638208195097088.000000 -9.930340767 8.545972824 -8.537027359 -0.137501091 -0.796355307 -0.085031793 0.582821727
1403638208395097088.000000 -9.925751686 8.309161186 -8.549442291 -0.139190689 -0.797488451 -0.088354655 0.580371976
1403638208795097088.000000 -9.880199432 7.861596107 -8.568170547 -0.113302805 -0.805554390 -0.065656751 0.577869952
1403638208995097088.000000 -9.843568802 7.657768726 -8.558875084 -0.099763200 -0.805315018 -0.059943467 0.581310570
1403638209295097088.000000 -9.766995430 7.373929024 -8.594775200 -0.094947845 -0.806146801 -0.052936450 0.581644297
1403638209745096960.000000 -9.620738983 7.001918316 -8.790427208 -0.097963206 -0.803959727 -0.050752904 0.584359646
1403638210195097088.000000 -9.424836159 6.679578304 -9.217913628 -0.092134818 -0.789266706 -0.061597824 0.603965998
1403638210495097088.000000 -9.221766472 6.473492146 -9.476480484 -0.093876742 -0.789462388 -0.060103703 0.603592515
1403638210695097088.000000 -9.052316666 6.340124130 -9.664445877 -0.095951051 -0.787477672 -0.059090711 0.605954349
1403638211045096960.000000 -8.683403015 6.115056038 -9.960601807 -0.099275604 -0.795266867 -0.054282378 0.595607638
1403638211295097088.000000 -8.386708260 5.971563339 -10.112896919 -0.101346806 -0.800804973 -0.051480446 0.588039041
1403638211495097088.000000 -8.141324997 5.874423504 -10.220920563 -0.117083915 -0.799717784 -0.061554622 0.585622668
1403638211695097088.000000 -7.883434772 5.790342331 -10.349990845 -0.152919948 -0.792702675 -0.078753620 0.584838390
1403638212145096960.000000 -7.257131577 5.673613071 -10.626312256 -0.259089321 -0.768641651 -0.140596002 0.567710817
1403638212395097088.000000 -6.887240410 5.647708893 -10.713119507 -0.306265503 -0.751073658 -0.185320854 0.554748714
1403638212595097088.000000 -6.578250408 5.637061596 -10.745633125 -0.346435517 -0.734079957 -0.213733524 0.543532133
1403638212945096960.000000 -6.006620407 5.626374722 -10.739246368 -0.419811457 -0.697881341 -0.263767093 0.516862571
1403638213145096960.000000 -5.666151047 5.627847195 -10.706362724 -0.466911465 -0.670986652 -0.290766418 0.497217804
1403638213345096960.000000 -5.317371845 5.636731625 -10.688370705 -0.523876250 -0.643664181 -0.299152106 0.470911950
1403638213495097088.000000 -5.046870708 5.656283855 -10.690114975 -0.564093292 -0.617489576 -0.304304004 0.455965489
1403638213695097088.000000 -4.664479733 5.707969666 -10.699646950 -0.576829374 -0.591192722 -0.348013610 0.443447500
1403638213895097088.000000 -4.271072388 5.772983074 -10.690015793 -0.571207106 -0.583026707 -0.380867600 0.434444726
1403638214095097088.000000 -3.880638123 5.836765766 -10.660638809 -0.573917568 -0.589436531 -0.380084306 0.422751963
1403638214295097088.000000 -3.500243664 5.904478550 -10.618838310 -0.578002751 -0.602187812 -0.366191387 0.411322862
1403638216945096960.000000 0.377056122 6.710000038 -10.965776443 -0.554940641 -0.586672783 -0.412500799 0.421543598
1403638219595097088.000000 1.203170300 6.191299915 -11.013079643 -0.604225516 -0.523489833 -0.450664043 0.397205114
1403638220445096960.000000 1.204754114 5.738376141 -11.040219307 -0.615572691 -0.539178789 -0.434806079 0.375899076
1403638220845096960.000000 1.228924513 5.515604973 -11.005367279 -0.617042243 -0.536065102 -0.437496841 0.374819368
1403638221045096960.000000 1.230283976 5.408470631 -11.024709702 -0.619699597 -0.535442948 -0.435923129 0.373154521
1403638221545096960.000000 1.209146500 5.159879208 -11.052453041 -0.628806055 -0.532854080 -0.426439703 0.372583926
1403638222045096960.000000 1.199432969 4.950232506 -11.068196297 -0.622145116 -0.531007528 -0.435451865 0.375962913
1403638222495097088.000000 1.190355897 4.785784245 -11.061021805 -0.631957233 -0.540741622 -0.421812803 0.360974520
1403638222895097088.000000 1.180378675 4.696607590 -11.111413002 -0.619519234 -0.529191375 -0.439351469 0.378315657
1403638223345096960.000000 1.155650377 4.584828854 -11.152532578 -0.634311914 -0.534761667 -0.418353200 0.369674146
1403638223545096960.000000 1.150218368 4.541744709 -11.165693283 -0.636931598 -0.521539927 -0.414525449 0.387921244
1403638223945096960.000000 1.177382112 4.466892242 -11.210874557 -0.621359050 -0.536641657 -0.437696993 0.366538018
1403638224345096960.000000 1.182133675 4.416167736 -11.272832870 -0.627275288 -0.540732920 -0.428772897 0.360953599
1403638224745096960.000000 1.164288282 4.403316975 -11.323723793 -0.629684389 -0.537286043 -0.425601929 0.365628541
1403638224945096960.000000 1.151620269 4.403993130 -11.333058357 -0.630402446 -0.530645490 -0.424111307 0.375683099
1403638225345096960.000000 1.144022584 4.415797234 -11.319664001 -0.627343535 -0.537674129 -0.425421536 0.369273812
1403638225745096960.000000 1.138047695 4.429352760 -11.353961945 -0.608029127 -0.524900615 -0.452184975 0.387696713
1403638225945096960.000000 1.126170039 4.415844440 -11.423563957 -0.624024689 -0.539596915 -0.429733306 0.367093682
1403638226295097088.000000 1.095225453 4.427789688 -11.449995041 -0.633207262 -0.537419140 -0.417860746 0.368268520
1403638226445096960.000000 1.093910217 4.428937435 -11.446381569 -0.629651606 -0.546850443 -0.418133527 0.360080391
1403638226945096960.000000 1.099845886 4.427869797 -11.431694984 -0.629517555 -0.546924591 -0.418025792 0.360327184
1403638227445096960.000000 1.101297617 4.423315048 -11.428297997 -0.629904091 -0.546942890 -0.417359471 0.360396206
1403638227945096960.000000 1.100900412 4.420440197 -11.428502083 -0.630042613 -0.547045946 -0.417086214 0.360313922
1403638228445096960.000000 1.100474834 4.422060013 -11.429545403 -0.630218625 -0.547025323 -0.416867167 0.360290945
