1403715278412143104.000000 0.257159591 -0.601079643 0.013211943 -0.528610528 -0.639380932 -0.357331842 0.429041862
1403715278662142976.000000 0.250482529 -0.584007740 0.028741743 -0.526107073 -0.629507422 -0.365523577 0.439686716
1403715279912143104.000000 0.202391773 -0.468281806 0.164156079 -0.525763035 -0.625637829 -0.364708513 0.446249098
1403715282262142976.000000 0.051492520 -0.066090934 0.308733493 -0.731928289 -0.380151331 -0.502497077 0.259350419
1403715284762142976.000000 0.020039856 0.607052982 0.029907582 -0.811729968 -0.115341954 -0.566200256 0.084900618
1403715286712143104.000000 0.297797889 0.509590566 0.419192791 -0.820007384 -0.003734908 -0.572318673 0.005042733
1403715289662142976.000000 0.798371315 0.193417966 0.435605645 0.781440377 -0.264759988 0.533351839 0.186518207
1403715290162142976.000000 0.889314711 0.153761387 0.352585077 0.778999448 -0.270364940 0.534278631 0.186034888
1403715291912143104.000000 1.472560406 -0.151126936 0.375426650 0.759629011 -0.328036845 0.524125099 0.201614529
1403715292412143104.000000 1.593550682 -0.368061006 0.310197800 0.780346990 -0.283825368 0.524064422 0.189362869
1403715294212143104.000000 2.163847208 -0.782139957 0.636415124 -0.808609068 -0.085785583 -0.577156782 0.075380899
1403715296512143104.000000 2.237483263 -1.254763007 0.183437467 -0.706931055 -0.441295534 -0.452902675 0.316837400
1403715299212143104.000000 2.968783379 -1.183545828 0.159966886 -0.466808021 -0.691729307 -0.299074173 0.462769389
1403715301762142976.000000 2.764412403 -0.818164110 0.190114409 -0.275190532 -0.766452372 -0.193066597 0.547308087
1403715304412143104.000000 2.650911331 -1.596052527 0.064012982 -0.074164614 -0.809731305 -0.032487113 0.581187963
1403715307362142976.000000 3.018594503 -1.540948868 0.437931418 -0.250645816 -0.770555615 -0.235061258 0.536811948
1403715310112143104.000000 3.448015213 -1.287276387 0.237351269 -0.452818155 -0.670534313 -0.294981718 0.508257091
1403715312512143104.000000 4.318342686 -0.854458511 0.342500597 -0.536600709 -0.623877823 -0.365573168 0.434962511
1403715315312143104.000000 4.271190166 -0.680520177 0.572951317 -0.605424404 -0.551439703 -0.427824587 0.382546365
1403715317812143104.000000 3.716666937 -0.496227801 0.308590770 -0.805931032 -0.155330926 -0.556356728 0.129671261
1403715318312143104.000000 3.640744209 -0.452400059 0.252103835 -0.819703758 -0.071030565 -0.561336517 0.089116380
1403715318762142976.000000 3.625987768 -0.509469450 0.196899712 -0.839981496 -0.039316718 -0.540631771 0.024550440
1403715319662142976.000000 3.935896158 -0.538193107 0.127708450 0.815466344 -0.097473063 0.563973308 0.086300366
1403715320162142976.000000 4.206116199 -0.433802336 0.242982984 0.809240997 -0.133066714 0.561581910 0.109763794
1403715321062142976.000000 4.561283112 -0.154487252 0.415715843 0.738614738 -0.350491196 0.547387362 0.178805396
1403715321562142976.000000 4.535858631 -0.137474477 0.460989356 0.743024588 -0.351334572 0.537382722 0.188940004
1403715322012143104.000000 4.397583485 -0.244768858 0.500578880 0.723271251 -0.361008525 0.552620769 0.202884182
1403715324562142976.000000 3.987744808 -1.255139351 0.577241421 0.702108145 -0.417712569 0.517551363 0.254364014
1403715326712143104.000000 3.587771177 -1.176733494 0.593659103 0.693616509 -0.395655841 0.522299111 0.299259394
1403715327562142976.000000 3.252673149 -1.114173055 0.516031206 0.703476906 -0.432828337 0.500983655 0.258448035
1403715328362142976.000000 2.866445541 -1.275227189 0.461643308 0.736588955 -0.331604689 0.533134878 0.251480341
1403715331312143104.000000 2.504281759 -1.203805685 0.366791546 0.814662516 -0.091712832 0.571764052 0.031617146
1403715334162142976.000000 2.486706495 -2.279485703 0.597853184 -0.823603392 -0.008574147 -0.566545486 0.025104217
1403715336862142976.000000 2.924269438 -3.340517044 0.572024822 -0.812332928 -0.107531711 -0.567778885 0.078608908
1403715339612143104.000000 3.981269836 -3.864895344 0.713144720 -0.781495631 -0.249508470 -0.542283177 0.181491598
1403715339912143104.000000 4.107559681 -3.906918287 0.681534886 -0.777853668 -0.260076761 -0.552322447 0.149143457
1403715340262142976.000000 4.205979824 -3.880494356 0.661309004 -0.762746572 -0.301090807 -0.544597566 0.175998434
1403715341412143104.000000 4.439990044 -3.531566143 0.779589713 -0.736476660 -0.347159088 -0.520687938 0.256839901
1403715341912143104.000000 4.571802616 -3.405303478 0.822253525 -0.732321739 -0.351637065 -0.539288580 0.221865043
1403715342412143104.000000 4.608799934 -3.260236502 0.835597754 -0.748613477 -0.354326934 -0.501118839 0.250819385
1403715342712143104.000000 4.646795273 -3.154210091 0.836493254 -0.718722045 -0.410214514 -0.499355793 0.256527901
1403715343012143104.000000 4.676454067 -3.018565893 0.839180708 -0.701923668 -0.428372145 -0.488568783 0.291720778
1403715344612143104.000000 4.699220657 -2.147058249 0.768367410 -0.636720061 -0.489698648 -0.500237942 0.323333800
1403715347462142976.000000 2.935850859 -1.211021900 0.658442438 -0.643711746 -0.505284965 -0.460426003 0.343991697
1403715350412143104.000000 2.853277683 -0.774219334 0.239601538 -0.417642385 -0.724050343 -0.287568152 0.467579424
1403715352062142976.000000 2.436552525 -0.452773362 0.162584573 -0.382619858 -0.723465323 -0.261801839 0.511527061
1403715354312143104.000000 1.737199306 -0.266764522 0.192306072 -0.334475219 -0.749020398 -0.204567790 0.534085095
1403715357062142976.000000 1.284283757 0.041840181 0.468427360 -0.177235410 -0.807631433 -0.100770988 0.553321183
1403715357312143104.000000 1.182125568 0.079551622 0.504988909 -0.123382449 -0.812787235 -0.078149930 0.563956022
1403715357812143104.000000 0.972646594 0.170745313 0.570831180 -0.085637271 -0.817004323 -0.087059200 0.563552141
1403715358312143104.000000 0.723769128 0.165489480 0.573468983 -0.092184179 -0.823851049 -0.080251753 0.553471923
1403715359962142976.000000 -0.133085683 -0.280023813 0.497115225 -0.047361460 -0.811141968 -0.031021766 0.582102597
1403715360312143104.000000 -0.198916122 -0.413690150 0.512074232 -0.049380161 -0.816019714 -0.030640041 0.575095356
1403715360762142976.000000 -0.254552484 -0.523890018 0.536184967 -0.129572302 -0.807313681 -0.055190742 0.573070467
1403715362062142976.000000 -0.387545913 -0.586109936 0.571031451 -0.365570515 -0.742869616 -0.252959400 0.500514269
1403715363062142976.000000 -0.799198270 -0.564792573 0.488815814 -0.580475569 -0.570715845 -0.365406007 0.451453328
1403715365362142976.000000 -0.432643145 -0.753617167 0.765658617 -0.742923617 -0.334724933 -0.531822860 0.230625838
1403715368062142976.000000 0.235670984 -1.685795546 0.935644865 -0.788220525 -0.231524751 -0.542699337 0.174877867
1403715370762142976.000000 1.810707331 -2.511722565 0.898640990 -0.730305910 -0.371455818 -0.503314137 0.274497479
1403715373612143104.000000 3.725262403 -1.973253012 0.922723651 -0.696102738 -0.426104933 -0.493571222 0.300438166
1403715376412143104.000000 4.119628906 -0.878675103 0.876473784 -0.590411067 -0.542480469 -0.437550813 0.407036752
1403715377662142976.000000 3.681231737 -0.681214571 0.748734593 -0.572041810 -0.571586728 -0.423976302 0.407799959
1403715380412143104.000000 2.272402763 -0.781110287 0.754100502 -0.582714319 -0.573673606 -0.411699623 0.402300894
1403715381862142976.000000 1.240892649 -0.705865026 0.799989700 -0.590978742 -0.572781444 -0.418231905 0.384379536
1403715384812143104.000000 -0.011993339 0.130716443 0.673743784 -0.816809297 -0.148548946 -0.542062044 0.130094692
1403715387662142976.000000 0.556653023 -0.391953528 0.731584549 -0.822328031 -0.094028234 -0.554707110 0.085061170
1403715389212143104.000000 1.133979797 -1.467852712 0.623326361 -0.808445990 -0.123142526 -0.568679512 0.088626072
1403715389512143104.000000 1.257630110 -1.647972465 0.655335844 -0.807290435 -0.131726742 -0.568956494 0.084963933
1403715390012143104.000000 1.449806333 -1.898838401 0.668772757 -0.807099342 -0.169100329 -0.551798105 0.124557137
1403715392862142976.000000 3.445425034 -1.719689250 0.798662722 -0.652889609 -0.482977450 -0.471800983 0.343324751
1403715393212143104.000000 3.692635536 -1.631480694 0.826965213 -0.606653094 -0.553592503 -0.434462816 0.369796664
1403715394262142976.000000 3.982448578 -1.434170961 0.808161438 -0.400213271 -0.715731502 -0.281712919 0.498192370
1403715394762142976.000000 3.979461908 -1.423310399 0.793998301 -0.265980303 -0.768831253 -0.200709790 0.545773327
1403715395112143104.000000 3.961016893 -1.472902536 0.782018781 -0.161044195 -0.805592895 -0.120161071 0.557356477
1403715395412143104.000000 3.930298328 -1.533745050 0.767258883 -0.078378983 -0.820768416 -0.062013231 0.562450349
1403715395812143104.000000 3.865399361 -1.626823425 0.719219863 -0.001843863 -0.826268494 -0.007177347 0.563227654
1403715398612143104.000000 2.741991997 -1.692473650 0.383078724 0.043701854 -0.806740999 0.028868517 0.588579357
1403715398912143104.000000 2.664799213 -1.649825215 0.364219189 0.052552082 -0.796278358 0.003622731 0.602632463
1403715399412143104.000000 2.685698986 -1.693817377 0.346359998 0.053357404 -0.804063499 0.015671531 0.591937006
1403715399912143104.000000 2.812968016 -1.846054435 0.340748966 0.043013882 -0.832791209 0.019577678 0.551566184
1403715400362142976.000000 2.855673552 -2.049954414 0.374989569 0.004352835 -0.830777168 -0.034197222 0.555536568
1403715400612143104.000000 2.838481188 -2.204762697 0.389427781 -0.056734458 -0.829925537 -0.061904896 0.551518381
1403715401362142976.000000 2.609706879 -2.683146715 0.393255472 -0.202251390 -0.817781627 -0.125209019 0.524070859
1403715401612143104.000000 2.457082033 -2.790593624 0.417019546 -0.206511483 -0.806890249 -0.126849636 0.538693249
1403715402062142976.000000 2.159209013 -2.906395674 0.466195911 -0.224171385 -0.787782669 -0.143507913 0.555473745
1403715402312143104.000000 2.013421774 -2.945225954 0.486304194 -0.219540775 -0.775214791 -0.161247328 0.569950104
1403715402612143104.000000 1.872813344 -3.002467155 0.493552893 -0.236215487 -0.769930243 -0.206327274 0.555732667
1403715402862142976.000000 1.760531902 -3.088638544 0.493779629 -0.263266504 -0.765227139 -0.201419815 0.551858962
1403715403262142976.000000 1.595681310 -3.241306067 0.496319920 -0.299885809 -0.779920876 -0.170048967 0.522374809
1403715403662142976.000000 1.419075012 -3.290191650 0.518796682 -0.319320351 -0.769873083 -0.199973732 0.515112042
1403715403862142976.000000 1.321842194 -3.279246569 0.523457050 -0.359616667 -0.757166088 -0.213816628 0.501655042
1403715404262142976.000000 1.116098046 -3.175526619 0.549873531 -0.412815273 -0.717588603 -0.283296466 0.484141767
1403715404462142976.000000 1.001406789 -3.106866837 0.557287395 -0.422913253 -0.707237661 -0.308878899 0.474924415
1403715404912143104.000000 0.691493869 -2.978455067 0.544345379 -0.443975121 -0.685803056 -0.310951322 0.485664189
1403715405312143104.000000 0.441878587 -2.889115334 0.511995733 -0.519130707 -0.629890680 -0.337589264 0.468801171
1403715405512143104.000000 0.350505561 -2.851350546 0.495563686 -0.562569737 -0.598945796 -0.364577562 0.438021213
1403715405912143104.000000 0.212805450 -2.764469385 0.462058961 -0.632456005 -0.540370643 -0.418632120 0.364343554
1403715406112143104.000000 0.151294380 -2.705122948 0.441990256 -0.659925342 -0.493675143 -0.449292749 0.344846994
1403715406512143104.000000 0.042010494 -2.575866938 0.373198360 -0.720987558 -0.404398829 -0.477415800 0.297846735
1403715406712143104.000000 0.005526241 -2.511389017 0.332452953 -0.745010197 -0.362244517 -0.488518685 0.274022490
1403715406912143104.000000 -0.010810401 -2.448858500 0.292826235 -0.760039449 -0.324082017 -0.507836819 0.243747130
1403715407312143104.000000 -0.003468893 -2.328249693 0.230007574 -0.796724498 -0.261532068 -0.511642992 0.187223047
1403715407512143104.000000 0.029724803 -2.257642269 0.214309931 -0.801496208 -0.252477556 -0.513350308 0.174156398
1403715409962142976.000000 0.555652618 -1.265877962 0.470072865 -0.722676575 -0.412529230 -0.479656279 0.278366983
1403715410462142976.000000 0.609188795 -1.159201622 0.530410886 -0.716597736 -0.398489743 -0.502313793 0.274544269
1403715410962142976.000000 0.634179950 -1.015762925 0.507222772 -0.699141383 -0.401353210 -0.516587436 0.288538486
1403715411212143104.000000 0.619182050 -0.959625900 0.488312960 -0.706268251 -0.408029526 -0.497090429 0.295969933
1403715411462142976.000000 0.601274490 -0.917614102 0.478217304 -0.700666904 -0.402532697 -0.497898281 0.314850092
1403715411962142976.000000 0.571057379 -0.905420065 0.451519877 -0.698366821 -0.417358160 -0.493550450 0.307414830
1403715412212143104.000000 0.553244174 -0.921089411 0.438505560 -0.700901210 -0.418536097 -0.489989311 0.305737704
1403715412712143104.000000 0.520364642 -0.964460433 0.412155449 -0.707289517 -0.422103256 -0.482511669 0.297914177
1403715413212143104.000000 0.500269771 -0.983316898 0.377252787 -0.703532636 -0.421676725 -0.489304811 0.296329826
1403715413462142976.000000 0.488376975 -0.986745715 0.302354515 -0.705767810 -0.412622124 -0.486212462 0.308597237
1403715413712143104.000000 0.483145595 -0.999570787 0.249626279 -0.702331424 -0.414638162 -0.491680473 0.305050969
1403715413962142976.000000 0.480380177 -1.019863844 0.194980070 -0.700279951 -0.419108361 -0.495184928 0.297906101
1403715414412143104.000000 0.452585995 -1.049722672 0.182436287 -0.715268552 -0.428094000 -0.475228697 0.281574458
1403715414812143104.000000 0.424650937 -1.012391925 0.164927989 -0.707636178 -0.415169418 -0.488298863 0.297404855
1403715415212143104.000000 0.407915622 -0.974021316 0.090548813 -0.717734039 -0.389210820 -0.481698483 0.318338454
1403715415562142976.000000 0.432117969 -0.978003204 0.049845405 -0.708171725 -0.404918551 -0.505510271 0.281057239
1403715416012143104.000000 0.428268462 -0.976763606 0.028661899 -0.706573665 -0.405602038 -0.510196507 0.275572628
1403715416412143104.000000 0.430628657 -0.975762486 0.029704168 -0.709030867 -0.404525310 -0.508016646 0.274870396
1403715416862142976.000000 0.430385590 -0.977805853 0.027911369 -0.709568024 -0.404136866 -0.507374465 0.275241435
1403715417362142976.000000 0.427791327 -0.979534924 0.027110387 -0.709737122 -0.403855056 -0.507184803 0.275568545
1403715417862142976.000000 0.426075548 -0.981242359 0.027057040 -0.709882140 -0.403515488 -0.507146478 0.275762707
1403715418362142976.000000 0.425742149 -0.982303679 0.027811471 -0.709967554 -0.403383911 -0.507134557 0.275757372
