1403637149738319104.000000 -0.348857552 -0.730207145 0.581870675 -0.572436392 -0.566048205 -0.389479309 0.447450519
1403637151338319104.000000 -0.136073589 -0.420473576 0.868857205 -0.576230526 -0.572499156 -0.409256876 0.415586263
1403637153738319104.000000 0.265084267 0.074809916 1.166984677 -0.575511575 -0.584508777 -0.401517808 0.407332122
1403637156538319104.000000 1.083508611 1.093569160 1.016095519 -0.740862787 -0.339700848 -0.502627254 0.288256228
1403637159488318976.000000 3.840285063 0.374991596 0.732014894 -0.800273776 -0.182808504 -0.544195175 0.173189625
1403637160838319104.000000 5.353628159 -0.589291215 0.495237231 -0.825545788 -0.003926713 -0.564293802 0.005602604
1403637161038319104.000000 5.566207409 -0.712598383 0.478780299 0.830299318 -0.013726281 0.557142079 -0.002729650
1403637163238319104.000000 7.064688683 -2.830858707 0.674091280 0.767068624 -0.172229022 0.607807934 0.111859120
1403637163388318976.000000 7.009779453 -3.003995180 0.641489804 0.756672144 -0.214909300 0.600969613 0.141763046
1403637164738319104.000000 5.775278091 -4.682075500 0.739135921 0.763613880 -0.288869470 0.559208512 0.143993318
1403637167338319104.000000 3.575942993 -6.931812763 0.519289732 0.760614812 -0.232442483 0.514425516 0.320627421
1403637169138319104.000000 4.840587139 -4.794556618 0.068333291 0.779998422 -0.250621676 0.532952368 0.211549416
1403637172088318976.000000 5.303284168 0.135486752 -0.337550402 -0.725555658 -0.271139920 -0.608002841 0.174312517
1403637173788318976.000000 3.355125666 0.871943533 -0.394769967 -0.842294812 -0.028421253 -0.523307800 0.126018062
1403637174088318976.000000 3.390686035 0.729619503 -0.473512173 -0.848021626 -0.012981274 -0.525576770 0.066782244
1403637174288318976.000000 3.485229969 0.595810533 -0.449171543 -0.812112033 -0.015981914 -0.581181049 0.049468409
1403637174638319104.000000 3.630723238 0.313507259 -0.357585728 0.802659452 -0.018785976 0.592341900 -0.067201182
1403637174788318976.000000 3.677583218 0.154116184 -0.312342823 0.796224356 -0.035281010 0.603214264 -0.030243363
1403637177338319104.000000 2.215620995 -3.573140383 -0.249052554 0.835791588 -0.176604211 0.514169872 0.076763488
1403637177788318976.000000 2.012436628 -4.349206448 -0.360580266 0.832720459 -0.150741637 0.515497029 0.134597495
1403637180638319104.000000 4.483442783 -4.833833694 -0.811461031 0.795294046 -0.243090287 0.526035249 0.178049028
1403637182738319104.000000 6.737909794 -2.017759323 -0.006989017 0.737559557 -0.257897466 0.594220817 0.190778777
1403637183938319104.000000 6.285234928 -0.165228307 -0.050968636 0.731633782 -0.313111663 0.594182193 0.116708033
1403637184288318976.000000 5.745165348 0.142456129 -0.059616260 0.744008899 -0.311010391 0.577584565 0.126961872
1403637184788318976.000000 4.843128681 0.378118187 -0.195807278 0.786040604 -0.291924745 0.522944510 0.153131232
1403637185038319104.000000 4.431298256 0.422360778 -0.231422424 0.794041991 -0.290863097 0.511407733 0.152833447
1403637185288318976.000000 4.073200703 0.404161096 -0.212114006 0.798620045 -0.292210817 0.503579438 0.152402386
1403637185538319104.000000 3.776991367 0.327059180 -0.140800536 0.808012724 -0.285729259 0.488677740 0.163303927
1403637185938319104.000000 3.436130285 0.122553192 0.009912334 0.782453299 -0.274480045 0.527267098 0.185518190
1403637186338319104.000000 3.173816681 -0.092716910 0.128214344 0.773389757 -0.271447510 0.540769041 0.189085394
1403637186638319104.000000 3.006996155 -0.240662217 0.281365573 0.766178310 -0.280388534 0.549593806 0.179720998
1403637187538319104.000000 2.421667337 -0.838163614 0.423871487 0.779681027 -0.309468210 0.514780939 0.176996201
1403637187788318976.000000 2.271613598 -1.084014297 0.402938634 0.780751228 -0.317497224 0.508364856 0.176602125
1403637188138319104.000000 2.123215437 -1.491137743 0.352503449 0.781102240 -0.310652465 0.507241488 0.189948708
1403637189638319104.000000 1.772782087 -3.318386316 -0.146756813 0.727781773 -0.370609283 0.525972843 0.237349972
1403637191888318976.000000 0.851035237 -5.377445698 -0.005869035 0.756891012 -0.318059206 0.517126083 0.241940111
1403637192088318976.000000 0.783114433 -5.462096214 0.051139168 0.763336003 -0.316763580 0.504786253 0.249338865
1403637192488318976.000000 0.757555783 -5.583496571 0.221514970 0.769422412 -0.319842815 0.492936671 0.250406116
1403637193288318976.000000 1.081055045 -5.813799858 0.462403715 0.758974433 -0.360239297 0.507977724 0.190116182
1403637193538319104.000000 1.220251083 -5.944191456 0.514684319 0.759403288 -0.337152034 0.509399354 0.223936632
1403637193788318976.000000 1.380808592 -6.091206074 0.579570472 0.762806714 -0.326861739 0.505479097 0.236174509
1403637194638319104.000000 2.103516340 -6.514627934 0.692548752 0.758827448 -0.329469919 0.510113537 0.235403225
1403637195488318976.000000 3.024842262 -6.842095852 0.765361547 0.744595230 -0.325488687 0.531547070 0.238941044
1403637198288318976.000000 5.774666786 -3.712855816 0.982375085 -0.805055261 -0.050659284 -0.590606630 -0.022438647
1403637199888318976.000000 5.374266624 0.374022007 1.094557643 -0.735962808 -0.226693988 -0.603313446 0.207320109
1403637200088318976.000000 5.134443760 0.823665440 0.987255037 -0.700150192 -0.263096392 -0.598712265 0.286554903
1403637200188318976.000000 5.002820492 1.013880849 0.926561236 -0.683115423 -0.292752117 -0.592507064 0.310781300
1403637203088318976.000000 2.855353117 1.356099367 0.690398753 -0.746869564 -0.334493369 -0.526804030 0.229733899
1403637205838319104.000000 2.959724188 0.602761328 0.587755799 -0.739974558 -0.344928145 -0.527226210 0.235573590
1403637208338319104.000000 2.423937082 0.371723115 0.746860683 -0.750322700 -0.325676382 -0.522192717 0.241382465
1403637208838319104.000000 2.360069036 0.279971004 0.781755269 -0.745536566 -0.325266093 -0.531476438 0.236453295
1403637211488318976.000000 2.973152637 2.260498285 0.319565177 -0.731280446 -0.365147889 -0.506955445 0.273664117
1403637212538319104.000000 4.104562283 3.797269344 0.160177588 -0.729443848 -0.360104114 -0.515171111 0.269880593
1403637212738319104.000000 4.316577911 4.043756008 0.198943287 -0.739111483 -0.364292353 -0.503322184 0.260138839
1403637212938319104.000000 4.528870106 4.290688515 0.248281479 -0.739392161 -0.369888961 -0.502763152 0.252409518
1403637213138319104.000000 4.737884998 4.542296886 0.301154941 -0.739219129 -0.372036308 -0.500205755 0.254829884
1403637213538319104.000000 5.149103165 5.051501751 0.343093485 -0.733601570 -0.371189117 -0.505836308 0.261107564
1403637213738319104.000000 5.344892502 5.301704407 0.335764170 -0.725796342 -0.383633077 -0.516313553 0.243855909
1403637213938319104.000000 5.518262863 5.554970741 0.305245817 -0.725401819 -0.390087426 -0.515190184 0.237071887
1403637214138319104.000000 5.665832520 5.824578762 0.283840984 -0.716491342 -0.389862090 -0.518898129 0.255719423
1403637214538319104.000000 5.876181602 6.358215809 0.323923409 -0.663483500 -0.447739691 -0.520295143 0.297677308
1403637214738319104.000000 5.920060158 6.598948479 0.378192544 -0.628704667 -0.485675067 -0.526542664 0.302659780
1403637214938319104.000000 5.902546883 6.823400021 0.443549216 -0.615190625 -0.498844683 -0.525664806 0.310436696
1403637215538319104.000000 5.479286194 7.346299171 0.526283979 -0.592512429 -0.491977751 -0.516536653 0.374268502
1403637215738319104.000000 5.240235329 7.431080818 0.550278068 -0.572701514 -0.523345709 -0.489521652 0.398109198
1403637215938319104.000000 4.974315166 7.463798523 0.596398950 -0.559349716 -0.563013017 -0.447034597 0.412679464
1403637216138319104.000000 4.698326588 7.459697247 0.665979505 -0.545977771 -0.585531712 -0.414599776 0.432629257
1403637217088318976.000000 3.573767185 7.023670673 0.820631266 -0.531191409 -0.567488790 -0.411027670 0.476286054
1403637217588318976.000000 3.225517035 6.416989326 0.820776701 -0.553947330 -0.555518925 -0.387052536 0.484490871
1403637217788318976.000000 3.156321287 6.126297474 0.794963360 -0.510647833 -0.583436728 -0.408045083 0.482016295
1403637217988318976.000000 3.098730803 5.794522762 0.787170947 -0.474799991 -0.619237661 -0.393117428 0.486382902
1403637218238319104.000000 3.034762383 5.326854706 0.793898582 -0.459290683 -0.642251551 -0.367885292 0.491147220
1403637218488318976.000000 2.979183197 4.822912693 0.772617877 -0.452983379 -0.646982908 -0.364054650 0.493643165
1403637218688318976.000000 2.937113523 4.396166325 0.760646641 -0.455513507 -0.649775445 -0.363571018 0.487970740
1403637218888318976.000000 2.895510912 3.951373100 0.747103691 -0.459807187 -0.654623687 -0.364596188 0.476565719
1403637219088318976.000000 2.847010612 3.497230768 0.679086983 -0.455380410 -0.659155011 -0.374628365 0.466687262
1403637219288318976.000000 2.781052828 3.030255795 0.608338773 -0.458107829 -0.658670485 -0.373046041 0.465968966
1403637219488318976.000000 2.698257208 2.547214508 0.561555624 -0.467586488 -0.661377966 -0.362454474 0.461051762
1403637219688318976.000000 2.601084948 2.064116716 0.541243255 -0.481826097 -0.670269907 -0.345690131 0.446184129
1403637219938319104.000000 2.459521294 1.494647503 0.557067752 -0.488009304 -0.673030019 -0.338729769 0.440612942
1403637222888318976.000000 1.221527815 -1.736001015 0.530266702 -0.627817214 -0.536917567 -0.418934822 0.376906812
1403637224538319104.000000 1.222646475 -1.724701881 0.759255767 -0.603032768 -0.545958877 -0.435295552 0.385743678
1403637225338319104.000000 1.172231078 -1.712000966 0.628091574 -0.600355983 -0.544303715 -0.437623441 0.389604807
1403637226538319104.000000 0.913978577 -1.870522380 0.749219537 -0.606478691 -0.558156133 -0.423576951 0.375803202
1403637227238319104.000000 0.675749958 -1.889616966 0.719822764 -0.621334672 -0.537755251 -0.405233741 0.400684655
1403637228138319104.000000 0.572688758 -1.772188425 0.684684932 -0.604542315 -0.537539065 -0.435882628 0.394444913
1403637228588318976.000000 0.548985600 -1.749604940 0.673282385 -0.593905151 -0.541817129 -0.445243537 0.394295663
1403637230588318976.000000 0.408450067 -1.936057568 0.520261109 -0.731197298 -0.350405902 -0.529473305 0.249448016
1403637230888318976.000000 0.411866456 -1.928277969 0.582780361 -0.762249529 -0.299571097 -0.525916874 0.229443491
1403637231138319104.000000 0.425660312 -1.939935088 0.609339058 -0.799150467 -0.233420283 -0.523045123 0.182475775
1403637231488318976.000000 0.495827854 -1.973795176 0.503951669 -0.824559391 -0.096914925 -0.546479106 0.109863073
1403637231988318976.000000 0.682342410 -2.113880396 0.198798507 0.831824958 -0.083605438 0.548673928 0.005848820
1403637232438319104.000000 0.914812803 -2.379222870 0.103853554 0.789159536 -0.189092934 0.577914596 0.086519822
1403637232788318976.000000 1.038321495 -2.673788309 0.108928382 0.779928267 -0.292456150 0.541943371 0.111707695
1403637233288318976.000000 1.183831215 -3.319963932 0.214406043 0.800710320 -0.322487652 0.481843352 0.150637448
1403637233838319104.000000 1.574628115 -4.287936211 0.167221874 0.797280431 -0.220205978 0.499318808 0.257941902
1403637235588318976.000000 4.453711510 -4.195875645 -0.617656291 0.818176210 -0.099250473 0.559659362 0.086709246
1403637235888318976.000000 4.872129917 -3.881021976 -0.618189633 0.807628870 -0.038763307 0.582570493 0.082732253
1403637236188318976.000000 5.260892868 -3.478376627 -0.557044089 -0.804041862 -0.035273794 -0.588764906 -0.075023420
1403637239038319104.000000 3.496995449 0.389752686 1.005147099 0.869264722 -0.153374985 0.461610734 -0.088150680
1403637239388318976.000000 3.239271402 -0.230740786 1.137854338 0.854130566 -0.143979177 0.499698430 -0.005706050
1403637239638319104.000000 3.169508219 -0.790402889 1.158847451 0.835302234 -0.191532880 0.513906717 0.038538925
1403637239888318976.000000 3.145398378 -1.409027576 1.081014991 0.796546400 -0.233655334 0.546364844 0.111376047
1403637240188318976.000000 3.120536804 -2.161732197 0.913297117 0.755921960 -0.296932220 0.553003609 0.186011210
1403637240588318976.000000 3.068127632 -3.121440172 0.672045767 0.762806833 -0.355384886 0.489508986 0.228491440
1403637240888318976.000000 3.093527079 -3.833694696 0.574864447 0.751803041 -0.342893988 0.504209340 0.250975877
1403637241138319104.000000 3.156562328 -4.397708893 0.519768000 0.747989714 -0.333164930 0.515661418 0.252201974
1403637241438319104.000000 3.263992548 -5.016181946 0.409602970 0.755627096 -0.313415498 0.511351526 0.263283312
1403637241688318976.000000 3.394966125 -5.461847782 0.331294239 0.751507819 -0.293505818 0.520291805 0.279976308
1403637241938319104.000000 3.565207958 -5.808150291 0.291625649 0.732520401 -0.293067932 0.550235689 0.273433387
1403637242188318976.000000 3.733151913 -6.049858570 0.286159813 0.727653444 -0.295365661 0.555524588 0.273261994
1403637242488318976.000000 3.919541597 -6.208091736 0.298605651 0.731293201 -0.279063076 0.543765485 0.302742928
1403637242738319104.000000 4.084805012 -6.205701351 0.294498205 0.734783471 -0.264127076 0.556404531 0.284155369
1403637242988318976.000000 4.245981216 -6.077846527 0.327532291 0.735138834 -0.246596172 0.580469072 0.248630047
1403637243238319104.000000 4.380692005 -5.860990524 0.357344866 0.750633836 -0.236454114 0.568160415 0.240482971
1403637243488318976.000000 4.495838642 -5.568322659 0.349927962 0.757469475 -0.245230198 0.561808228 0.224663436
1403637243738319104.000000 4.598915577 -5.222575188 0.357758075 0.765202880 -0.263473660 0.551071703 0.203386515
1403637243988318976.000000 4.694784164 -4.867355824 0.419498414 0.769214272 -0.289826840 0.542259455 0.173966944
1403637244238319104.000000 4.773747444 -4.545029640 0.540369809 0.766755819 -0.293018162 0.542205870 0.179551616
1403637244488318976.000000 4.840252399 -4.257778645 0.694419026 0.774068713 -0.291227132 0.534011900 0.175601184
1403637244738319104.000000 4.911587715 -4.003375530 0.851113379 0.792772412 -0.251057506 0.526205003 0.177736923
1403637244988318976.000000 5.008599758 -3.765768290 0.968468845 0.802953422 -0.230433926 0.525119483 0.162528366
1403637245288318976.000000 5.168087482 -3.516626596 1.058789611 0.811320722 -0.239428163 0.515574157 0.136441469
1403637245538319104.000000 5.347134113 -3.359960318 1.108574271 0.810247898 -0.219021276 0.522206485 0.151090980
1403637245788318976.000000 5.567422867 -3.215210676 1.124839187 0.814958930 -0.185197622 0.533073664 0.131819502
1403637246038319104.000000 5.815783501 -3.069304705 1.110437036 0.809883356 -0.115941837 0.567503035 0.092665449
1403637246288318976.000000 6.059003353 -2.907806873 1.062452555 0.812389731 -0.021648010 0.582027614 0.028250903
1403637246538319104.000000 6.280744553 -2.729009151 0.989392877 -0.801216245 -0.090207115 -0.590772927 0.030043775
1403637246788318976.000000 6.455461025 -2.525588751 0.899565578 -0.772687078 -0.180837542 -0.602021754 0.088444561
1403637247038319104.000000 6.549173832 -2.298423767 0.837789536 -0.765691042 -0.249098942 -0.577205002 0.136020064
1403637247488318976.000000 6.591444016 -1.860910773 0.735773444 -0.751450777 -0.260481864 -0.580240011 0.175478145
1403637247888318976.000000 6.496238708 -1.474301577 0.601149917 -0.731583238 -0.301032156 -0.585299730 0.177735254
1403637248138319104.000000 6.332809925 -1.234565377 0.564160585 -0.728451908 -0.326693833 -0.562467337 0.215080380
1403637248388318976.000000 6.118642330 -1.006757617 0.526811361 -0.732113421 -0.349227369 -0.537674844 0.230121702
1403637248888318976.000000 5.615787983 -0.579290330 0.453370720 -0.735487342 -0.349254906 -0.534340441 0.227067500
1403637249638319104.000000 4.731919765 0.074107468 0.548126996 -0.741260052 -0.334820628 -0.537254810 0.223127827
1403637252338319104.000000 2.413249969 1.464838862 0.865482628 -0.661325932 -0.449880004 -0.488539964 0.348690003
1403637254938319104.000000 1.873120070 0.886881649 0.944880545 -0.646158099 -0.488579184 -0.469507039 0.351188391
1403637256638319104.000000 1.149408340 0.171203732 1.028508902 -0.552647293 -0.593981922 -0.409081459 0.417634845
1403637256988318976.000000 0.961717725 0.003078815 0.984937847 -0.567916870 -0.589458168 -0.388396412 0.423270226
1403637257288318976.000000 0.814621091 -0.134557843 0.987390816 -0.545631409 -0.606207371 -0.389046162 0.428301543
1403637257588318976.000000 0.666215003 -0.267542392 1.022425652 -0.536668003 -0.619293153 -0.383987695 0.425460935
1403637257888318976.000000 0.505213082 -0.386838883 1.009594440 -0.538369179 -0.631522179 -0.363159776 0.423619449
1403637258188318976.000000 0.334399104 -0.469978720 0.977610409 -0.507801294 -0.653665662 -0.340934128 0.445671469
1403637258488318976.000000 0.160874695 -0.518118262 0.965465605 -0.474914670 -0.666920483 -0.328808963 0.470699310
1403637258938319104.000000 -0.072796859 -0.570392370 0.884362757 -0.470399469 -0.663416088 -0.321016043 0.485337108
1403637259388318976.000000 -0.245835856 -0.607644737 0.912355781 -0.476701021 -0.658044636 -0.320537120 0.486815661
1403637259888318976.000000 -0.332395554 -0.643274605 0.928887665 -0.481482923 -0.657488585 -0.318768203 0.484014302
1403637260338319104.000000 -0.324120551 -0.669606984 0.869149208 -0.469232351 -0.665137529 -0.334602296 0.474820435
1403637260588318976.000000 -0.316459149 -0.692118764 0.814972639 -0.467261285 -0.675579488 -0.335578769 0.461135745
1403637260838319104.000000 -0.330981582 -0.710953355 0.758355319 -0.469252378 -0.672195017 -0.331722260 0.466815174
1403637261288318976.000000 -0.382212549 -0.744374812 0.659205317 -0.473822117 -0.678102970 -0.323359698 0.459464282
1403637261688318976.000000 -0.443540961 -0.754914284 0.631128550 -0.478681475 -0.677334130 -0.317629725 0.459558517
1403637262038319104.000000 -0.503033817 -0.727197826 0.646208405 -0.470690966 -0.663203001 -0.332571268 0.477502018
1403637262388318976.000000 -0.534105957 -0.716460824 0.606961787 -0.467054099 -0.645927191 -0.340867996 0.498445183
1403637262738319104.000000 -0.520575047 -0.722872436 0.594451606 -0.502081215 -0.624525309 -0.342671424 0.490366161
1403637263238319104.000000 -0.518543661 -0.721166670 0.591249824 -0.500175118 -0.621438980 -0.343142241 0.495874822
1403637263738319104.000000 -0.519079208 -0.719890177 0.591507494 -0.500080466 -0.621449351 -0.343461215 0.495736629
1403637264238319104.000000 -0.519238651 -0.720272422 0.592248678 -0.500440776 -0.621265888 -0.342974603 0.495939642
1403637264738319104.000000 -0.519429982 -0.719853044 0.592031121 -0.500470698 -0.621294498 -0.342936993 0.495899647
1403637265238319104.000000 -0.518262506 -0.720068157 0.592274070 -0.500652492 -0.621275663 -0.342655391 0.495934457
