1403638538777829376.000000 -0.638020098 0.915626049 0.009489860 -0.564021409 -0.620607436 -0.364450365 0.404848397
1403638539027829504.000000 -0.640472889 0.925591111 0.010646990 -0.558899760 -0.614839256 -0.372311920 0.413506597
1403638539277829376.000000 -0.644429862 0.944535375 0.037081905 -0.551506102 -0.604799509 -0.383273512 0.427972108
1403638540027829504.000000 -0.659369946 1.023248076 0.193724051 -0.556971014 -0.620821595 -0.365149647 0.413557202
1403638542127829504.000000 -1.378789544 1.860946536 0.442802221 -0.369002521 -0.738315165 -0.257033467 0.502654672
1403638542927829504.000000 -1.983252883 2.029857159 0.544072151 -0.273322314 -0.773200989 -0.206260547 0.533771276
1403638543327829504.000000 -2.307503939 2.010537863 0.643109679 -0.285663426 -0.773169279 -0.197502136 0.530658603
1403638543627829504.000000 -2.560973644 1.993341088 0.668902218 -0.262701392 -0.783179462 -0.185324326 0.532233894
1403638544527829504.000000 -3.410774231 1.912192702 0.807705343 -0.162623107 -0.809753776 -0.108105786 0.553322554
1403638545577829376.000000 -4.407216072 1.869850874 0.821262300 -0.145910695 -0.807864428 -0.097103588 0.562704325
1403638546027829504.000000 -4.815516949 1.841416359 0.846521139 -0.057140529 -0.822757483 -0.044804323 0.563735485
1403638546327829504.000000 -5.085919857 1.817519188 0.875507474 -0.020839805 -0.825314581 -0.020061195 0.563931882
1403638546777829376.000000 -5.509091854 1.765537143 0.875221729 -0.000314157 -0.826052487 -0.004183698 0.563577592
1403638546927829504.000000 -5.656793594 1.742900133 0.903215289 0.008166424 -0.826632679 -0.003453422 0.562672079
1403638548577829376.000000 -7.448284626 1.113265276 0.873656273 0.069658548 -0.826418161 0.042469416 0.557114899
1403638548777829376.000000 -7.690717220 1.002864718 0.895448565 0.083034754 -0.824913561 0.052347645 0.556670904
1403638549177829376.000000 -8.182216644 0.776507497 0.990285933 0.087542273 -0.823965073 0.057970349 0.556828082
1403638549627829504.000000 -8.751716614 0.516721725 1.156916618 0.079424068 -0.821274102 0.063917786 0.561351299
1403638550427829504.000000 -9.820101738 0.108107008 1.548611641 0.078549363 -0.823100984 0.066069767 0.558542311
1403638550677829376.000000 -10.165778160 -0.002560258 1.677023172 0.073918618 -0.818979561 0.073322982 0.564298093
1403638550977829376.000000 -10.573719025 -0.107208475 1.796222448 0.070585556 -0.805699110 0.076332934 0.583129346
1403638551277829376.000000 -10.937746048 -0.172347173 1.901701212 0.065196022 -0.801465631 0.083099335 0.588639855
1403638553977829376.000000 -12.195854187 1.638821363 2.523572445 -0.033283360 -0.795440555 -0.020579427 0.604767025
1403638556827829504.000000 -10.528955460 4.037959099 2.869184494 -0.096611314 -0.821381390 -0.025789360 0.561546028
1403638559427829504.000000 -10.600893974 6.984110832 3.284970045 -0.078498416 -0.820896208 -0.054773673 0.562998593
1403638561677829376.000000 -11.227246284 8.939778328 2.925092220 -0.356623679 -0.729803979 -0.245172456 0.529241085
1403638561977829376.000000 -11.125312805 9.115885735 2.861625433 -0.358031541 -0.729128599 -0.253253788 0.525402129
1403638563227829504.000000 -10.532805443 9.582934380 2.823711157 -0.541634202 -0.601861894 -0.354018807 0.468044281
1403638563877829376.000000 -9.967437744 9.620396614 2.734705448 -0.552155852 -0.582386315 -0.370347977 0.467752576
1403638564277829376.000000 -9.496255875 9.530029297 2.744521141 -0.540345013 -0.589436531 -0.365951687 0.476099998
1403638564427829504.000000 -9.294570923 9.478268623 2.751986504 -0.533083260 -0.592397928 -0.368994504 0.478257388
1403638566827829504.000000 -4.928962708 7.546805382 1.750603318 -0.545650303 -0.632558227 -0.351985663 0.422187179
1403638566977829376.000000 -4.675912380 7.410227776 1.620739818 -0.547907114 -0.640404701 -0.343934119 0.413991481
1403638567177829376.000000 -4.355096817 7.255763054 1.449182272 -0.532465935 -0.626613617 -0.364539653 0.436973959
1403638569827829504.000000 -2.048379898 6.069251537 0.375014484 -0.533351064 -0.631101370 -0.383176625 0.412823558
1403638572577829376.000000 -0.615114987 5.439560413 -0.100242794 -0.761769295 -0.333177894 -0.498257786 0.245844096
1403638573127829504.000000 0.084435903 5.225761414 -0.055133514 -0.767388463 -0.337712884 -0.498823613 0.219636098
1403638573377829376.000000 0.417052060 5.183506012 -0.037259068 -0.766425312 -0.341831118 -0.496491402 0.221900836
1403638573777829376.000000 0.968706906 5.197644711 0.049399309 -0.767799973 -0.336404145 -0.504041135 0.207985848
1403638573977829376.000000 1.247852206 5.241210461 0.102413028 -0.766576886 -0.303999782 -0.529461324 0.199034929
1403638574377829376.000000 1.778494716 5.319222450 0.141009092 -0.788428187 -0.190710992 -0.556473434 0.179854915
1403638574577829376.000000 2.030231237 5.323172569 0.141920477 -0.799554706 -0.153147578 -0.561542451 0.148081869
1403638574927829504.000000 2.453412294 5.295474529 0.194570690 -0.810037136 -0.140840083 -0.558922827 0.107746139
1403638575277829376.000000 2.867076397 5.260572433 0.211065590 -0.815688908 -0.130802944 -0.549698472 0.123991512
1403638575577829376.000000 3.238542795 5.209977627 0.185894832 -0.821088016 -0.144176289 -0.539180517 0.119632788
1403638576177829376.000000 4.076323986 5.139848709 0.290378571 -0.821019828 -0.165143177 -0.536146224 0.105837055
1403638576577829376.000000 4.691061974 5.177687645 0.391130865 -0.817596436 -0.179020137 -0.540816545 0.083698489
1403638576777829376.000000 5.003144741 5.237148762 0.413890839 -0.812366366 -0.181987733 -0.548235655 0.079869539
1403638576977829376.000000 5.308260441 5.327199936 0.417653799 -0.805265546 -0.173005685 -0.559482574 0.092713743
1403638577177829376.000000 5.599186420 5.435589790 0.421516746 -0.805471957 -0.164308593 -0.559750080 0.104390755
1403638577377829376.000000 5.880441189 5.553831577 0.453210950 -0.804457366 -0.171200529 -0.560886621 0.094578609
1403638577777829376.000000 6.406708241 5.836371422 0.527469873 -0.806864202 -0.170519471 -0.557118416 0.097532138
1403638577977829376.000000 6.653179169 5.997274876 0.531315506 -0.806044638 -0.172184125 -0.557775497 0.097628504
1403638578377829376.000000 7.129752636 6.354424477 0.588652968 -0.806668162 -0.157907501 -0.556302845 0.121978410
1403638578577829376.000000 7.362030029 6.525288582 0.606077731 -0.806952775 -0.156598583 -0.556285501 0.121863641
1403638578777829376.000000 7.588968277 6.685479641 0.608111560 -0.804911077 -0.161515102 -0.559567571 0.113645680
1403638578977829376.000000 7.807029247 6.844000816 0.603198588 -0.803156793 -0.168547466 -0.561793923 0.104492493
1403638579377829376.000000 8.216998100 7.188490391 0.669482946 -0.803548455 -0.164212018 -0.560583353 0.114414625
1403638579777829376.000000 8.594895363 7.530564308 0.720261216 -0.783225715 -0.186464712 -0.575442195 0.143717706
1403638582427829504.000000 9.600325584 8.743649483 0.684128940 -0.672776282 -0.450374812 -0.493655682 0.317551196
1403638585377829376.000000 8.444400787 8.910980225 1.399344921 -0.677912772 -0.449764580 -0.487367511 0.317205012
1403638588327829504.000000 6.075664043 8.596224785 1.352672935 -0.677645981 -0.452838242 -0.490796149 0.307981640
1403638591277829376.000000 3.415982246 7.902922630 1.215564370 -0.701065958 -0.450436801 -0.463379323 0.301484346
1403638591577829376.000000 3.213258505 7.873561382 1.196531415 -0.712563634 -0.453882158 -0.446552962 0.294677168
1403638592177829376.000000 2.950109005 8.005490303 1.158583999 -0.701508939 -0.447240472 -0.460043639 0.310195237
1403638592627829504.000000 2.853742599 8.183739662 1.318723798 -0.667151392 -0.481841445 -0.446275204 0.351534367
1403638593977829376.000000 2.899172544 8.868766785 1.826885939 -0.625978827 -0.496337920 -0.472343475 0.372412086
1403638595777829376.000000 2.550990105 9.062258720 2.277594090 -0.627992809 -0.519896448 -0.449943870 0.364531577
1403638596227829504.000000 2.425642967 9.015335083 2.227095842 -0.614912212 -0.534387469 -0.467999011 0.342476219
1403638596627829504.000000 2.182006121 8.974184036 2.246931076 -0.596018970 -0.551231742 -0.489041716 0.318972111
1403638597377829376.000000 1.039006352 8.945739746 2.456480265 -0.587697864 -0.546701252 -0.503633261 0.319503754
1403638597677829376.000000 0.351246417 8.926267624 2.467752695 -0.597340405 -0.526007473 -0.494397700 0.349387527
1403638597877829376.000000 -0.144667953 8.896390915 2.450227737 -0.587227643 -0.539796531 -0.497901469 0.340408027
1403638598077829376.000000 -0.677130103 8.852437973 2.426697969 -0.579057395 -0.548636794 -0.494283229 0.345505983
1403638598227829504.000000 -1.102284789 8.807936668 2.422270536 -0.590565920 -0.541710138 -0.471861243 0.367599100
1403638598377829376.000000 -1.533354759 8.754799843 2.419363976 -0.600052357 -0.538608313 -0.455295682 0.377550215
1403638598577829376.000000 -2.102490187 8.676107407 2.396357298 -0.602618098 -0.542154431 -0.445482314 0.380086273
1403638598777829376.000000 -2.662137270 8.591510773 2.354601860 -0.590256691 -0.557830930 -0.435561419 0.388211161
1403638598977829376.000000 -3.211824656 8.502488136 2.329824448 -0.568395853 -0.579864085 -0.422583640 0.402624965
1403638599177829376.000000 -3.753709555 8.407116890 2.327248573 -0.543387949 -0.603441060 -0.405551881 0.419662029
1403638599377829376.000000 -4.289371967 8.302423477 2.348570108 -0.518524706 -0.630161822 -0.384967148 0.431078345
1403638599777829376.000000 -5.330905914 8.086605072 2.400648117 -0.501011670 -0.652326584 -0.364412040 0.436647654
1403638600577829376.000000 -7.232943058 7.801805973 2.300600052 -0.548579276 -0.627003729 -0.317400157 0.452972680
1403638600777829376.000000 -7.603544712 7.795063019 2.313155174 -0.553837836 -0.629546106 -0.310138881 0.448050499
1403638600977829376.000000 -7.927136898 7.824842930 2.343259811 -0.539980531 -0.648227215 -0.327565640 0.425350815
1403638601177829376.000000 -8.231217384 7.888764381 2.356307983 -0.527970791 -0.656468689 -0.342235029 0.416138232
1403638601527829504.000000 -8.770018578 8.058827400 2.364769697 -0.498861700 -0.655732691 -0.350665778 0.445180088
1403638601727829504.000000 -9.083373070 8.164231300 2.396382093 -0.463965654 -0.676155210 -0.335750848 0.463488370
1403638601927829504.000000 -9.399732590 8.260131836 2.453267336 -0.415369809 -0.703907669 -0.315471798 0.482140511
1403638602127829504.000000 -9.717416763 8.344347000 2.504263878 -0.384664774 -0.721765280 -0.296758771 0.492972761
1403638602527829504.000000 -10.363089561 8.451633453 2.581343889 -0.314971417 -0.708322763 -0.254099339 0.578364432
1403638604627829504.000000 -10.807312965 7.279516697 2.860867023 -0.176020145 -0.790447235 -0.138717979 0.570059180
1403638605277829376.000000 -10.510457993 6.603376865 2.907675266 -0.188684210 -0.811481297 -0.121169046 0.539642811
1403638605677829376.000000 -10.396132469 6.235266209 2.942895651 -0.157005429 -0.799784064 -0.163748488 0.555770695
1403638606127829504.000000 -10.339848518 5.712550163 3.007740498 -0.151199967 -0.802276313 -0.175403863 0.550204456
1403638606327829504.000000 -10.341234207 5.429420948 3.016616106 -0.154145539 -0.805136204 -0.173983350 0.545641601
1403638606727829504.000000 -10.407647133 4.813844204 2.951923370 -0.177934870 -0.822612643 -0.125360072 0.525292695
1403638606927829504.000000 -10.482795715 4.518410206 2.897798538 -0.152898565 -0.832029045 -0.102862634 0.523229539
1403638607177829376.000000 -10.629405022 4.178942204 2.868927479 -0.116815157 -0.832981884 -0.066755995 0.536692679
1403638607577829376.000000 -10.917406082 3.710678577 2.809649467 -0.094877258 -0.816964388 -0.046831034 0.566898823
1403638608577829376.000000 -11.553052902 2.875512362 2.312763214 -0.095204912 -0.803907037 -0.062735356 0.583724201
1403638608977829376.000000 -11.701730728 2.613708258 2.070638657 -0.099584632 -0.806568861 -0.054905850 0.580099165
1403638609377829376.000000 -11.780468941 2.398092747 1.907385349 -0.106287599 -0.805431902 -0.045190245 0.581326365
1403638609577829376.000000 -11.797997475 2.316074371 1.797760010 -0.102937490 -0.807910085 -0.051414795 0.577963471
1403638609877829376.000000 -11.809823990 2.214784384 1.612166762 -0.100926645 -0.808498323 -0.054237112 0.577237189
1403638610377829376.000000 -11.778306007 2.098372459 1.394253135 -0.101659998 -0.798316002 -0.054304577 0.591107309
1403638610727829504.000000 -11.683815956 2.046167850 1.198941112 -0.098895662 -0.787685394 -0.057805367 0.605334640
1403638610977829376.000000 -11.563022614 2.017214775 1.084981918 -0.100839324 -0.799069226 -0.051209167 0.590506017
1403638611327829504.000000 -11.347444534 2.002604961 0.932546914 -0.097035445 -0.795830250 -0.052459680 0.595387638
1403638611727829504.000000 -11.025955200 1.983695269 0.814033091 -0.084394522 -0.803951800 -0.074672326 0.583920479
1403638612127829504.000000 -10.679720879 1.932411432 0.684569657 -0.103221208 -0.808367193 -0.052314006 0.577192545
1403638612477829376.000000 -10.378983498 1.914409280 0.628091037 -0.102395855 -0.807066679 -0.057294220 0.578684747
1403638612827829504.000000 -10.073606491 1.909850240 0.528788209 -0.097583726 -0.803862393 -0.074607000 0.581993639
1403638613177829376.000000 -9.756953239 1.879346013 0.448383123 -0.104429066 -0.805187821 -0.071056210 0.579412043
1403638613627829504.000000 -9.346575737 1.816727161 0.427062541 -0.112167962 -0.801104963 -0.073111549 0.583355784
1403638613977829376.000000 -9.007446289 1.760841966 0.340486884 -0.139000744 -0.789312661 -0.087373160 0.591633677
1403638614377829376.000000 -8.561692238 1.698743820 0.212091520 -0.197792247 -0.786323130 -0.129914522 0.570698142
1403638614577829376.000000 -8.330391884 1.664008260 0.190294519 -0.216905713 -0.782859385 -0.136327431 0.567007959
1403638614777829376.000000 -8.096764565 1.637891054 0.199148431 -0.248634085 -0.776957452 -0.138304487 0.561595917
1403638614977829376.000000 -7.853245735 1.627363682 0.239297062 -0.290041506 -0.770163417 -0.153264195 0.547023177
1403638615177829376.000000 -7.602432251 1.642890811 0.298773706 -0.330350757 -0.751861215 -0.195040867 0.536220372
1403638615377829376.000000 -7.347550869 1.673670411 0.367634326 -0.370708883 -0.727295578 -0.244033501 0.523510993
1403638615577829376.000000 -7.096099854 1.705638647 0.415054768 -0.414158434 -0.700841069 -0.280056804 0.508785605
1403638615777829376.000000 -6.851705074 1.732611179 0.454440325 -0.439699590 -0.684873283 -0.298705935 0.498385131
1403638616027829504.000000 -6.547883511 1.756910682 0.523172677 -0.464867294 -0.668714106 -0.312360764 0.489030272
1403638616277829376.000000 -6.240398884 1.774446845 0.536432803 -0.496566743 -0.646647334 -0.332456529 0.474069029
1403638616477829376.000000 -5.990969658 1.785724163 0.481727183 -0.526483119 -0.624276817 -0.350504965 0.458519638
1403638616927829504.000000 -5.435929298 1.821703911 0.303479910 -0.569846332 -0.615748823 -0.337542176 0.426841736
1403638617277829376.000000 -4.990492821 1.930714726 0.240115911 -0.551068783 -0.623618305 -0.357746899 0.423604250
1403638617577829376.000000 -4.629035950 2.070678234 0.257456362 -0.548712909 -0.635249257 -0.350716531 0.415175349
1403638618127829504.000000 -4.063468456 2.452134609 0.436157793 -0.537351966 -0.639333546 -0.353400946 0.421442002
1403638618677829376.000000 -3.613693476 2.941014290 0.539739490 -0.534204245 -0.639065027 -0.358649790 0.421416730
1403638618927829504.000000 -3.444919586 3.190983057 0.596914709 -0.539284825 -0.629567206 -0.368296236 0.420921385
1403638621577829376.000000 -1.869171381 5.079488754 0.448588699 -0.619357884 -0.524177551 -0.446834534 0.376792461
1403638624227829504.000000 -1.110839486 4.113824368 0.384163052 -0.629816771 -0.514546812 -0.443972707 0.376112729
1403638625227829504.000000 -0.995586395 3.097257614 0.335064918 -0.620020688 -0.527118742 -0.430720925 0.390127778
1403638625477829376.000000 -0.962802649 2.825379848 0.327641726 -0.618119836 -0.528384686 -0.429527044 0.392739207
1403638625727829504.000000 -0.921810567 2.556923389 0.353859842 -0.620724618 -0.532072067 -0.425836653 0.387638301
1403638625977829376.000000 -0.873124719 2.298305988 0.376222223 -0.624870241 -0.535420299 -0.421450227 0.381106287
1403638626227829504.000000 -0.815872133 2.057471514 0.367916048 -0.627107561 -0.535151958 -0.419746697 0.379685640
1403638626527829504.000000 -0.741678953 1.789943337 0.326910615 -0.618015707 -0.538954556 -0.432763368 0.374567211
1403638626877829376.000000 -0.673054218 1.508783579 0.284116268 -0.625478923 -0.545150220 -0.420724779 0.366848886
1403638627377829376.000000 -0.594955146 1.220087767 0.270267576 -0.622948647 -0.547745347 -0.421800703 0.366052300
1403638627627829504.000000 -0.563707471 1.120164633 0.237860531 -0.620449126 -0.547181487 -0.426058143 0.366210043
1403638627927829504.000000 -0.539859474 1.028790116 0.192217529 -0.617921352 -0.545167506 -0.430931002 0.367782652
1403638628177829376.000000 -0.535008192 0.968419433 0.156849056 -0.620022416 -0.546901345 -0.430005074 0.362721235
1403638628427829504.000000 -0.545145035 0.928784847 0.135474011 -0.623090267 -0.544778824 -0.426986635 0.364221275
1403638628677829376.000000 -0.564034402 0.906950355 0.131713316 -0.624606073 -0.526284695 -0.425256461 0.389934242
1403638628927829504.000000 -0.569596887 0.882053852 0.114011198 -0.622207940 -0.530567050 -0.430056959 0.382631570
1403638629227829504.000000 -0.570854366 0.853736281 0.090838015 -0.618309319 -0.538066864 -0.434984535 0.372781783
1403638629477829376.000000 -0.582343400 0.833987951 0.086767420 -0.624077022 -0.542963386 -0.427846849 0.364233017
1403638629977829376.000000 -0.605142057 0.847876608 0.082192115 -0.622608900 -0.522902071 -0.432710856 0.389477789
1403638630227829504.000000 -0.598132193 0.850168049 0.021396603 -0.615601242 -0.530505896 -0.442481846 0.379220963
1403638630477829376.000000 -0.604834378 0.861240804 -0.005912760 -0.617204726 -0.533903003 -0.436564416 0.378705114
1403638630877829376.000000 -0.605816901 0.874387920 -0.027826885 -0.626689255 -0.556684315 -0.412459314 0.356707811
1403638631377829376.000000 -0.606011569 0.853775978 -0.023076935 -0.626846015 -0.556687057 -0.412622094 0.356239647
