#LBA time[ms],KF opt[#],KF fixed[#],MP[#],Edges[#]
0.009706,3,1,0,1395
0.003380,4,1,0,1725
0.281114,5,1,0,2239
0.846297,6,1,0,2758
0.697001,7,1,0,3298
1.789713,8,1,0,3902
1.361819,9,1,0,4579
1.125080,10,1,0,4963
1.178985,0,0,0,0
107.709445,0,0,0,0
1.645352,0,0,0,0
3.168455,0,0,0,0
2.676589,0,0,0,0
2.271937,0,0,0,0
2.780853,0,0,0,0
2.552742,0,0,0,0
3.774236,0,0,0,0
4.671019,0,0,0,0
3.588757,0,0,0,0
3.661418,0,0,0,0
3.926746,0,0,0,0
4.913329,0,0,0,0
5.481588,0,0,0,0
4.578371,0,0,0,0
4.441730,0,0,0,0
4.568998,0,0,0,0
4.568741,0,0,0,0
4.451727,0,0,0,0
5.410456,0,0,0,0
4.069388,0,0,0,0
4.134646,0,0,0,0
4.224084,0,0,0,0
3.733800,0,0,0,0
3.018017,0,0,0,0
3.867038,0,0,0,0
4.122189,0,0,0,0
4.597187,0,0,0,0
3.039583,0,0,0,0
5.046836,0,0,0,0
4.272801,0,0,0,0
3.947184,0,0,0,0
5.218230,0,0,0,0
4.750970,0,0,0,0
3.626829,0,0,0,0
5.043363,0,0,0,0
5.607900,0,0,0,0
3.404799,0,0,0,0
4.264274,0,0,0,0
3.831225,0,0,0,0
3.135873,0,0,0,0
3.963625,0,0,0,0
4.535161,0,0,0,0
4.208003,0,0,0,0
3.972632,0,0,0,0
3.602680,0,0,0,0
4.806495,0,0,0,0
3.562870,0,0,0,0
5.036743,0,0,0,0
3.859587,0,0,0,0
4.328921,0,0,0,0
3.774924,0,0,0,0
4.493240,0,0,0,0
5.898712,0,0,0,0
5.422621,0,0,0,0
4.965811,0,0,0,0
5.311803,0,0,0,0
9.572242,0,0,0,0
4.037416,0,0,0,0
8.865023,0,0,0,0
9.013923,0,0,0,0
8.254936,0,0,0,0
8.585222,0,0,0,0
5.512495,0,0,0,0
10.954148,0,0,0,0
6.827554,0,0,0,0
7.457505,0,0,0,0
8.509379,0,0,0,0
5.421481,0,0,0,0
8.777902,0,0,0,0
7.603521,0,0,0,0
7.453174,0,0,0,0
5.657443,0,0,0,0
8.242020,0,0,0,0
7.549809,0,0,0,0
8.718897,0,0,0,0
12.498414,0,0,0,0
9.447279,0,0,0,0
7.869084,0,0,0,0
10.205757,0,0,0,0
8.206386,0,0,0,0
8.428015,0,0,0,0
6.415300,0,0,0,0
9.925338,0,0,0,0
6.759705,0,0,0,0
9.001763,0,0,0,0
9.646958,0,0,0,0
6.189446,0,0,0,0
8.131147,0,0,0,0
8.136593,0,0,0,0
8.013033,0,0,0,0
9.634530,0,0,0,0
9.193911,0,0,0,0
10.350854,0,0,0,0
6.440427,0,0,0,0
8.152012,0,0,0,0
6.249389,0,0,0,0
9.864709,0,0,0,0
8.350049,0,0,0,0
7.538970,0,0,0,0
6.466799,0,0,0,0
8.434830,0,0,0,0
6.090859,0,0,0,0
7.306525,0,0,0,0
4.567602,0,0,0,0
7.128792,0,0,0,0
8.810069,0,0,0,0
4.541093,0,0,0,0
6.250408,0,0,0,0
5.418996,0,0,0,0
7.592322,0,0,0,0
9.842063,0,0,0,0
7.848215,0,0,0,0
5.707739,0,0,0,0
5.032120,0,0,0,0
8.517685,0,0,0,0
7.515671,0,0,0,0
6.586887,0,0,0,0
11.800527,0,0,0,0
9.738440,0,0,0,0
9.929055,0,0,0,0
8.753068,0,0,0,0
7.528689,0,0,0,0
7.145481,0,0,0,0
6.428128,0,0,0,0
8.237406,0,0,0,0
6.724409,0,0,0,0
6.901489,0,0,0,0
6.364990,0,0,0,0
5.447518,0,0,0,0
7.516028,0,0,0,0
9.409228,0,0,0,0
10.117442,0,0,0,0
12.077007,0,0,0,0
9.077104,0,0,0,0
10.397017,0,0,0,0
11.971237,0,0,0,0
8.830573,0,0,0,0
11.418411,0,0,0,0
13.797244,0,0,0,0
9.591225,0,0,0,0
11.242860,0,0,0,0
11.208533,0,0,0,0
12.121479,0,0,0,0
9.468632,0,0,0,0
7.944132,0,0,0,0
10.142528,0,0,0,0
8.423431,0,0,0,0
11.473564,0,0,0,0
8.394711,0,0,0,0
7.797923,0,0,0,0
9.427452,0,0,0,0
9.396429,0,0,0,0
11.087368,0,0,0,0
7.964040,0,0,0,0
8.261215,0,0,0,0
9.176972,0,0,0,0
6.781099,0,0,0,0
8.482823,0,0,0,0
6.866514,0,0,0,0
6.781000,0,0,0,0
7.524064,0,0,0,0
9.451195,0,0,0,0
12.150536,0,0,0,0
7.916425,0,0,0,0
6.754357,0,0,0,0
8.145183,0,0,0,0
9.550049,0,0,0,0
11.951352,0,0,0,0
11.518790,0,0,0,0
8.770219,0,0,0,0
9.195441,0,0,0,0
8.993066,0,0,0,0
9.182343,0,0,0,0
8.482601,0,0,0,0
8.893079,0,0,0,0
6.358628,0,0,0,0
9.028224,0,0,0,0
11.136367,0,0,0,0
9.836309,0,0,0,0
9.822626,0,0,0,0
10.814804,0,0,0,0
9.013386,0,0,0,0
8.414681,0,0,0,0
10.022207,0,0,0,0
11.592041,0,0,0,0
7.683137,0,0,0,0
11.040271,0,0,0,0
9.714749,0,0,0,0
8.713069,0,0,0,0
8.007714,0,0,0,0
9.668578,0,0,0,0
12.436825,0,0,0,0
10.847654,0,0,0,0
7.442956,0,0,0,0
9.022318,0,0,0,0
7.716204,0,0,0,0
7.552809,0,0,0,0
5.808553,0,0,0,0
7.471194,0,0,0,0
6.182673,0,0,0,0
6.566673,0,0,0,0
7.025596,0,0,0,0
6.318669,0,0,0,0
5.597261,0,0,0,0
8.956321,0,0,0,0
6.408570,0,0,0,0
6.954111,0,0,0,0
6.616147,0,0,0,0
8.613835,0,0,0,0
7.674344,0,0,0,0
8.058106,0,0,0,0
7.865616,0,0,0,0
6.565023,0,0,0,0
8.041779,0,0,0,0
9.178705,0,0,0,0
9.981686,0,0,0,0
5.748022,0,0,0,0
9.293076,0,0,0,0
8.878140,0,0,0,0
8.706707,0,0,0,0
7.990571,0,0,0,0
6.680496,0,0,0,0
7.778158,0,0,0,0
6.656607,0,0,0,0
8.828859,0,0,0,0
9.500182,0,0,0,0
8.380410,0,0,0,0
7.932584,0,0,0,0
12.227767,0,0,0,0
10.494570,0,0,0,0
9.877605,0,0,0,0
10.432783,0,0,0,0
9.664208,0,0,0,0
7.940366,0,0,0,0
10.274057,0,0,0,0
12.614311,0,0,0,0
6.183058,0,0,0,0
10.401198,0,0,0,0
8.159638,0,0,0,0
9.389141,0,0,0,0
10.226578,0,0,0,0
13.176727,0,0,0,0
8.332839,0,0,0,0
15.841754,0,0,0,0
10.483754,0,0,0,0
15.228060,0,0,0,0
11.901528,0,0,0,0
11.425835,0,0,0,0
13.812433,0,0,0,0
15.517840,0,0,0,0
11.126508,0,0,0,0
12.707068,0,0,0,0
13.663884,0,0,0,0
13.207559,0,0,0,0
12.899823,0,0,0,0
13.600172,0,0,0,0
9.841514,0,0,0,0
14.854381,0,0,0,0
14.224595,0,0,0,0
13.309679,0,0,0,0
15.814321,0,0,0,0
15.545988,0,0,0,0
17.957572,0,0,0,0
12.103861,0,0,0,0
14.363087,0,0,0,0
15.423506,0,0,0,0
11.457486,0,0,0,0
16.104311,0,0,0,0
15.415743,0,0,0,0
13.639309,0,0,0,0
17.164233,0,0,0,0
9.429529,0,0,0,0
11.732197,0,0,0,0
14.361075,0,0,0,0
11.328489,0,0,0,0
13.592751,0,0,0,0
11.827456,0,0,0,0
17.090885,0,0,0,0
9.538186,0,0,0,0
16.243660,0,0,0,0
15.020492,0,0,0,0
11.866968,0,0,0,0
15.482669,0,0,0,0
12.955072,0,0,0,0
10.567692,0,0,0,0
10.487677,0,0,0,0
9.993622,0,0,0,0
14.125177,0,0,0,0
13.589888,0,0,0,0
12.003502,0,0,0,0
12.394016,0,0,0,0
15.503856,0,0,0,0
11.457116,0,0,0,0
17.796807,0,0,0,0
14.102826,0,0,0,0
12.250899,0,0,0,0
15.161821,0,0,0,0
11.617948,0,0,0,0
10.955853,0,0,0,0
12.466782,0,0,0,0
10.627459,0,0,0,0
11.604095,0,0,0,0
15.411853,0,0,0,0
12.631466,0,0,0,0
15.028600,0,0,0,0
12.189049,0,0,0,0
13.308545,0,0,0,0
13.183671,0,0,0,0
13.915823,0,0,0,0
11.720229,0,0,0,0
14.740246,0,0,0,0
13.739473,0,0,0,0
13.776409,0,0,0,0
9.893413,0,0,0,0
11.983554,0,0,0,0
12.258828,0,0,0,0
12.319312,0,0,0,0
11.926155,0,0,0,0
17.929397,0,0,0,0
13.974101,0,0,0,0
14.381261,0,0,0,0
12.613202,0,0,0,0
12.464725,0,0,0,0
11.334635,0,0,0,0
12.799523,0,0,0,0
10.628096,0,0,0,0
8.800946,0,0,0,0
9.184831,0,0,0,0
7.302109,0,0,0,0
7.560872,0,0,0,0
10.477195,0,0,0,0
12.543015,0,0,0,0
11.973588,0,0,0,0
10.183981,0,0,0,0
9.614674,0,0,0,0
11.090174,0,0,0,0
11.507933,0,0,0,0
10.445127,0,0,0,0
11.297062,0,0,0,0
12.758923,0,0,0,0
12.041963,0,0,0,0
13.059855,0,0,0,0
10.795075,0,0,0,0
14.981216,0,0,0,0
10.401086,0,0,0,0
12.503380,0,0,0,0
12.454120,0,0,0,0
11.415221,0,0,0,0
14.025535,0,0,0,0
14.355672,0,0,0,0
14.217308,0,0,0,0
16.864777,0,0,0,0
13.206692,0,0,0,0
17.486459,0,0,0,0
16.695351,0,0,0,0
14.421823,0,0,0,0
15.572602,0,0,0,0
10.559795,0,0,0,0
15.088622,0,0,0,0
14.671242,0,0,0,0
14.140333,0,0,0,0
11.192580,0,0,0,0
13.709182,0,0,0,0
12.384591,0,0,0,0
12.704302,0,0,0,0
11.806192,0,0,0,0
14.575871,0,0,0,0
11.224590,0,0,0,0
12.490908,0,0,0,0
12.213584,0,0,0,0
10.153234,0,0,0,0
9.604055,0,0,0,0
10.833467,0,0,0,0
8.777508,0,0,0,0
9.600764,0,0,0,0
11.093014,0,0,0,0
11.222069,0,0,0,0
8.949387,0,0,0,0
12.475144,0,0,0,0
8.696431,0,0,0,0
11.208539,0,0,0,0
8.730806,0,0,0,0
8.180762,0,0,0,0
10.289464,0,0,0,0
9.067613,0,0,0,0
8.304007,0,0,0,0
9.456799,0,0,0,0
9.042847,0,0,0,0
7.810086,0,0,0,0
9.559592,0,0,0,0
9.334894,0,0,0,0
8.640898,0,0,0,0
8.162764,0,0,0,0
10.865258,0,0,0,0
7.674017,0,0,0,0
11.456334,0,0,0,0
9.821683,0,0,0,0
7.446250,0,0,0,0
7.739276,0,0,0,0
6.683682,0,0,0,0
9.051626,0,0,0,0
9.409735,0,0,0,0
6.339446,0,0,0,0
9.467076,0,0,0,0
7.678675,0,0,0,0
8.704417,0,0,0,0
6.997056,0,0,0,0
9.364156,0,0,0,0
7.679585,0,0,0,0
7.773924,0,0,0,0
8.687488,0,0,0,0
7.748475,0,0,0,0
9.776260,0,0,0,0
8.241543,0,0,0,0
9.849640,0,0,0,0
9.328173,0,0,0,0
14.546463,0,0,0,0
19.476320,0,0,0,0
12.352929,0,0,0,0
13.659837,0,0,0,0
12.150027,0,0,0,0
13.287665,0,0,0,0
15.630627,0,0,0,0
14.103567,0,0,0,0
15.525987,0,0,0,0
13.611507,0,0,0,0
13.073499,0,0,0,0
15.651379,0,0,0,0
12.974437,0,0,0,0
14.982626,0,0,0,0
14.884309,0,0,0,0
11.135221,0,0,0,0
12.843553,0,0,0,0
11.422272,0,0,0,0
15.631644,0,0,0,0
13.349143,0,0,0,0
13.315819,0,0,0,0
12.822704,0,0,0,0
17.378729,0,0,0,0
17.213663,0,0,0,0
17.483377,0,0,0,0
18.208255,0,0,0,0
18.581135,0,0,0,0
17.390643,0,0,0,0
20.602601,0,0,0,0
20.723612,0,0,0,0
19.120022,0,0,0,0
19.628592,0,0,0,0
18.387189,0,0,0,0
16.130911,0,0,0,0
24.973246,0,0,0,0
17.232766,0,0,0,0
17.866378,0,0,0,0
17.289335,0,0,0,0
18.280968,0,0,0,0
19.844797,0,0,0,0
15.106277,0,0,0,0
16.615781,0,0,0,0
17.779216,0,0,0,0
20.451884,0,0,0,0
15.686583,0,0,0,0
18.726270,0,0,0,0
16.840512,0,0,0,0
18.370885,0,0,0,0
16.363708,0,0,0,0
19.010318,0,0,0,0
20.690804,0,0,0,0
16.333592,0,0,0,0
13.538418,0,0,0,0
20.763280,0,0,0,0
14.010662,0,0,0,0
12.740635,0,0,0,0
10.951920,0,0,0,0
15.137854,0,0,0,0
10.842865,0,0,0,0
14.952008,0,0,0,0
8.742804,0,0,0,0
13.976326,0,0,0,0
15.355568,0,0,0,0
16.354748,0,0,0,0
15.301067,0,0,0,0
14.869839,0,0,0,0
15.812484,0,0,0,0
17.523441,0,0,0,0
16.861040,0,0,0,0
16.036953,0,0,0,0
19.962724,0,0,0,0
16.281542,0,0,0,0
12.878449,0,0,0,0
17.352608,0,0,0,0
13.914693,0,0,0,0
16.053744,0,0,0,0
14.164551,0,0,0,0
12.156010,0,0,0,0
17.591881,0,0,0,0
16.564723,0,0,0,0
12.204761,0,0,0,0
14.027198,0,0,0,0
15.316996,0,0,0,0
15.706100,0,0,0,0
15.333091,0,0,0,0
16.420021,0,0,0,0
12.971510,0,0,0,0
14.740847,0,0,0,0
12.587576,0,0,0,0
17.281585,0,0,0,0
12.757979,0,0,0,0
11.261081,0,0,0,0
15.714983,0,0,0,0
17.122361,0,0,0,0
17.988001,0,0,0,0
20.331679,0,0,0,0
21.868031,0,0,0,0
17.148942,0,0,0,0
15.443247,0,0,0,0
19.853725,0,0,0,0
20.830858,0,0,0,0
24.051467,0,0,0,0
18.576676,0,0,0,0
19.705839,0,0,0,0
22.412348,0,0,0,0
21.759374,0,0,0,0
17.415280,0,0,0,0
21.095826,0,0,0,0
19.888492,0,0,0,0
22.468090,0,0,0,0
20.533806,0,0,0,0
27.444656,0,0,0,0
22.509174,0,0,0,0
19.927764,0,0,0,0
27.160058,0,0,0,0
25.727363,0,0,0,0
26.219561,0,0,0,0
23.528586,0,0,0,0
20.158272,0,0,0,0
23.656415,0,0,0,0
25.334092,0,0,0,0
24.579664,0,0,0,0
26.701218,0,0,0,0
26.003988,0,0,0,0
23.918980,0,0,0,0
26.759964,0,0,0,0
27.483396,0,0,0,0
21.339118,0,0,0,0
25.061115,0,0,0,0
25.706918,0,0,0,0
29.287353,0,0,0,0
27.063602,0,0,0,0
28.024909,0,0,0,0
22.918915,0,0,0,0
19.677086,0,0,0,0
14.370973,0,0,0,0
12.326301,0,0,0,0
10.634413,0,0,0,0
12.666966,0,0,0,0
7.613173,0,0,0,0
11.486653,0,0,0,0
10.136097,0,0,0,0
15.487660,0,0,0,0
14.303657,0,0,0,0
8.331515,0,0,0,0
11.722167,0,0,0,0
11.772182,0,0,0,0
11.177290,0,0,0,0
12.391854,0,0,0,0
10.278673,0,0,0,0
12.498836,0,0,0,0
14.852697,0,0,0,0
20.571202,0,0,0,0
15.044689,0,0,0,0
21.120984,0,0,0,0
16.001494,0,0,0,0
16.877186,0,0,0,0
17.897094,0,0,0,0
12.910734,0,0,0,0
15.908967,0,0,0,0
16.207792,0,0,0,0
13.883166,0,0,0,0
13.922466,0,0,0,0
14.081925,0,0,0,0
12.824952,0,0,0,0
12.423409,0,0,0,0
12.249491,0,0,0,0
12.438674,0,0,0,0
12.257919,0,0,0,0
15.904099,0,0,0,0
19.563498,0,0,0,0
14.173653,0,0,0,0
13.903096,0,0,0,0
15.167014,0,0,0,0
12.832744,0,0,0,0
13.283527,0,0,0,0
16.010106,0,0,0,0
15.144417,0,0,0,0
26.856340,0,0,0,0
21.285854,0,0,0,0
15.845753,0,0,0,0
17.353978,0,0,0,0
16.863211,0,0,0,0
16.343398,0,0,0,0
16.446553,0,0,0,0
15.758911,0,0,0,0
15.928214,0,0,0,0
17.913112,0,0,0,0
13.519625,0,0,0,0
17.151137,0,0,0,0
14.007896,0,0,0,0
22.610835,0,0,0,0
18.035094,0,0,0,0
17.185576,0,0,0,0
19.382188,0,0,0,0
14.257331,0,0,0,0
18.569751,0,0,0,0
16.951975,0,0,0,0
18.389065,0,0,0,0
19.454506,0,0,0,0
16.119153,0,0,0,0
23.596821,0,0,0,0
15.190358,0,0,0,0
17.222127,0,0,0,0
16.563328,0,0,0,0
18.156574,0,0,0,0
15.855881,0,0,0,0
17.459951,0,0,0,0
18.708358,0,0,0,0
19.709980,0,0,0,0
15.840808,0,0,0,0
17.121130,0,0,0,0
16.461548,0,0,0,0
18.314188,0,0,0,0
18.783584,0,0,0,0
16.870476,0,0,0,0
23.432270,0,0,0,0
19.600426,0,0,0,0
19.604038,0,0,0,0
19.323356,0,0,0,0
21.959685,0,0,0,0
15.111657,0,0,0,0
21.622699,0,0,0,0
21.024152,0,0,0,0
21.675393,0,0,0,0
16.014869,0,0,0,0
26.266406,0,0,0,0
20.139072,0,0,0,0
24.344437,0,0,0,0
18.752722,0,0,0,0
20.215249,0,0,0,0
24.541856,0,0,0,0
17.411194,0,0,0,0
19.980225,0,0,0,0
18.425938,0,0,0,0
23.087745,0,0,0,0
17.153570,0,0,0,0
18.429772,0,0,0,0
19.804093,0,0,0,0
16.134610,0,0,0,0
18.905004,0,0,0,0
15.882924,0,0,0,0
16.865912,0,0,0,0
16.324655,0,0,0,0
14.417619,1,0,0,1982122744
13.665681,0,0,1072693248,28928
