#Stereo rect[ms], MP culling[ms], MP creation[ms], LBA[ms], KF culling[ms], Total[ms]
4.170337,0.012180,0.111598,0.005812,0.005812,4.305051
6.740682,0.036486,0.325042,0.001995,0.001995,7.105330
7.881210,0.133040,3.951489,0.171846,0.171846,19.018936
5.388799,0.093811,4.400130,0.183972,0.183972,17.860806
7.572178,0.247545,10.251587,0.459918,0.459918,42.875828
10.544145,0.228775,5.673738,0.584988,0.584988,34.979577
8.932971,0.244635,17.861070,0.632582,0.632582,62.786050
5.192047,0.146967,6.143395,1.243009,1.243009,40.120021
7.512391,0.107934,19.325349,0.651473,0.651473,60.797338
7.448850,0.077298,9.882736,68.541142,68.541142,115.272132
6.850504,0.098996,11.166708,0.561612,0.561612,50.290340
6.111168,0.113186,11.170060,0.730777,0.730777,51.770666
6.344485,0.104346,12.128508,0.781714,0.781714,55.672074
7.136974,0.118053,14.828675,1.141960,1.141960,67.310754
7.343952,0.142016,15.164815,1.214067,1.214067,76.863652
15.032345,0.224669,27.160497,1.305894,1.305894,100.000269
7.847008,0.076035,12.497164,1.462106,1.462106,86.894391
7.854006,0.074244,13.172031,1.185476,1.185476,120.470955
7.714502,0.054451,17.608660,2.686941,2.686941,103.036716
7.969021,0.079772,17.683302,1.929072,1.929072,122.789627
9.556025,0.118697,17.221960,1.870321,1.870321,113.871269
11.009032,0.125391,19.879135,2.348091,2.348091,123.336463
12.924942,0.207693,29.827000,2.521612,2.521612,126.806889
9.469427,0.104925,23.608925,3.067675,3.067675,142.022540
9.132341,0.098407,21.015668,2.655327,2.655327,138.375650
8.575204,0.112093,27.088084,2.589674,2.589674,124.415809
14.962678,0.208419,34.268829,2.564837,2.564837,186.932661
11.933644,0.172501,23.281328,2.247711,2.247711,128.800725
9.154230,0.088838,21.612945,2.645584,2.645584,121.397553
7.409682,0.093438,19.638544,2.559460,2.559460,236.781264
8.169434,0.134899,17.035598,2.284074,2.284074,106.759430
7.515986,0.068100,19.243248,2.416204,2.416204,123.200455
16.087973,0.219656,27.831097,2.307435,2.307435,125.870841
11.228701,0.106334,28.925946,2.506703,2.506703,121.919014
8.665542,0.104944,23.941186,2.522306,2.522306,116.915698
9.474788,0.133228,23.308254,1.715112,1.715112,129.926056
16.279108,0.240288,33.027277,3.462432,3.462432,153.536403
10.164768,0.140110,22.396473,2.500801,2.500801,145.860222
9.347333,0.125857,23.915599,2.252530,2.252530,128.242554
9.840335,0.136349,23.066711,4.172916,4.172916,150.232392
8.274092,0.117953,20.233857,4.078878,4.078878,131.139537
9.196756,0.144220,19.629965,3.452410,3.452410,124.369777
7.879099,0.096604,19.212789,2.020259,2.020259,117.785770
6.944605,0.068374,15.161344,3.829321,3.829321,117.867232
12.320435,0.131297,31.144264,3.184610,3.184610,133.656543
7.671512,0.107220,26.140168,1.603098,1.603098,119.636667
13.185937,0.087648,28.863075,2.115250,2.115250,126.305918
11.629990,0.091384,17.481792,2.709483,2.709483,111.626335
6.311876,0.031030,0.321283,0.002904,0.002904,6.668689
6.544475,0.089688,0.763468,0.002676,0.002676,7.401994
6.292171,0.151770,0.548103,0.160239,0.160239,10.528954
8.137905,0.149943,4.619775,0.449664,0.449664,24.108931
7.722847,0.152380,10.795576,0.388198,0.388198,32.153450
6.951287,0.167110,4.973093,0.440843,0.440843,22.958491
8.577516,0.276964,16.604520,0.945564,0.945564,57.839180
6.090310,0.223644,14.872905,0.768142,0.768142,66.510298
8.962005,0.478610,10.302364,0.930616,0.930616,46.336785
7.041475,0.158206,13.324484,59.930683,59.930683,113.562336
6.751481,0.160142,12.174818,0.872933,0.872933,65.984918
7.991779,0.232966,23.642758,0.850320,0.850320,72.551004
11.159844,0.220995,21.236907,1.386830,1.386830,87.042952
9.373251,0.230726,26.737808,1.196798,1.196798,98.888512
8.665774,0.302536,20.791911,1.537798,1.537798,112.521548
10.339511,0.319917,19.191649,1.596612,1.596612,107.554821
11.130475,0.283926,24.516972,2.319326,2.319326,103.462970
6.777976,0.162314,16.845631,1.793314,1.793314,107.720453
6.456824,0.181635,20.725231,1.985258,1.985258,105.168633
11.254915,0.180809,25.333706,2.096674,2.096674,120.539777
7.002551,0.189435,23.179558,2.455455,2.455455,133.891330
6.884784,0.137609,18.228431,4.094420,4.094420,145.690669
13.765436,0.301664,24.390980,3.994622,3.994622,138.722620
8.241417,0.179839,23.974433,3.359820,3.359820,126.853392
7.543107,0.141042,17.910486,3.342586,3.342586,130.504763
7.955939,0.337533,17.719334,3.184240,3.184240,121.990206
6.480551,0.152784,24.817099,3.459251,3.459251,373.840286
6.912345,0.212106,13.943375,2.783475,2.783475,126.372775
7.285596,0.186371,24.633102,3.274207,3.274207,144.828181
6.346753,0.150730,17.145492,2.307191,2.307191,120.576431
12.314962,0.366373,30.588650,4.188131,4.188131,154.271825
11.382085,0.321057,29.717726,2.465226,2.465226,141.180300
6.733931,0.158084,17.721998,2.763843,2.763843,128.881871
7.386356,0.169380,17.019399,3.264284,3.264284,133.416355
7.295723,0.161802,19.945808,3.247400,3.247400,141.961388
6.427779,0.160167,16.906971,4.331185,4.331185,134.051008
6.812100,0.153251,17.670456,3.297402,3.297402,145.284042
6.083098,0.158481,16.413129,2.234557,2.234557,138.976264
7.257382,0.170700,16.334926,4.670422,4.670422,150.247383
7.318569,0.186911,17.283713,3.543019,3.543019,149.742625
6.574903,0.162200,16.079317,4.706841,4.706841,158.153211
7.243211,0.200755,15.726765,2.470611,2.470611,146.467151
7.468277,0.150334,17.460688,3.307877,3.307877,162.454528
6.507476,0.135578,18.002168,3.616541,3.616541,158.118275
7.499517,0.121366,19.923662,3.019828,3.019828,158.094349
7.678046,0.157706,18.623224,2.858996,2.858996,166.492205
7.536364,0.130768,17.613779,3.200009,3.200009,163.182857
7.478042,0.131955,18.514578,2.592493,2.592493,162.835023
7.896295,0.141510,17.955186,3.818066,3.818066,162.212956
10.059233,0.225762,24.899930,3.048066,3.048066,188.228706
7.978863,0.167307,18.467745,6.479513,6.479513,192.143923
6.239283,0.143893,21.851648,2.341300,2.341300,176.640121
11.012002,0.215118,25.463904,6.627875,6.627875,216.732991
7.757437,0.142384,20.100343,2.778977,2.778977,164.475246
7.313057,0.254093,21.009192,3.541949,3.541949,190.320161
7.965960,0.151356,18.019704,4.005375,4.005375,181.429521
6.912250,0.144374,19.256656,3.804240,3.804240,173.191955
7.809851,0.164459,22.540435,2.975490,2.975490,166.060949
7.469300,0.134980,18.996083,3.041575,3.041575,164.583890
6.979993,0.171678,20.192569,3.843529,3.843529,165.228016
9.012553,0.339009,20.801874,3.912423,3.912423,190.010667
7.214366,0.175214,24.018343,3.445969,3.445969,173.787329
8.730876,0.190631,21.180503,3.024653,3.024653,163.065642
6.824557,0.129308,22.120919,4.388297,4.388297,241.412325
7.690415,0.213495,26.825100,4.172756,4.172756,209.514455
7.071095,0.238824,20.598291,6.184851,6.184851,165.852503
7.163606,0.203604,18.432747,3.121775,3.121775,161.140306
6.606011,0.160432,22.847647,5.190627,5.190627,221.646663
7.617317,0.242511,18.965653,4.381645,4.381645,163.017819
7.159541,0.168137,18.773845,5.231002,5.231002,159.763354
6.763399,0.190889,18.566174,5.811561,5.811561,196.483087
6.737276,0.228136,19.564056,5.444439,5.444439,154.297183
7.721958,0.227204,23.376935,5.123367,5.123367,168.826569
10.375300,0.341165,25.911757,4.583914,4.583914,184.603523
6.734220,0.208053,20.523128,4.760298,4.760298,160.922441
8.558859,0.270146,24.347668,5.122716,5.122716,164.592680
8.228563,0.236058,20.216802,6.141339,6.141339,157.034715
7.705638,0.239012,20.578531,6.598585,6.598585,161.623417
10.327150,0.379754,25.251979,5.362782,5.362782,169.514506
11.198843,0.259055,26.782943,6.197647,6.197647,171.112546
15.869438,0.411022,33.430383,7.116633,7.116633,561.787375
8.506219,0.435343,31.165364,4.412447,4.412447,180.495246
7.629274,0.224954,21.102657,6.266861,6.266861,166.263974
14.334587,0.405145,35.434607,6.596161,6.596161,184.971994
7.981978,0.239589,22.712129,7.238108,7.238108,165.604749
12.881431,0.257502,35.003273,8.018328,8.018328,192.110157
8.521619,0.225817,24.619857,5.595923,5.595923,167.885865
10.498372,0.239326,28.460326,7.916125,7.916125,191.474711
8.206465,0.471024,28.484092,5.878809,5.878809,172.568044
15.426461,0.660770,21.302589,6.217830,6.217830,173.273823
9.074671,0.211675,25.777395,12.963453,12.963453,193.177964
8.522006,0.217722,24.267226,6.112695,6.112695,188.776324
9.056513,0.223926,20.807542,7.830034,7.830034,170.390021
8.361887,0.215700,20.913910,9.490860,9.490860,170.780393
8.734052,0.289186,25.601198,7.506794,7.506794,173.739372
8.328217,0.239319,21.029728,8.076906,8.076906,172.038660
7.739498,0.225028,24.445415,9.115515,9.115515,182.090480
8.796251,0.334555,27.205865,9.364441,9.364441,189.464765
7.603666,0.252101,21.367044,11.338207,11.338207,174.096804
8.340261,0.261724,19.513674,8.316714,8.316714,170.365356
6.249952,0.222750,18.036603,8.832423,8.832423,171.921321
7.765316,0.289236,18.808221,8.369689,8.369689,168.035763
8.646990,0.276300,22.028561,9.748748,9.748748,175.604057
6.849150,0.258564,20.667762,9.819222,9.819222,168.424084
6.141225,0.203356,19.274846,8.330536,8.330536,171.150845
7.457518,0.285355,19.373167,8.126402,8.126402,171.850993
7.038883,0.280086,18.039688,4.904285,4.904285,167.011557
5.635272,0.188594,16.550888,8.609122,8.609122,164.751073
6.140927,0.305909,19.426664,5.630281,5.630281,171.313883
7.837584,0.376596,24.323223,6.006349,6.006349,172.218295
6.018955,0.321074,15.291341,8.317715,8.317715,156.750945
6.189764,0.193969,16.994323,12.429674,12.429674,161.479892
5.426057,0.240697,17.870974,6.014800,6.014800,159.111817
6.792248,0.298714,22.990761,3.969729,3.969729,167.176666
7.161436,0.263459,29.671327,5.751747,5.751747,183.972972
5.580907,0.206723,20.653625,3.941175,3.941175,164.647237
10.266946,0.397597,29.187920,6.552244,6.552244,191.860688
6.965735,0.247987,20.783039,3.980148,3.980148,173.798845
10.879209,0.419834,32.449601,8.412087,8.412087,195.776675
6.892950,0.269397,18.463703,4.852116,4.852116,169.142333
8.482702,0.283832,17.013283,3.596380,3.596380,169.033341
10.685039,0.392949,28.789658,5.883207,5.883207,188.482710
6.413270,0.254250,21.724046,5.299296,5.299296,189.673856
7.222417,0.293672,25.315851,3.636533,3.636533,184.124958
7.276990,0.244381,25.868264,7.183552,7.183552,192.401656
9.752867,0.396842,30.286848,5.052354,5.052354,191.462447
7.401966,0.238881,19.941257,5.023958,5.023958,170.691035
7.751600,0.253507,23.389987,4.570603,4.570603,178.622370
7.897890,0.295457,19.818917,7.712077,7.712077,188.175207
7.350651,0.193486,18.222212,5.856403,5.856403,166.224754
8.895686,0.283007,22.936563,5.140270,5.140270,172.193258
6.277773,0.231677,18.768802,6.307366,6.307366,169.433672
7.591690,0.280412,25.007467,3.451015,3.451015,161.758084
6.199320,0.114778,17.766999,6.220052,6.220052,162.932373
6.108776,0.205470,19.222163,5.657083,5.657083,158.587095
5.560985,0.205028,16.847731,4.480897,4.480897,155.616073
6.264119,0.259213,18.014263,6.600953,6.600953,159.311085
6.887097,0.262942,17.339148,5.786537,5.786537,152.433739
6.877383,0.232778,18.100381,3.940435,3.940435,157.520249
7.350434,0.202696,20.769898,4.428036,4.428036,168.255285
6.783923,0.369667,24.776949,6.302326,6.302326,158.720938
9.972110,0.444231,40.566754,7.725902,7.725902,186.807938
9.530775,0.457595,32.991739,8.241648,8.241648,176.079519
7.531589,0.288285,21.815877,4.068630,4.068630,162.321886
8.132243,0.281170,27.922297,3.789037,3.789037,164.389377
6.354765,0.292782,31.014196,5.444279,5.444279,159.665564
11.394208,0.604778,32.019698,7.923829,7.923829,186.517295
6.619964,0.344786,25.382045,7.443613,7.443613,163.451754
12.358781,0.468814,28.688797,7.041401,7.041401,186.623995
12.969028,0.403265,45.907283,7.943510,7.943510,191.807178
7.686023,0.227458,27.630426,6.362566,6.362566,165.929827
13.494381,0.499777,31.007008,6.281716,6.281716,185.253227
7.177636,0.220000,22.983701,6.562777,6.562777,167.829609
7.191261,0.240754,27.832218,5.863662,5.863662,173.812512
8.452379,0.295849,20.518795,4.624385,4.624385,161.534309
7.160946,0.283633,24.682769,7.966699,7.966699,186.421677
6.966030,0.312453,23.856785,5.525948,5.525948,183.242674
7.713982,0.334786,25.653468,7.494893,7.494893,181.707897
7.362452,0.308508,21.322256,3.988680,3.988680,166.763738
6.100882,0.283268,20.050250,5.287556,5.287556,169.656733
6.772752,0.250571,19.086119,6.746523,6.746523,167.052989
7.667033,0.303319,21.292262,5.496685,5.496685,172.712758
6.164697,0.242984,19.804001,6.298930,6.298930,166.164526
5.604548,0.200037,20.786506,3.705788,3.705788,185.896393
6.530726,0.297485,25.169325,6.021649,6.021649,176.898845
6.310484,0.288453,18.031771,4.099159,4.099159,169.970961
6.592287,0.321168,18.620798,4.157694,4.157694,164.934736
11.615850,0.489489,29.405850,5.499468,5.499468,192.567880
7.851276,0.389199,17.837954,4.634030,4.634030,208.680886
10.042272,0.486330,28.951687,7.077363,7.077363,189.203330
9.688595,0.573800,27.966686,3.227052,3.227052,205.009665
7.120158,0.337086,23.215697,4.958925,4.958925,186.992618
6.685833,0.287344,18.906069,4.780023,4.780023,187.642434
6.031440,0.246633,19.871287,6.783258,6.783258,191.514004
7.173061,0.343150,19.491099,6.209365,6.209365,191.972982
5.858428,0.236049,18.202494,4.424694,4.424694,194.524748
5.610841,0.241121,19.564563,7.393010,7.393010,189.011062
6.622998,0.355955,23.399045,5.727351,5.727351,187.881755
6.585183,0.286152,20.061936,5.392783,5.392783,185.342718
6.024989,0.255578,22.078962,6.461862,6.461862,186.266872
6.094283,0.241674,21.339420,6.900403,6.900403,195.048199
6.671579,0.192868,23.891538,5.955169,5.955169,212.306841
6.003274,0.162199,25.704789,8.436955,8.436955,186.504585
6.638676,0.161997,25.587187,3.664609,3.664609,185.648046
8.473985,0.172286,24.058949,6.186689,6.186689,186.684960
6.737881,0.213386,24.712435,10.289863,10.289863,199.870682
7.411763,0.157195,23.909182,7.186901,7.186901,180.665228
6.742320,0.217118,27.326026,5.760960,5.760960,225.344538
7.968126,0.170700,25.539560,7.710558,7.710558,180.035300
7.125609,0.165837,31.320429,8.788892,8.788892,188.185132
6.616819,0.153156,27.722693,6.511301,6.511301,181.646024
7.522152,0.173949,30.728346,5.126658,5.126658,189.291489
5.939913,0.270594,28.411391,6.432660,6.432660,179.791507
5.560209,0.211775,33.502761,5.907057,5.907057,191.082742
4.542945,0.177436,20.582808,9.950172,9.950172,174.543650
4.311701,0.179936,18.989847,5.700223,5.700223,174.244536
5.823967,0.178611,20.116422,6.179069,6.179069,167.123383
10.027346,0.364660,20.630047,5.628625,5.628625,165.196415
10.265604,0.245629,29.496949,7.102618,7.102618,183.298839
7.347357,0.183419,22.161244,7.992402,7.992402,170.997222
10.809426,0.187476,40.395068,7.805828,7.805828,192.995367
6.527601,0.106771,21.609275,5.550226,5.550226,181.201808
8.250569,0.139557,24.688118,5.344096,5.344096,173.054471
9.176703,0.156305,22.909838,7.730220,7.730220,169.625412
5.986558,0.114408,20.451605,6.237406,6.237406,160.287619
5.831024,0.127052,20.241728,7.390719,7.390719,159.236783
6.006397,0.102528,19.383600,6.983011,6.983011,166.212643
13.732004,0.161990,36.883197,9.391558,9.391558,187.816634
6.560462,0.111788,19.083897,7.019605,7.019605,159.905704
5.864095,0.100717,19.838280,8.130829,8.130829,157.402963
6.782172,0.089396,23.398806,4.686109,4.686109,162.032995
11.670157,0.093639,26.670103,5.859845,5.859845,170.903324
11.090329,0.133742,25.985750,4.918012,4.918012,167.846325
8.417875,0.233128,23.741440,5.491071,5.491071,164.541823
9.727218,0.212809,21.533903,8.680111,8.680111,172.996339
8.882050,0.155789,24.365234,5.324859,5.324859,156.264873
6.408673,0.084581,21.355564,7.614269,7.614269,155.514555
7.182864,0.161916,23.036645,5.912290,5.912290,152.873512
6.425290,0.115618,18.694360,7.808957,7.808957,154.876404
8.632228,0.134988,18.748063,12.460351,12.460351,158.647088
9.383644,0.135608,26.684013,8.325899,8.325899,167.701094
7.527437,0.083989,23.531086,5.520190,5.520190,155.644846
8.738629,0.118080,32.118482,8.518361,8.518361,167.619020
8.261912,0.146464,23.717783,5.037313,5.037313,154.447424
7.412848,0.140880,23.247054,9.127808,9.127808,161.353027
7.319733,0.119837,24.903940,5.909223,5.909223,155.103373
11.091681,0.179882,27.749122,9.617233,9.617233,168.837818
9.247268,0.149831,26.443117,6.865804,6.865804,202.701597
8.323732,0.138690,22.942037,7.938910,7.938910,164.537108
7.680982,0.130104,26.011271,10.034727,10.034727,162.549045
7.078225,0.105710,21.156130,9.457684,9.457684,152.935489
7.531211,0.162752,21.774392,8.639118,8.639118,155.303196
7.139467,0.117069,20.793257,8.233017,8.233017,155.710638
7.249050,0.125433,22.303737,11.087550,11.087550,154.103829
8.287322,0.123135,24.482080,10.049675,10.049675,167.924808
7.044140,0.106549,23.835300,9.760054,9.760054,165.117276
10.391333,0.151600,25.330780,8.402300,8.402300,161.814171
8.145760,0.100261,23.859947,9.390929,9.390929,156.643381
8.480376,0.089311,25.076468,8.625733,8.625733,156.245598
7.049288,0.102345,22.597429,8.591503,8.591503,155.259681
7.522425,0.115617,28.526630,9.680168,9.680168,163.043083
7.627601,0.117021,27.641128,8.587942,8.587942,157.761383
7.875811,0.161373,25.540356,8.018494,8.018494,159.522216
9.179061,0.163703,27.713002,8.599713,8.599713,164.143919
8.845437,0.219180,25.015384,11.570199,11.570199,168.206468
8.166950,0.154029,22.091605,7.795039,7.795039,159.995228
11.393217,0.271531,28.217704,9.946976,9.946976,165.956976
15.785167,0.326334,36.324620,9.456240,9.456240,191.568369
16.914924,0.285467,32.006580,14.536930,14.536930,204.409477
7.773882,0.172820,25.623037,12.402911,12.402911,169.897946
9.689527,0.222273,21.994332,7.599629,7.599629,182.431983
15.854782,0.428158,37.590695,11.876383,11.876383,194.297613
7.657647,0.222918,21.464937,9.621953,9.621953,169.246668
10.884168,0.196882,26.009767,10.638074,10.638074,171.342814
12.005829,0.254531,27.914057,10.683928,10.683928,171.819808
8.910643,0.346577,24.560942,10.979805,10.979805,186.090131
7.938974,0.285836,21.356927,10.412979,10.412979,155.795238
13.615112,0.400555,29.671623,11.864882,11.864882,173.584619
7.395215,0.196846,18.895907,12.147203,12.147203,162.510959
6.870089,0.171273,19.734219,8.609485,8.609485,160.212060
10.055482,0.335450,34.966926,9.002337,9.002337,188.791169
12.080055,0.311515,28.517555,9.606694,9.606694,167.110069
14.695696,0.326250,32.579525,8.879429,8.879429,176.012809
15.172657,0.481870,35.021942,11.060648,11.060648,186.115574
15.595341,0.324110,24.781673,8.754352,8.754352,174.134971
8.517675,0.184601,23.056464,10.767842,10.767842,162.605626
14.355671,0.238837,28.581949,12.911931,12.911931,188.020849
13.487574,0.293334,27.952228,14.117542,14.117542,191.738870
8.750680,0.175389,22.048682,10.317079,10.317079,166.124042
8.218943,0.211471,21.034808,12.926254,12.926254,167.173361
6.950591,0.210730,24.138521,9.718710,9.718710,161.843798
9.544025,0.254524,21.756024,12.468289,12.468289,168.810677
8.255134,0.309195,27.267418,12.528023,12.528023,171.444523
7.140797,0.262388,18.802620,9.051503,9.051503,163.484750
7.207472,0.213669,21.013957,13.261717,13.261717,167.976896
6.697982,0.322037,18.752159,8.782221,8.782221,160.928151
6.809643,0.193816,20.005778,10.377673,10.377673,165.494580
9.195287,0.329296,25.147582,10.872937,10.872937,169.311020
6.653825,0.353428,32.151436,15.873960,15.873960,195.528819
7.416044,0.279368,27.872798,10.452558,10.452558,176.335156
7.926830,0.274832,28.755757,11.864103,11.864103,187.837436
6.500391,0.256482,27.777927,12.676565,12.676565,195.070770
8.440460,0.207322,30.774800,11.625396,11.625396,190.263867
8.476922,0.189178,27.491058,8.470812,8.470812,174.346337
8.195443,0.204088,34.186676,10.030881,10.030881,197.011403
6.867378,0.183304,28.109006,8.467239,8.467239,173.473469
8.182812,0.188907,31.806756,11.645902,11.645902,193.177030
7.055325,0.186570,22.953194,8.458685,8.458685,163.876405
7.396368,0.227728,23.456827,7.992878,7.992878,165.645282
6.782014,0.223209,20.730488,8.310591,8.310591,163.483748
9.000552,0.305754,28.893795,8.592313,8.592313,185.756918
6.980842,0.233327,24.697723,8.183785,8.183785,168.780569
6.417003,0.150475,22.996752,8.537324,8.537324,184.132305
7.353571,0.230708,24.051635,8.520847,8.520847,170.787253
6.808020,0.221664,24.450228,6.616604,6.616604,176.480543
7.338856,0.246612,23.456844,10.481163,10.481163,175.816095
8.880408,0.249366,24.435053,9.373679,9.373679,187.800580
8.658164,0.265870,23.748901,7.304349,7.304349,175.399445
8.674798,0.196873,23.731688,12.252205,12.252205,189.037227
10.569215,0.226999,37.055318,11.753950,11.753950,207.403485
6.735614,0.217583,22.631534,6.116358,6.116358,180.101388
12.374912,0.564138,41.077967,9.785140,9.785140,215.519470
13.124302,0.443168,29.989449,8.404682,8.404682,203.697367
12.123982,0.328129,35.648971,8.720965,8.720965,209.127879
6.899887,0.218795,23.235335,9.651262,9.651262,196.897431
7.647155,0.230241,26.207812,12.770705,12.770705,186.383495
7.160610,0.259924,26.677684,9.154112,9.154112,192.882142
12.903623,0.258337,24.224140,11.259754,11.259754,199.163613
6.674929,0.216617,29.155866,13.042941,13.042941,199.680561
7.539978,0.236518,34.923844,13.882486,13.882486,199.571894
7.147140,0.217244,30.318170,13.647092,13.647092,201.986851
8.855379,0.255868,27.465043,12.660949,12.660949,197.033152
7.979505,0.261824,23.581857,13.745149,13.745149,202.282436
6.953203,0.264495,24.335886,13.145231,13.145231,201.521890
8.052463,0.234547,26.974600,9.897824,9.897824,199.982852
13.754018,0.453768,34.247059,9.958221,9.958221,205.082795
14.831711,0.575951,44.199458,10.891935,10.891935,227.442168
8.982748,0.280546,31.123876,10.430730,10.430730,198.384998
7.431690,0.225286,24.845705,11.997413,11.997413,196.623969
6.664807,0.236691,24.022727,8.138407,8.138407,196.957188
6.821056,0.218469,23.954982,12.267188,12.267188,207.908636
6.664359,0.235818,27.420357,11.534100,11.534100,190.566877
7.087985,0.242219,24.596304,14.902759,14.902759,203.181551
7.322987,0.310827,28.544258,9.744193,9.744193,197.552558
7.055291,0.226206,24.361683,13.579585,13.579585,199.094483
7.601728,0.282942,25.996497,11.282740,11.282740,195.547562
14.437888,0.447965,41.360878,11.133555,11.133555,206.616315
14.178831,0.568188,31.361822,15.159692,15.159692,210.463767
7.566308,0.257197,33.754705,10.669778,10.669778,194.817469
9.147829,0.259121,26.430428,10.303668,10.303668,191.814301
8.680557,0.244169,36.096088,13.238183,13.238183,199.118876
8.215599,0.233125,34.816371,12.633484,12.633484,197.505646
17.980533,0.403185,46.656516,10.132394,10.132394,225.065740
10.780449,0.267183,33.108220,8.573687,8.573687,201.295076
15.389276,0.394421,38.185199,13.150934,13.150934,217.453682
18.862860,0.443125,51.597946,8.274801,8.274801,246.408978
11.710583,0.226134,35.711166,7.594032,7.594032,214.136339
21.527126,0.503926,45.639358,11.041316,11.041316,231.048181
13.197240,0.290253,36.174772,13.193788,13.193788,213.547502
9.106523,0.230579,32.514896,13.875848,13.875848,202.733376
9.591743,0.247487,33.289892,13.527772,13.527772,207.376485
8.723417,0.181661,29.810815,15.649570,15.649570,198.407495
8.778405,0.172626,29.295611,11.333024,11.333024,203.112546
8.181126,0.154063,27.694683,15.711433,15.711433,202.445124
7.297869,0.337509,23.280934,14.934660,14.934660,200.430070
6.858502,0.238898,23.031346,15.162021,15.162021,204.691092
6.377918,0.336205,22.152535,13.806257,13.806257,197.227573
6.686011,0.268812,22.543569,17.111367,17.111367,206.000131
6.900369,0.244687,27.513970,11.125065,11.125065,196.445764
7.025920,0.226100,32.558119,17.771127,17.771127,208.054099
7.067817,0.303417,28.830457,11.510502,11.510502,212.079111
7.041624,0.299022,28.259229,10.945987,10.945987,208.465332
9.766531,0.328330,33.654296,14.301270,14.301270,217.505442
13.857791,0.551332,47.894219,11.621034,11.621034,252.234296
7.209174,0.300103,28.080016,12.340513,12.340513,215.218302
10.391095,0.229074,39.809743,9.964784,9.964784,238.709347
8.524081,0.225910,37.743485,10.713973,10.713973,259.209583
11.861847,0.196949,33.741717,14.013807,14.013807,236.273606
10.432989,0.182748,32.926303,15.452771,15.452771,238.241102
8.636153,0.160519,30.037557,13.410159,13.410159,230.971752
8.401202,0.219418,33.107228,16.156557,16.156557,237.921610
10.670807,0.213929,33.180367,16.991447,16.991447,255.383750
8.522463,0.185729,30.474711,16.336116,16.336116,239.388653
13.877361,0.308583,45.827126,11.787319,11.787319,273.276931
8.875386,0.253382,40.985611,14.986352,14.986352,258.458627
18.953425,0.309281,45.009508,14.456832,14.456832,264.697048
20.152034,0.357443,50.827087,16.084510,16.084510,306.999230
10.384093,0.182116,30.302767,17.358676,17.358676,259.376972
10.773230,0.244437,35.632049,17.845525,17.845525,254.088061
9.405567,0.183345,27.283198,18.922663,18.922663,241.908822
10.141319,0.244588,34.574795,15.266264,15.266264,236.247115
22.247839,0.303378,41.930335,14.823030,14.823030,265.508269
21.923562,0.318130,45.156691,18.485293,18.485293,278.058600
14.546806,0.158645,31.300633,20.399413,20.399413,260.738419
11.205046,0.125751,31.642240,17.109505,17.109505,260.104894
10.983850,0.259327,31.782490,22.058159,22.058159,262.336647
13.425386,0.142044,34.290778,18.899865,18.899865,263.904299
11.971207,0.203257,35.822993,21.163466,21.163466,266.610149
11.687264,0.173071,38.690192,19.476022,19.476022,264.546716
11.168794,0.135680,38.581946,18.515567,18.515567,258.895504
19.978776,0.168884,35.610574,15.192156,15.192156,273.200567
12.897563,0.193492,43.095568,23.774045,23.774045,273.896845
14.078444,0.229465,37.002982,19.443939,19.443939,264.163410
12.870120,0.148373,34.779789,20.362987,20.362987,266.282106
15.433387,0.145067,31.888251,21.671043,21.671043,260.119819
13.665421,0.184460,33.652118,20.566952,20.566952,248.114899
11.274396,0.156098,29.211128,26.268428,26.268428,246.704762
11.488074,0.114291,28.443760,26.495647,26.495647,247.203090
10.700021,0.115093,26.710639,21.967378,21.967378,233.070522
13.571151,0.081456,25.734023,19.179629,19.179629,226.786173
10.015769,0.071526,20.287560,20.679107,20.679107,217.113244
10.540113,0.094828,30.111273,18.290218,18.290218,223.479678
11.414527,0.079354,22.036689,18.473819,18.473819,214.412774
12.350479,0.093097,27.687927,18.786445,18.786445,223.749775
10.168466,0.108173,21.484758,22.533632,22.533632,206.243798
7.192102,0.099929,17.935962,13.028421,13.028421,105.721671
7.818318,0.056717,17.102532,18.348880,18.348880,183.308172
14.798401,0.224822,37.979316,17.228509,17.228509,219.935409
