1413394887055760384.000000 -4.208342552 0.215421811 2.625951290 -0.525586545 -0.615940392 -0.372839391 0.453174412
1413394887905760512.000000 -4.226766109 0.190058962 2.876275778 -0.543348551 -0.634288371 -0.365688562 0.410758495
1413394888455760384.000000 -4.346640110 0.305228204 3.026408911 -0.533784568 -0.630933523 -0.373393208 0.421395868
1413394890605760512.000000 -4.724831581 0.749195576 3.202174664 -0.513916850 -0.554472864 -0.404224932 0.514831603
1413394892505760512.000000 -4.754305840 1.480245829 3.297760963 -0.419887453 -0.651846886 -0.366284996 0.514417708
1413394895205760512.000000 -5.924453259 -0.645341456 3.086309671 -0.045053236 -0.815885544 0.002380016 0.576450646
1413394898005760512.000000 -6.154774666 -0.348187238 3.015200138 -0.045350183 -0.793461978 -0.035741683 0.605874479
1413394900155760384.000000 -5.989912033 -0.246073544 3.282694817 0.210389212 -0.784004271 0.153945550 0.563359916
1413394902855760384.000000 -4.216781139 -2.202367783 3.376183748 0.657709837 -0.429480731 0.568727374 0.243953377
1413394905505760512.000000 -4.455509186 -2.276935339 3.098230124 0.286391824 -0.827137291 0.204030633 0.438400716
1413394905655760384.000000 -4.518884182 -2.297831059 3.107667208 0.295143694 -0.837078750 0.174781308 0.426193684
1413394907755760384.000000 -4.700418472 -1.780949116 3.235237122 0.058170356 -0.876608372 0.115975067 0.463383079
1413394907855760384.000000 -4.723260403 -1.691867471 3.223421574 0.075944901 -0.838385582 0.074017152 0.534662068
1413394909755760384.000000 -5.029317856 -0.937093616 3.407761812 -0.021974644 -0.791911721 0.053657275 0.607876599
1413394912405760512.000000 -4.683103085 0.207318187 3.189362049 -0.048731230 -0.861563742 -0.049439128 0.502880692
1413394915005760512.000000 -5.594409466 -0.792673767 3.254680872 0.351268649 -0.732221603 0.229479954 0.536470711
1413394915455760384.000000 -5.510596275 -1.304786921 3.155500174 0.486275554 -0.641934097 0.262950718 0.531332076
1413394915605760512.000000 -5.402035236 -1.488602757 3.138913870 0.512787104 -0.610901058 0.312191725 0.516125739
1413394917455760384.000000 -4.046231747 -2.466838837 2.741805553 0.834730208 -0.140863687 0.520749629 0.110466063
1413394917555760384.000000 -3.999822617 -2.528764009 2.706248760 0.833698750 -0.118380375 0.527519107 0.112499662
1413394917655760384.000000 -3.937598467 -2.589350224 2.675599813 0.829693675 -0.100512996 0.535657704 0.120732158
1413394918655760384.000000 -2.836829662 -2.596116543 2.568431139 0.828329802 -0.022659043 0.558025539 -0.044315804
1413394919055760384.000000 -2.301687241 -2.618032217 2.601972342 -0.790566385 -0.094340950 -0.603504956 0.043432899
1413394919255760384.000000 -2.086025715 -2.608208418 2.700897217 -0.768609941 -0.126711369 -0.620345175 0.091404811
1413394919555760384.000000 -1.890608430 -2.589776993 2.906184196 -0.742139220 -0.230336130 -0.620283306 0.106880069
1413394919655760384.000000 -1.863358736 -2.576831341 2.963466406 -0.755435109 -0.256500661 -0.590178788 0.123346023
1413394919755760384.000000 -1.847578049 -2.556744576 3.010165453 -0.769444525 -0.272478580 -0.556874454 0.153627560
1413394919955760384.000000 -1.822080970 -2.497158527 3.076920033 -0.781832755 -0.309013128 -0.498876303 0.210643902
1413394920055760384.000000 -1.802325487 -2.458702564 3.096724510 -0.774735987 -0.339887410 -0.479649931 0.232802004
1413394920155760384.000000 -1.776030302 -2.414433002 3.104869843 -0.763631582 -0.373176098 -0.462020218 0.253266186
1413394920255760384.000000 -1.742309451 -2.363376617 3.101288557 -0.748132944 -0.409544051 -0.447862089 0.268310279
1413394920355760384.000000 -1.701632977 -2.304175854 3.090038538 -0.723160565 -0.445278317 -0.448124021 0.279196918
1413394920655760384.000000 -1.581140041 -2.075517178 3.055323839 -0.645822048 -0.523012042 -0.474043876 0.290954709
1413394920855760384.000000 -1.544492126 -1.880812407 3.046356678 -0.635533214 -0.538971066 -0.470400214 0.290398866
1413394921055760384.000000 -1.556748867 -1.655085921 3.016752720 -0.651948154 -0.524951220 -0.454961240 0.303973883
1413394921455760384.000000 -1.622632742 -1.143330336 2.856079340 -0.715182245 -0.427045166 -0.398527414 0.383826345
1413394921555760384.000000 -1.610027194 -1.015550613 2.792387724 -0.722735941 -0.424430847 -0.396326900 0.374748290
1413394921655760384.000000 -1.575826168 -0.888270676 2.730666876 -0.708751798 -0.440344661 -0.428383738 0.346777797
1413394921955760384.000000 -1.449319839 -0.498879075 2.571055174 -0.645119250 -0.463189900 -0.501421630 0.343296587
1413394922055760384.000000 -1.419193864 -0.377792090 2.532184124 -0.629537940 -0.464339852 -0.494565070 0.378782213
1413394922855760384.000000 -1.309260726 0.311231256 2.756520510 -0.585699260 -0.593975782 -0.379132330 0.400509655
1413394922955760384.000000 -1.307996750 0.400583148 2.812764168 -0.588333488 -0.597193360 -0.374058574 0.396615803
1413394923455760384.000000 -1.309557796 0.951298892 3.022609234 -0.572094560 -0.604119837 -0.393399030 0.391132146
1413394923655760384.000000 -1.343293309 1.204856753 3.098132610 -0.556387961 -0.628675759 -0.366627872 0.400977820
1413394924255760384.000000 -1.575732112 2.014670372 3.143967152 -0.414164901 -0.706395090 -0.295199066 0.492271245
1413394924355760384.000000 -1.632846475 2.139076948 3.144332170 -0.398032367 -0.716862440 -0.262091756 0.508907080
1413394924555760384.000000 -1.742110610 2.385829687 3.153119326 -0.344336838 -0.739734352 -0.225973994 0.532128692
1413394924655760384.000000 -1.795091629 2.507361174 3.161057234 -0.310401469 -0.754892051 -0.214191437 0.536573410
1413394924755760384.000000 -1.848116398 2.626298666 3.172115088 -0.273466676 -0.767156661 -0.204718888 0.542933643
1413394925455760384.000000 -2.255486250 3.114097357 3.286710024 -0.109476909 -0.807501853 -0.190498397 0.547417581
1413394925605760512.000000 -2.374485254 3.109525681 3.282726765 -0.114911295 -0.808068514 -0.170962676 0.551899016
1413394926005760512.000000 -2.732923031 2.986104965 3.231225252 -0.150825575 -0.805392563 -0.104337163 0.563656151
1413394926705760512.000000 -3.464829683 2.659553051 3.188364506 -0.107054852 -0.820970595 -0.041261416 0.559324622
1413394926955760384.000000 -3.766501904 2.557520628 3.185538769 -0.070401318 -0.816384017 0.064546630 0.569556475
1413394927155760384.000000 -4.004408836 2.546879530 3.158356190 -0.009067600 -0.816188037 0.061228268 0.574461460
1413394928705760512.000000 -5.699851036 2.540076494 3.325672150 0.043134622 -0.800732434 0.039079983 0.596187770
1413394929005760512.000000 -5.903488636 2.457856417 3.324483395 0.046893820 -0.803120255 0.022025833 0.593560219
1413394929405760512.000000 -6.094777584 2.327140093 3.270287514 0.028296929 -0.786083162 0.044622246 0.615858316
1413394930905760512.000000 -6.213133812 2.130531788 2.956744671 0.029871730 -0.841719687 0.017560417 0.538801789
1413394933655760384.000000 -5.392162323 1.442692876 3.078437567 0.507554591 -0.625548303 0.374569416 0.459102958
1413394933855760384.000000 -5.280538082 1.428473353 3.003157377 0.524582148 -0.594568133 0.404452324 0.455763698
1413394934005760512.000000 -5.197197914 1.434435129 2.951332092 0.551586211 -0.586789548 0.405097842 0.432812333
1413394934305760512.000000 -5.025643349 1.455388308 2.867075682 0.594770610 -0.533244491 0.446757346 0.402872354
1413394935155760384.000000 -4.636415005 1.580808163 2.575311422 0.644389689 -0.475930005 0.491077870 0.342191726
1413394935355760384.000000 -4.580498219 1.622669101 2.570749283 0.625442207 -0.483776480 0.493387520 0.362423986
1413394935755760384.000000 -4.504152298 1.766293406 2.472428799 0.626368582 -0.502831936 0.462646395 0.375207782
1413394936005760512.000000 -4.459347725 1.881174207 2.464802980 0.626566887 -0.510475695 0.454432845 0.374592304
1413394936205760512.000000 -4.414860249 1.978207350 2.418492556 0.659754694 -0.506574810 0.438777089 0.339971244
1413394936405760512.000000 -4.353460312 2.060322523 2.359454393 0.690414429 -0.437944323 0.481153101 0.316266298
1413394936605760512.000000 -4.279226303 2.141968727 2.314172029 0.735354424 -0.342035383 0.514357150 0.278751642
1413394936705760512.000000 -4.238919258 2.187814474 2.296696663 0.755082250 -0.307455629 0.523114324 0.248341188
1413394936805760512.000000 -4.195877552 2.236461639 2.283821583 0.769956589 -0.277308643 0.529896975 0.222431734
1413394936905760512.000000 -4.149912834 2.287929535 2.274359465 0.783251882 -0.248911917 0.533150554 0.200773314
1413394937005760512.000000 -4.099748135 2.342191219 2.265738964 0.796969950 -0.220205098 0.533225656 0.178938493
1413394937205760512.000000 -3.981317997 2.457257509 2.251208782 0.819323123 -0.159014076 0.534061313 0.134917647
1413394937305760512.000000 -3.912613869 2.515025616 2.244292021 0.826658428 -0.142371878 0.533732116 0.107220769
1413394937355760384.000000 -3.875285387 2.542884111 2.241884947 0.828364551 -0.136600792 0.534809768 0.095555410
1413394937555760384.000000 -3.712915421 2.644170284 2.229378462 0.827179253 -0.122255303 0.543391526 0.074524783
1413394937755760384.000000 -3.529919863 2.727494001 2.220187902 0.820080817 -0.123050764 0.554408848 0.070405342
1413394937855760384.000000 -3.434960127 2.762768507 2.217799902 0.816606820 -0.131491408 0.557564020 0.070610315
1413394937955760384.000000 -3.338985443 2.791718960 2.216643095 0.814161003 -0.149303705 0.556635797 0.070759870
1413394938055760384.000000 -3.241485357 2.813317537 2.220760822 0.812877059 -0.172588155 0.552085817 0.068158165
1413394938355760384.000000 -2.935496807 2.799744129 2.323547840 0.805379689 -0.218337819 0.543112278 0.093387827
1413394938555760384.000000 -2.728167772 2.729823112 2.450422287 0.789009929 -0.236614570 0.549010634 0.141648158
1413394938655760384.000000 -2.626012802 2.687903643 2.501298904 0.786245346 -0.253484547 0.538616657 0.165698156
1413394938855760384.000000 -2.419825554 2.597735882 2.569040060 0.772741735 -0.313702852 0.515941441 0.195614800
1413394939055760384.000000 -2.215283394 2.491393328 2.597293139 0.720856488 -0.406506807 0.522937059 0.204095647
1413394939155760384.000000 -2.123602867 2.426459074 2.598036289 0.691377223 -0.446440488 0.524222672 0.218812972
1413394939555760384.000000 -1.865391970 2.102802753 2.573522329 0.658100307 -0.488082379 0.466559708 0.333169252
1413394939755760384.000000 -1.763351679 1.928222895 2.627925396 0.631888509 -0.515832305 0.475551516 0.329370260
1413394940155760384.000000 -1.652941227 1.555403709 2.720924854 0.613997757 -0.568650782 0.416537493 0.355161369
1413394940255760384.000000 -1.638233423 1.451855659 2.718324661 0.593872488 -0.584139466 0.412019789 0.369237572
1413394940355760384.000000 -1.627234459 1.342549086 2.705176830 0.567828357 -0.600097597 0.408188939 0.388375700
1413394940655760384.000000 -1.621832371 1.013594627 2.646590471 0.505288780 -0.641641080 0.353254139 0.456280053
1413394941055760384.000000 -1.578819871 0.566410005 2.684026003 0.451132298 -0.689937532 0.334568471 0.456650645
1413394941205760512.000000 -1.565349698 0.396818250 2.721459150 0.424917191 -0.720125377 0.340417504 0.430093974
1413394941305760512.000000 -1.572569132 0.282850236 2.751870394 0.416905761 -0.730847657 0.336688578 0.422719806
1413394941405760512.000000 -1.595738888 0.166949227 2.785702467 0.419391781 -0.735522807 0.325263947 0.421094030
1413394942455760384.000000 -2.300769091 -1.185620785 3.242488384 0.265894413 -0.782656491 0.355432630 0.436367661
1413394942555760384.000000 -2.474607229 -1.258409500 3.290905714 0.244665563 -0.788310766 0.332284093 0.456390500
1413394942705760512.000000 -2.769053221 -1.339194655 3.331688404 0.208060652 -0.793883502 0.289708912 0.492471874
1413394942855760384.000000 -3.087093353 -1.386293888 3.338107347 0.192903802 -0.774705350 0.211372018 0.563863039
1413394943505760512.000000 -4.019644737 -1.524192572 3.030443907 0.038128238 -0.734039485 -0.030826442 0.677334487
1413394943755760384.000000 -4.058261871 -1.661628842 2.953043222 -0.027893983 -0.782325029 -0.057336371 0.619598269
1413394944905760512.000000 -3.879184961 -2.280995131 2.724358320 -0.230077446 -0.841025651 -0.099496819 0.479416966
1413394945105760512.000000 -3.959935665 -2.275074244 2.663271427 -0.296686053 -0.809596300 -0.161615163 0.480012327
1413394946055760384.000000 -4.528375149 -2.018177271 2.449569941 -0.615794957 -0.524676681 -0.371425062 0.455581278
1413394946205760512.000000 -4.517183304 -1.992588162 2.436795235 -0.651536584 -0.481942505 -0.421931386 0.406454831
1413394946355760384.000000 -4.483829498 -1.979185581 2.426108837 -0.691787422 -0.422952414 -0.454375505 0.368896067
1413394946555760384.000000 -4.407699585 -1.983291864 2.413987637 -0.742675841 -0.335754246 -0.482965559 0.320071816
1413394946655760384.000000 -4.356255531 -1.998736978 2.411260843 -0.755524218 -0.298426092 -0.509319723 0.284109831
1413394946755760384.000000 -4.298137188 -2.021122932 2.410091639 -0.761592090 -0.263485491 -0.540986061 0.240596965
1413394946855760384.000000 -4.239913464 -2.050275564 2.408637285 -0.769906700 -0.224425942 -0.563383877 0.198684052
1413394946955760384.000000 -4.184318066 -2.084271193 2.408620358 -0.777418911 -0.181591138 -0.580823123 0.159025520
1413394947055760384.000000 -4.133927822 -2.121716022 2.412471533 -0.782997131 -0.138337120 -0.594767749 0.118447296
1413394947155760384.000000 -4.090679646 -2.160529613 2.424391270 -0.791600108 -0.095664360 -0.598403037 0.078303643
1413394947255760384.000000 -4.054526329 -2.198960304 2.451065302 -0.801663816 -0.054113146 -0.593922198 0.040783506
1413394948455760384.000000 -3.491982698 -2.341007948 3.018110275 -0.793852389 -0.086655967 -0.600708008 0.037933528
1413394948855760384.000000 -3.262940884 -2.295485258 3.144815683 -0.734722078 -0.084210783 -0.671405017 0.048035920
1413394949255760384.000000 -3.339108706 -2.226316690 3.215745687 -0.867694497 -0.081972957 -0.489971429 0.017739331
1413394949355760384.000000 -3.337743521 -2.192570925 3.210742474 -0.879379928 -0.079694837 -0.469192564 0.014068151
1413394949455760384.000000 -3.312403679 -2.148980856 3.201950312 -0.879492164 -0.076931439 -0.469474256 0.013001819
1413394949855760384.000000 -3.079932213 -1.895192742 3.232089996 -0.758160174 -0.061957758 -0.647988081 0.038288187
1413394949955760384.000000 -3.047292948 -1.824038148 3.237248421 -0.759322524 -0.057058830 -0.645496070 0.059233077
1413394950055760384.000000 -3.032533169 -1.756066203 3.244298458 -0.760452867 -0.058104496 -0.641197443 0.084859997
1413394950155760384.000000 -3.033734083 -1.695247531 3.250812769 -0.768362045 -0.062334180 -0.626330853 0.115948141
1413394950255760384.000000 -3.046114683 -1.646729708 3.252993345 -0.795526922 -0.072064266 -0.585737586 0.137313589
1413394950355760384.000000 -3.059623480 -1.613810658 3.256871223 -0.825540721 -0.098225743 -0.542146504 0.122112602
1413394950455760384.000000 -3.064851761 -1.589922547 3.265350342 -0.845550656 -0.125614181 -0.510147929 0.094944037
1413394950655760384.000000 -3.026391029 -1.531635642 3.296274424 -0.855098963 -0.149237052 -0.491840333 0.068023264
1413394950855760384.000000 -2.924926281 -1.430721283 3.356840611 -0.788501799 -0.160041749 -0.587676108 0.085372247
1413394951055760384.000000 -2.851863146 -1.309473276 3.421645641 -0.702124000 -0.179440647 -0.677003801 0.128409371
1413394951555760384.000000 -3.083331823 -1.142308235 3.560791016 -0.829246104 -0.263344228 -0.459593654 0.178254038
1413394951655760384.000000 -3.129551172 -1.118700027 3.597366571 -0.852173626 -0.267141938 -0.417224616 0.168401450
1413394951755760384.000000 -3.144639730 -1.080340266 3.640682220 -0.863557637 -0.267451316 -0.396829456 0.158947974
1413394951855760384.000000 -3.119606495 -1.021205783 3.699210167 -0.844912827 -0.268058598 -0.435728729 0.156228915
1413394953055760384.000000 -2.621086121 -0.229592025 4.071269989 -0.689739883 -0.286725104 -0.619260252 0.242001027
1413394953155760384.000000 -2.607010603 -0.191008344 4.079092026 -0.673959613 -0.281571060 -0.635779798 0.249560192
1413394953355760384.000000 -2.654178858 -0.172142297 4.136075974 -0.652513206 -0.271343201 -0.659058511 0.257373959
1413394953455760384.000000 -2.719343662 -0.195287585 4.181982994 -0.664327800 -0.272421032 -0.648339868 0.253201216
1413394953555760384.000000 -2.802889585 -0.233184516 4.202464581 -0.714952230 -0.289070487 -0.594418705 0.227921247
1413394954055760384.000000 -3.214453220 -0.370009094 3.860862494 -0.789924324 -0.315101981 -0.495633364 0.176289424
1413394954155760384.000000 -3.267733335 -0.356759042 3.773653030 -0.757040679 -0.308755666 -0.542232990 0.193759769
1413394954255760384.000000 -3.323208570 -0.339921474 3.689268589 -0.721639395 -0.300334066 -0.586399674 0.212536037
1413394954355760384.000000 -3.388801098 -0.326685250 3.608906984 -0.696222186 -0.293213516 -0.615227580 0.225378975
1413394954455760384.000000 -3.470299959 -0.321359903 3.540738583 -0.693696082 -0.288576722 -0.617524922 0.232749164
1413394954655760384.000000 -3.677398443 -0.339379311 3.431527376 -0.771927953 -0.294844091 -0.520497322 0.215120345
1413394954755760384.000000 -3.782746315 -0.353009552 3.378615379 -0.813597500 -0.292446882 -0.460332841 0.201563403
1413394954855760384.000000 -3.871302843 -0.359236568 3.323659182 -0.833381891 -0.288479358 -0.432062954 0.188616171
1413394954955760384.000000 -3.935518026 -0.352652878 3.270040035 -0.819569230 -0.289557397 -0.460302979 0.180510059
1413394955055760384.000000 -3.984459162 -0.334118754 3.213027716 -0.787201345 -0.292019188 -0.509701252 0.187732905
1413394955155760384.000000 -4.029439449 -0.307817310 3.155772924 -0.750520349 -0.299018830 -0.552738965 0.204417974
1413394955255760384.000000 -4.080463886 -0.280397743 3.101311922 -0.715891600 -0.311264157 -0.582596600 0.226263583
1413394955355760384.000000 -4.143512726 -0.256784290 3.052932739 -0.706966102 -0.324292630 -0.573708355 0.256694525
1413394956705760512.000000 -4.306566238 0.129177719 3.114996195 -0.681371391 -0.500669003 -0.425496310 0.322516024
1413394958805760512.000000 -4.183163643 0.301876545 3.288247824 -0.522084713 -0.711172163 -0.263386875 0.390242279
1413394959455760384.000000 -4.180739403 0.467023015 3.437948465 -0.362643659 -0.693238735 -0.297575682 0.547136605
1413394960655760384.000000 -4.524383545 0.598998785 3.442082882 -0.119053483 -0.859454095 -0.065216877 0.492860734
1413394962105760512.000000 -5.452820778 0.410776556 3.321325779 -0.047742780 -0.786422610 -0.018853048 0.615552485
1413394962455760384.000000 -5.529125690 0.269290715 3.351673841 -0.041182660 -0.795782506 -0.043026429 0.602646589
1413394964255760384.000000 -4.851323605 -0.831409931 2.982840776 -0.027323125 -0.853849232 -0.026267484 0.519138753
1413394965155760384.000000 -4.697889328 -1.346317410 2.979292631 -0.055585030 -0.825003207 0.012698215 0.562244475
1413394967055760384.000000 -4.222078800 -1.547287107 3.056674242 0.400019348 -0.717900932 0.278919309 0.496796668
1413394968055760384.000000 -3.854691267 -1.633310437 3.237264633 0.562492907 -0.559352815 0.434190631 0.426854342
1413394968605760512.000000 -3.654602289 -1.607811451 3.240073204 0.650623918 -0.522088408 0.437038004 0.336318493
1413394969005760512.000000 -3.486688375 -1.699764848 3.231983662 0.658106446 -0.489214659 0.456764132 0.344864398
1413394969355760384.000000 -3.312982321 -1.803415060 3.179095268 0.650384665 -0.453780711 0.508676529 0.335158348
1413394969555760384.000000 -3.235712290 -1.835695148 3.094446421 0.658004045 -0.436307371 0.503462851 0.350986898
1413394969955760384.000000 -3.047575474 -1.811742067 2.957640648 0.696630776 -0.448106766 0.439828545 0.347068816
1413394970355760384.000000 -2.717274189 -1.808180928 2.982682705 0.659090996 -0.468828231 0.489401609 0.326014102
1413394970655760384.000000 -2.498736143 -1.815667868 2.965885639 0.608277261 -0.482957751 0.555690408 0.296578348
1413394971055760384.000000 -2.432299137 -1.754030347 2.924458265 0.672384679 -0.464440644 0.463426441 0.342680305
1413394971255760384.000000 -2.413064241 -1.712333679 2.960187912 0.690671861 -0.485423356 0.429289311 0.321009845
1413394971455760384.000000 -2.367438078 -1.705053687 2.972831964 0.707195222 -0.507074475 0.396772921 0.292098939
1413394971855760384.000000 -2.216665030 -1.918508887 3.025684834 0.632900000 -0.518026590 0.484430730 0.310504347
1413394971955760384.000000 -2.195206881 -1.997096062 3.043506145 0.603647947 -0.519876719 0.505272925 0.331717640
1413394972155760384.000000 -2.193476677 -2.137838364 3.055635452 0.553111434 -0.540408373 0.506021917 0.382057995
1413394972255760384.000000 -2.212955713 -2.190871954 3.046648502 0.525965393 -0.562014937 0.493030280 0.405488372
1413394972355760384.000000 -2.245323420 -2.229700804 3.030829668 0.496377856 -0.587637246 0.473881543 0.428634793
1413394972455760384.000000 -2.289429426 -2.253001451 3.008071661 0.465397716 -0.619385540 0.448421627 0.445740610
1413394972555760384.000000 -2.344040871 -2.261591911 2.979085445 0.441157520 -0.658433497 0.408013016 0.453178436
1413394972655760384.000000 -2.407913446 -2.256709576 2.953605890 0.417922974 -0.693120599 0.359905750 0.464103580
1413394972855760384.000000 -2.556014299 -2.238155842 2.924897671 0.368466169 -0.728872418 0.258757055 0.515773714
1413394972955760384.000000 -2.628561020 -2.229892969 2.917392015 0.334312707 -0.741729915 0.219692722 0.538337231
1413394973055760384.000000 -2.696034431 -2.224427223 2.910397530 0.293525517 -0.757662237 0.189250201 0.551339328
1413394973205760512.000000 -2.787011385 -2.222718716 2.896921396 0.224639162 -0.783905387 0.155140147 0.557638943
1413394973355760384.000000 -2.872843742 -2.225690842 2.883718491 0.155345500 -0.804441392 0.121433966 0.560353041
1413394973605760512.000000 -3.019643784 -2.229046345 2.871191025 0.042974044 -0.820080876 0.054458987 0.568027079
1413394973855760384.000000 -3.174958706 -2.223412514 2.872531891 -0.062472764 -0.813712597 -0.027562274 0.577242911
1413394974105760512.000000 -3.321402311 -2.212174177 2.880330086 -0.172454506 -0.796169758 -0.094257444 0.572266281
1413394975055760384.000000 -3.618141174 -1.957730532 2.953322887 -0.471448004 -0.662235618 -0.326778769 0.482075095
1413394975805760512.000000 -3.699470997 -1.805960536 2.725746155 -0.548058689 -0.612123609 -0.390811354 0.414973348
1413394976155760384.000000 -3.793684959 -1.761480212 2.696113825 -0.529532194 -0.596694469 -0.413280249 0.439033955
1413394976355760384.000000 -3.863863468 -1.756872177 2.681929827 -0.524697483 -0.598844230 -0.415754259 0.439575493
1413394976705760512.000000 -4.010251522 -1.829868674 2.670373201 -0.512413740 -0.571583807 -0.426006883 0.478792489
1413394977155760384.000000 -4.136578560 -2.066843987 2.666967869 -0.627191901 -0.611295164 -0.281797022 0.391840518
1413394977305760512.000000 -4.127705574 -2.069258451 2.697684526 -0.639400184 -0.622052848 -0.274709910 0.358820438
1413394977505760512.000000 -4.087416172 -1.964482188 2.776502609 -0.611900866 -0.644887269 -0.320692331 0.326885641
1413394977905760512.000000 -4.064159870 -1.414254546 2.996214390 -0.583470345 -0.629281104 -0.370626807 0.355251372
1413394978005760512.000000 -4.075828075 -1.224956989 3.057029724 -0.567817330 -0.616703928 -0.395042986 0.375767052
1413394980955760384.000000 -4.992775440 0.310725093 3.462527514 -0.578791022 -0.572410345 -0.397621393 0.423372775
1413394981205760512.000000 -5.049660206 0.072567590 3.446595430 -0.588456273 -0.568130553 -0.382450163 0.429742813
1413394982055760384.000000 -5.063671112 -0.518303752 3.285002708 -0.641013384 -0.533387482 -0.392632574 0.387865037
1413394982355760384.000000 -4.978564739 -0.619945467 3.265361547 -0.688376248 -0.455187321 -0.412547439 0.385677695
1413394982655760384.000000 -4.764922619 -0.713999569 3.286338091 -0.732323825 -0.375209242 -0.447785437 0.349868685
1413394982805760512.000000 -4.608412266 -0.772472262 3.310299635 -0.747956574 -0.341037154 -0.469122618 0.322767079
1413394983005760512.000000 -4.358320713 -0.864253581 3.347698927 -0.762138128 -0.304338366 -0.498168111 0.279914469
1413394983105760512.000000 -4.222045422 -0.914250553 3.368597507 -0.764592767 -0.295730054 -0.510413051 0.259653956
1413394983305760512.000000 -3.940418959 -1.015506148 3.414082527 -0.762822032 -0.289538860 -0.526829720 0.238160029
1413394983405760512.000000 -3.797986031 -1.065606594 3.436999083 -0.759601891 -0.294704854 -0.532559991 0.229202762
1413394984205760512.000000 -2.857996464 -1.316188455 3.361620426 -0.732658088 -0.351798624 -0.544934273 0.206147000
1413394984605760512.000000 -2.593130827 -1.273589849 3.250146866 -0.731917381 -0.387499690 -0.515956283 0.218929499
1413394986905760512.000000 -2.128331661 0.925156295 3.683546543 -0.662552059 -0.484515756 -0.480108202 0.309459865
1413394987005760512.000000 -2.129505157 1.063058853 3.715392351 -0.666280031 -0.472515166 -0.476827145 0.324709475
1413394987105760512.000000 -2.134497404 1.198192835 3.733666182 -0.673155546 -0.459606916 -0.468426198 0.340881407
1413394987605760512.000000 -2.161096096 1.816923022 3.736113310 -0.636816442 -0.471682310 -0.521031678 0.317027926
1413394987705760512.000000 -2.188095808 1.928944468 3.742966175 -0.629449427 -0.469576746 -0.530313253 0.319466710
1413394988005760512.000000 -2.355216503 2.215598822 3.789734602 -0.616923332 -0.457961440 -0.547886908 0.330903322
1413394988405760512.000000 -2.750095844 2.427360296 3.883181095 -0.659650862 -0.401053697 -0.509853959 0.379559904
1413394988805760512.000000 -3.107769489 2.391828060 3.893754721 -0.730828226 -0.307568401 -0.530827165 0.299189478
1413394989305760512.000000 -3.518355131 2.144032478 3.826733828 -0.745394766 -0.295056641 -0.553499699 0.225757524
1413394989405760512.000000 -3.610209465 2.087625027 3.818911791 -0.749235034 -0.293519765 -0.546837032 0.231219247
1413394989505760512.000000 -3.703136683 2.030011892 3.810474873 -0.751661956 -0.292443156 -0.541269839 0.237714902
1413394989605760512.000000 -3.795806646 1.970412374 3.795112133 -0.754318714 -0.291938603 -0.534873188 0.244306803
1413394991105760512.000000 -4.773617744 1.373384356 3.081861496 -0.601763904 -0.576934636 -0.395269305 0.385731578
1413394991555760384.000000 -5.001689434 1.486419797 2.968574524 -0.650225401 -0.516192377 -0.417516679 0.369367301
1413394991705760512.000000 -5.056382179 1.545763969 2.943649292 -0.664868712 -0.487090290 -0.444096923 0.351383805
1413394992105760512.000000 -5.178978920 1.707991838 2.896426916 -0.684960961 -0.416861326 -0.483151585 0.351595938
1413394992355760384.000000 -5.219185352 1.766011238 2.877212524 -0.718044698 -0.384093791 -0.479266316 0.327395290
1413394992855760384.000000 -5.219994545 1.836413980 2.892311811 -0.732618153 -0.342578083 -0.521161914 0.272582442
1413394993355760384.000000 -5.208749771 1.873420358 2.815212011 -0.740547836 -0.338305622 -0.527515829 0.242621765
1413394993755760384.000000 -5.217348576 1.914671302 2.691608667 -0.740613639 -0.336483866 -0.530773044 0.237802744
1413394994205760512.000000 -5.234079838 1.953337312 2.505743027 -0.784192502 -0.217957705 -0.544289172 0.203189611
1413394994405760512.000000 -5.223753452 1.937850595 2.472489834 -0.794896662 -0.177179068 -0.562080979 0.144263089
1413394994805760512.000000 -5.217804909 1.932348609 2.506597996 -0.794017434 -0.145265222 -0.584841490 0.079968259
1413394995205760512.000000 -5.269513607 2.007515192 2.496105433 -0.798234642 -0.119438313 -0.577747643 0.121505968
1413394995605760512.000000 -5.306311607 2.069310665 2.328050613 -0.821597934 -0.131549016 -0.543566167 0.110487685
1413394995705760512.000000 -5.297107697 2.085278511 2.292774916 -0.814462662 -0.131290615 -0.554135323 0.111118652
1413394995805760512.000000 -5.284505367 2.101245165 2.265024424 -0.805647194 -0.128527865 -0.566777110 0.114791177
1413394996005760512.000000 -5.260307789 2.127333641 2.201861382 -0.798835397 -0.127215862 -0.577554226 0.110042088
1413394996505760512.000000 -5.256235600 2.143981695 2.217826128 -0.792439282 -0.136587262 -0.584739208 0.107070349
1413394997005760512.000000 -5.242158890 2.154245377 2.225739717 -0.791041911 -0.135010943 -0.586583436 0.109291643
1413394997205760512.000000 -5.237589836 2.157576799 2.227982998 -0.791205406 -0.134844407 -0.586386383 0.109371558
1413394997605760512.000000 -5.231175900 2.162321091 2.230641365 -0.791146636 -0.134785369 -0.586462498 0.109461315
1413394998105760512.000000 -5.228600979 2.165806293 2.230754137 -0.791229308 -0.134539157 -0.586395025 0.109527685
