#Stereo rect[ms], MP culling[ms], MP creation[ms], LBA[ms], KF culling[ms], Total[ms]
6.399438,0.082918,0.845090,0.008080,0.008080,7.342656
4.962227,0.066844,0.947333,0.001384,0.001384,5.979009
8.932687,0.260144,3.353691,0.495010,0.495010,33.342622
7.299441,0.170711,5.746796,0.825323,0.825323,36.426911
9.273732,0.231861,12.584388,0.939654,0.939654,58.412215
9.971580,0.309443,16.268260,0.674647,0.674647,65.712684
9.504211,0.201097,13.740899,1.091176,1.091176,65.244178
6.918995,0.163210,9.934963,1.315974,1.315974,56.430309
10.209735,0.302920,24.090276,1.233638,1.233638,78.028357
6.445280,0.245964,12.785694,60.503102,60.503102,112.039888
5.620836,0.114353,8.968180,1.119279,1.119279,41.596585
4.863193,0.095868,8.593864,1.018363,1.018363,41.735340
4.925461,0.072062,9.387575,1.240181,1.240181,46.369833
4.736311,0.068763,8.730704,1.613259,1.613259,50.530416
5.797037,0.088381,12.783111,1.514928,1.514928,57.932271
7.649501,0.171319,16.099932,1.869252,1.869252,65.919472
7.382107,0.113423,16.564560,1.588012,1.588012,68.893083
7.392226,0.103761,19.005957,1.949775,1.949775,72.361988
7.700857,0.115179,15.605832,2.128936,2.128936,71.068757
8.440960,0.142017,17.009788,2.228592,2.228592,74.847423
7.874551,0.108108,18.021229,2.655169,2.655169,87.926436
6.318885,0.093100,17.428901,4.022923,4.022923,83.823236
6.006125,0.130609,21.013261,3.475671,3.475671,83.885288
5.272996,0.140144,15.190846,3.151966,3.151966,79.586247
14.020025,0.334764,33.263202,3.375107,3.375107,111.767443
6.057726,0.100257,16.611367,3.605841,3.605841,83.766297
7.034755,0.107878,21.039562,3.755482,3.755482,88.677881
8.001406,0.120080,22.108937,3.229955,3.229955,88.939473
7.070583,0.089865,19.863889,3.357264,3.357264,85.045379
13.457311,0.242908,26.225158,3.081026,3.081026,102.285690
6.350603,0.096718,19.245134,3.275848,3.275848,79.131132
6.672278,0.153097,19.717848,3.412402,3.412402,79.844274
6.864231,0.123314,18.153645,3.573172,3.573172,82.918869
6.303216,0.119473,17.677107,2.954012,2.954012,75.189569
5.907973,0.134836,16.127519,2.845151,2.845151,74.762377
4.694787,0.130405,13.263532,3.003514,3.003514,69.991889
4.407003,0.117127,12.067832,2.873672,2.873672,66.440005
5.159696,0.256027,11.723066,2.764857,2.764857,66.398668
4.058433,0.092627,11.118850,2.504717,2.504717,137.173629
4.295429,0.094275,10.821310,2.668997,2.668997,65.217796
6.938923,0.164721,20.451726,4.123218,4.123218,82.892653
10.195522,0.282770,29.151919,2.958382,2.958382,113.326299
7.274947,0.257772,17.615490,3.813189,3.813189,80.948304
5.557182,0.216908,11.834236,2.216206,2.216206,73.123684
7.070642,0.240800,19.151322,3.324065,3.324065,84.770537
6.191453,0.176826,17.428615,2.856143,2.856143,81.865305
4.945742,0.159709,11.926231,3.377006,3.377006,75.251072
6.166039,0.213176,16.206240,3.166723,3.166723,84.581104
9.475555,0.297943,30.458913,2.478790,2.478790,110.886894
5.640108,0.185590,12.519858,5.440774,5.440774,91.608279
4.693185,0.189301,10.053682,2.228046,2.228046,71.150558
5.951098,0.162226,12.128866,3.081385,3.081385,76.059007
4.845382,0.151095,10.648045,3.416121,3.416121,72.978477
4.825489,0.139211,10.813473,2.790116,2.790116,71.786170
5.717176,0.166412,11.035631,2.152890,2.152890,73.994675
5.322618,0.150010,11.219424,3.839196,3.839196,82.328838
4.841460,0.178814,10.190677,1.868164,1.868164,72.316446
5.522957,0.300027,11.062837,1.292508,1.292508,80.074483
3.784965,0.175355,7.874835,1.375064,1.375064,71.761890
4.516821,0.175570,8.733224,1.620055,1.620055,75.895581
4.160330,0.210975,9.339116,1.080065,1.080065,80.158458
8.915778,0.381174,24.002176,1.467111,1.467111,115.183408
9.070157,0.520228,12.689311,1.174857,1.174857,86.526793
6.392791,0.207036,13.554569,1.724106,1.724106,92.162771
5.426439,0.185260,10.467133,3.023662,3.023662,92.261238
5.014546,0.173039,11.139338,3.488930,3.488930,97.348394
5.714449,0.185284,10.296077,2.832745,2.832745,82.701349
5.751348,0.176966,10.938052,2.665941,2.665941,90.419054
6.008974,0.166218,10.092628,2.618417,2.618417,92.987871
5.793010,0.165626,10.036608,2.231891,2.231891,83.419320
6.100188,0.188725,11.168331,2.703082,2.703082,91.318328
14.069905,0.532810,23.941733,1.716390,1.716390,120.255093
5.541055,0.183969,10.973486,2.442972,2.442972,91.914144
10.357068,0.438553,14.365535,1.531474,1.531474,97.147116
9.262428,0.232195,17.958237,2.022187,2.022187,105.572099
10.695084,0.425773,26.150420,1.274826,1.274826,119.458590
8.212722,0.199506,18.241125,2.274143,2.274143,106.187664
6.260701,0.169589,12.003594,1.750627,1.750627,95.599718
7.272355,0.291982,15.719427,2.047557,2.047557,102.191959
6.125792,0.142552,14.066996,3.106707,3.106707,100.281512
6.226616,0.184553,17.460430,3.032767,3.032767,104.401190
6.176845,0.220434,16.605054,3.555751,3.555751,103.906698
5.227344,0.188749,12.956164,2.511893,2.511893,94.977104
5.712257,0.187882,15.134973,4.143808,4.143808,101.841780
5.059132,0.176277,12.685315,2.982721,2.982721,101.466647
4.587336,0.203125,14.751600,3.012196,3.012196,103.947690
4.517522,0.154040,12.742561,3.194827,3.194827,97.168353
4.587252,0.176164,15.681438,3.834805,3.834805,111.174010
4.069015,0.171211,12.065659,3.385275,3.385275,94.311904
4.712268,0.266460,13.518269,4.423288,4.423288,102.655996
5.281520,0.186501,17.530972,3.331371,3.331371,102.266036
4.332706,0.131794,13.194496,5.940144,5.940144,98.022200
4.250207,0.160825,15.408720,3.542742,3.542742,103.706529
4.812334,0.170333,15.748347,3.298215,3.298215,128.128986
4.676226,0.134768,14.131266,3.284321,3.284321,103.305181
5.349866,0.130546,16.387613,2.933817,2.933817,106.984983
6.994160,0.179534,24.872637,3.407074,3.407074,121.888349
7.111666,0.192348,22.111810,2.917198,2.917198,121.574618
8.492965,0.185057,20.893463,3.329379,3.329379,116.164841
8.851452,0.212187,20.482992,4.441134,4.441134,127.273847
8.237973,0.312112,23.957692,2.698016,2.698016,124.884700
12.055344,0.412837,27.599979,2.885861,2.885861,136.217280
12.914260,0.684411,30.592898,3.330218,3.330218,138.573358
5.766988,0.246228,14.160686,4.029050,4.029050,120.726711
5.267302,0.294876,10.281061,2.964491,2.964491,104.272105
3.882789,0.328570,7.441041,1.645467,1.645467,103.645443
5.414883,0.424283,12.147782,2.128856,2.128856,111.320683
5.926636,0.352554,14.138396,2.488975,2.488975,130.394010
5.085774,0.259667,15.315104,1.458501,1.458501,132.312626
6.066767,0.222582,8.473112,1.068213,1.068213,106.692850
4.567054,0.270001,8.377482,1.290688,1.290688,99.714226
5.529605,0.189919,9.100504,1.859340,1.859340,442.824463
5.717910,0.321573,12.238318,0.900446,0.900446,61.888722
5.963973,0.204498,11.943626,2.454878,2.454878,108.589498
8.980980,0.464873,23.065916,1.185472,1.185472,122.868014
8.753719,0.324429,17.772071,2.460683,2.460683,115.633857
5.203282,0.202450,10.686096,2.629981,2.629981,91.437735
4.513997,0.151407,10.541978,3.152348,3.152348,91.473937
5.573515,0.168506,11.639834,2.348043,2.348043,98.864605
9.735545,0.393945,22.151734,2.077444,2.077444,117.520453
10.286393,0.429187,30.911463,2.630065,2.630065,135.255266
5.271559,0.190820,12.689286,2.056220,2.056220,128.875358
7.008969,0.263776,13.351145,2.200648,2.200648,114.169124
9.958791,0.453839,28.417847,2.282516,2.282516,149.381203
9.176324,0.243006,17.074662,3.204707,3.204707,129.153180
10.701176,0.412202,30.011683,2.647459,2.647459,131.731971
6.178235,0.221397,15.320620,3.327859,3.327859,113.124121
4.921991,0.250419,12.123216,7.405020,7.405020,118.448898
5.729320,0.185117,12.434123,3.616080,3.616080,106.310596
4.952139,0.229621,11.962463,2.098057,2.098057,122.734516
5.852771,0.180905,13.473328,6.114431,6.114431,124.840352
5.669001,0.239275,15.057790,2.728473,2.728473,112.321822
4.463684,0.280218,12.631069,3.763025,3.763025,103.322684
5.322727,0.257133,12.118867,5.024762,5.024762,104.340924
4.464192,0.161803,12.229517,4.302665,4.302665,100.758311
5.658122,0.210330,12.948036,3.976371,3.976371,101.884611
7.598516,0.254894,21.110697,3.485499,3.485499,121.369010
6.448057,0.177069,14.228971,5.433047,5.433047,120.688585
7.352008,0.180699,16.438270,2.320460,2.320460,121.970123
6.859595,0.296345,15.634476,5.936597,5.936597,111.074137
6.568887,0.353476,18.299048,2.518100,2.518100,107.241177
6.330882,0.312419,14.661007,5.502471,5.502471,108.613076
5.442022,0.188275,14.528240,4.618066,4.618066,101.197479
5.498562,0.161698,14.674549,3.910148,3.910148,116.873640
6.023487,0.211236,13.604046,3.701632,3.701632,102.373666
5.478388,0.298363,12.649788,5.677846,5.677846,104.520414
6.300773,0.297169,13.265780,4.530344,4.530344,115.185247
7.769455,0.318381,22.826238,3.779722,3.779722,118.626604
11.488403,0.530762,30.173461,4.518327,4.518327,137.930390
6.001341,0.190076,14.655060,2.954051,2.954051,104.895269
5.226846,0.234342,15.157471,4.361855,4.361855,117.424421
6.733072,0.276259,16.703012,3.724499,3.724499,120.219786
6.613208,0.252374,16.514714,4.546850,4.546850,122.429857
6.909413,0.239609,20.264850,5.377344,5.377344,133.337254
6.343978,0.203899,17.192326,4.947755,4.947755,127.706951
8.249200,0.282255,22.349186,4.918088,4.918088,126.120599
7.269763,0.299797,19.456049,3.964588,3.964588,130.922240
12.741558,0.378001,39.159385,5.714515,5.714515,157.646450
5.812372,0.184746,14.237876,4.530105,4.530105,124.054534
6.377346,0.271350,15.144214,5.391901,5.391901,133.466336
8.728946,0.248047,16.388222,4.980023,4.980023,147.454521
12.985416,0.442033,27.911299,6.846657,6.846657,148.518873
6.738770,0.165756,17.879544,5.383058,5.383058,126.784961
5.849207,0.266568,14.043463,5.122077,5.122077,125.279070
7.995268,0.294912,20.367174,5.585556,5.585556,132.584517
11.954889,0.393118,30.443887,6.372876,6.372876,153.406302
7.055127,0.179320,18.964144,7.110115,7.110115,128.197867
6.373771,0.225745,17.219869,5.988738,5.988738,128.878427
6.508204,0.270675,16.499818,6.575348,6.575348,127.531239
6.855702,0.297879,19.608034,7.110353,7.110353,129.392313
6.739477,0.210488,15.874529,6.643604,6.643604,128.283732
7.631519,0.199972,18.330363,8.501352,8.501352,137.554060
5.884645,0.164408,15.069928,10.826743,10.826743,129.883439
6.805299,0.198789,18.102188,7.814729,7.814729,131.505132
12.005239,0.585890,41.637676,7.679689,7.679689,169.291593
11.413672,0.458536,31.833402,7.342108,7.342108,150.646224
10.657169,0.245362,27.522241,8.497101,8.497101,152.273625
5.702568,0.179847,16.963917,7.338141,7.338141,128.614141
5.037576,0.183753,14.187336,7.171086,7.171086,128.845116
10.472469,0.275824,24.228670,10.695304,10.695304,143.871301
9.241022,0.212195,24.820219,8.152826,8.152826,132.826917
11.625028,0.215395,26.528852,9.580253,9.580253,147.200001
10.993239,0.218677,18.905453,7.722469,7.722469,152.357282
8.321709,0.246775,21.308732,7.818904,7.818904,138.535622
7.177263,0.181050,20.891304,9.400871,9.400871,136.301305
6.694496,0.225900,22.722398,9.109883,9.109883,131.970677
6.515446,0.217180,21.122659,10.449182,10.449182,139.274898
5.879383,0.230683,20.299917,5.734107,5.734107,125.733734
6.716617,0.268178,21.258906,5.869197,5.869197,156.365969
6.423952,0.263687,18.185069,5.017001,5.017001,135.441267
6.509363,0.242629,17.590945,7.340086,7.340086,140.196702
5.959146,0.203591,13.852327,5.134849,5.134849,128.430455
5.511301,0.185253,12.588063,2.640274,2.640274,132.638484
5.375393,0.168920,12.928561,2.660013,2.660013,128.663671
5.213321,0.231465,13.801869,3.284460,3.284460,131.004517
7.659700,0.450556,28.461258,3.018358,3.018358,112.445555
5.077732,0.220821,16.253670,1.229513,1.229513,71.685397
6.120459,0.207383,16.993658,3.338226,3.338226,128.883616
8.055168,0.354146,21.652130,1.072049,1.072049,75.945751
6.409111,0.235183,13.662712,2.951128,2.951128,111.331448
5.446960,0.190422,11.959355,2.492805,2.492805,108.290971
6.458993,0.223094,14.217957,2.982436,2.982436,123.025879
8.754634,0.401575,25.602576,3.190188,3.190188,141.564659
7.262099,0.292958,16.924623,1.142249,1.142249,130.387054
7.855402,0.396638,17.844714,0.997800,0.997800,63.790989
6.379053,0.259434,20.029565,1.773154,1.773154,129.012018
8.225338,0.397094,17.072866,1.760409,1.760409,62.140950
4.382517,0.236962,12.937076,3.004966,3.004966,117.038404
4.622813,0.200490,12.848377,0.920986,0.920986,120.995804
7.523217,0.507761,26.530186,0.938875,0.938875,81.163712
5.504318,0.257501,16.733545,2.598536,2.598536,111.136692
4.043273,0.264970,13.392134,1.456772,1.456772,54.166652
6.007312,0.393525,16.663974,1.549983,1.549983,115.684699
5.859456,0.594327,27.428986,1.308333,1.308333,76.300204
5.769647,0.317280,20.245606,1.176465,1.176465,52.730075
5.501171,0.196198,25.058792,1.091885,1.091885,59.341752
3.841710,0.132861,15.000000,1.106846,1.106846,48.087989
6.080213,0.182919,18.353795,1.159017,1.159017,54.655282
6.173827,0.152531,18.680035,0.930686,0.930686,48.915523
7.146959,0.168988,22.513173,2.508700,2.508700,95.439425
5.283494,0.102352,12.340220,1.797229,1.797229,67.758786
5.127257,0.102972,11.437324,1.786261,1.786261,64.807152
4.982005,0.121669,11.108973,1.154520,1.154520,65.751376
5.910063,0.157067,15.174674,2.546994,2.546994,74.455058
5.559705,0.136099,14.239911,2.923168,2.923168,79.468640
6.003470,0.140672,13.566243,2.823568,2.823568,75.511188
5.905956,0.135092,12.299687,2.411281,2.411281,72.695300
5.880870,0.143948,14.866223,3.005897,3.005897,78.317014
6.346262,0.135998,14.771506,2.578724,2.578724,80.040633
4.562823,0.121502,12.246278,1.403239,1.403239,69.179244
5.550352,0.143139,12.386350,2.340411,2.340411,72.456228
4.592009,0.137343,12.029579,1.657697,1.657697,73.292973
5.489797,0.117278,12.385055,2.813327,2.813327,73.529149
5.236899,0.162812,14.516721,1.616108,1.616108,74.659353
5.238761,0.131497,13.843683,3.178516,3.178516,86.460698
5.244102,0.175327,12.144400,0.952639,0.952639,73.694980
5.054737,0.122481,13.263649,1.769470,1.769470,74.690475
4.509365,0.147803,11.952431,0.976685,0.976685,70.928638
4.011133,0.148268,14.143121,2.087341,2.087341,76.832517
4.006031,0.132168,10.437244,1.913627,1.913627,67.018339
4.954673,0.123483,12.771306,2.247658,2.247658,71.762826
5.734841,0.166904,15.672889,2.011708,2.011708,78.249760
5.046122,0.146282,13.324194,2.037975,2.037975,77.039297
6.437083,0.185373,14.639309,3.755735,3.755735,90.463082
5.541325,0.212936,13.822018,1.652712,1.652712,79.717133
6.493820,0.166752,15.346618,1.119749,1.119749,86.385775
6.159127,0.172461,14.355708,2.114508,2.114508,87.294182
5.749020,0.154763,14.607456,3.841662,3.841662,90.959363
6.381532,0.167072,15.879937,2.141564,2.141564,97.389807
4.742872,0.159653,13.193220,3.177737,3.177737,95.176309
5.034020,0.190122,12.878902,2.129873,2.129873,78.161483
4.121556,0.124548,15.055660,3.097527,3.097527,91.405035
4.677060,0.185806,12.991336,2.144189,2.144189,91.304662
4.774786,0.130507,12.376645,3.061000,3.061000,87.043847
4.855868,0.136082,12.190359,3.270992,3.270992,89.121669
4.234962,0.154399,11.719696,2.270168,2.270168,81.258328
4.691829,0.153686,12.829701,2.342784,2.342784,83.146929
4.266462,0.121376,11.764476,1.947828,1.947828,76.591969
4.115600,0.107453,10.781505,2.293768,2.293768,74.800441
4.690612,0.104934,10.681890,3.528937,3.528937,82.400342
4.780000,0.098479,11.499767,3.570888,3.570888,84.261472
5.065257,0.196177,11.880899,2.177953,2.177953,84.453003
5.000634,0.126564,10.465720,2.707778,2.707778,83.385238
4.374340,0.113432,10.820867,1.873056,1.873056,83.237834
4.645680,0.134947,11.050093,1.657245,1.657245,84.082080
4.032050,0.127331,10.849739,2.864247,2.864247,88.154826
4.497886,0.145299,10.830933,1.016772,1.016772,85.473825
4.468694,0.190469,8.703547,2.291465,2.291465,82.997516
4.187583,0.158386,8.944148,2.131312,2.131312,79.947287
3.798593,0.140292,9.597667,3.384171,3.384171,82.586331
5.112059,0.145064,11.700555,3.203646,3.203646,97.660428
5.010673,0.226075,11.162052,3.276896,3.276896,92.211445
4.774533,0.207811,12.713164,3.143253,3.143253,95.166924
3.976281,0.126346,8.075195,3.044382,3.044382,82.922588
4.892380,0.135062,9.239854,1.868292,1.868292,83.860024
4.636170,0.149045,9.639599,2.541947,2.541947,83.905855
4.287306,0.119799,8.918844,2.677050,2.677050,80.967443
4.917823,0.150895,9.884473,3.104070,3.104070,94.061631
4.916929,0.122049,9.217092,1.645029,1.645029,81.134240
5.220665,0.164274,11.255609,2.850529,2.850529,105.344589
6.673110,0.226750,11.130457,3.183053,3.183053,94.158252
4.880700,0.172329,10.988069,2.387886,2.387886,87.354519
4.666816,0.155020,10.079098,1.401438,1.401438,82.603738
3.995700,0.201198,8.786535,3.148980,3.148980,87.554642
4.450974,0.208158,8.211671,2.451781,2.451781,87.165980
8.278539,0.303896,17.214812,3.245116,3.245116,109.902488
7.829951,0.286576,13.012955,2.081702,2.081702,105.966770
5.256081,0.257727,11.718254,3.283229,3.283229,108.653198
10.622687,0.427557,28.817272,2.169456,2.169456,124.851658
6.801586,0.208935,14.669184,3.339225,3.339225,104.332349
5.121861,0.198274,10.478938,2.828470,2.828470,93.223072
8.061179,0.376339,18.955033,2.884143,2.884143,117.621065
5.641943,0.256108,12.902976,3.283989,3.283989,106.148601
4.009443,0.185317,9.326670,4.974365,4.974365,90.296327
4.724797,0.218095,13.257188,3.044270,3.044270,102.339330
5.230897,0.234690,11.707742,3.595029,3.595029,90.431149
7.155488,0.305780,20.384820,3.177718,3.177718,120.159170
4.383457,0.138853,11.469383,4.783592,4.783592,91.220207
7.251440,0.264654,13.129859,3.333308,3.333308,110.403320
6.090645,0.282423,13.072984,5.578920,5.578920,102.395605
5.192888,0.220667,12.785880,3.993055,3.993055,106.916339
3.318872,0.108734,7.453684,4.109764,4.109764,83.126346
2.970654,0.093840,6.208875,3.583550,3.583550,76.951855
4.311955,0.118705,8.277730,3.797658,3.797658,85.194799
6.628781,0.225142,15.545816,4.269195,4.269195,112.338327
4.962825,0.205651,11.642959,3.152175,3.152175,103.708098
2.936895,0.115134,6.874817,3.772401,3.772401,76.761072
2.920197,0.092883,6.524125,4.497658,4.497658,77.930779
2.341564,0.067585,5.023967,3.130936,3.130936,73.251528
3.762041,0.087418,8.088635,2.889990,2.889990,80.209479
3.252400,0.091916,7.467286,3.895694,3.895694,78.990134
6.463366,0.259498,15.750175,3.584630,3.584630,118.276567
5.111146,0.255975,11.874448,5.806149,5.806149,99.669028
3.226019,0.171373,7.744886,3.831830,3.831830,81.562299
5.842861,0.240641,16.055811,4.113216,4.113216,112.333340
6.813558,0.146229,16.285088,6.367853,6.367853,104.554210
4.406017,0.150367,8.960726,4.428729,4.428729,96.280670
3.229751,0.124299,7.973721,4.730785,4.730785,80.043621
2.806418,0.101393,8.927340,3.310717,3.310717,78.984360
3.271974,0.119500,6.316211,3.834821,3.834821,37.890165
6.858931,0.338913,16.716048,3.740839,3.740839,106.481437
11.953208,0.605827,26.810376,2.415824,2.415824,121.174989
6.062346,0.412401,11.797709,2.782649,2.782649,100.865980
7.797033,0.477982,11.781219,4.144059,4.144059,122.425839
8.526988,0.377973,9.145510,2.728962,2.728962,93.245343
8.379759,0.422958,10.109095,2.285152,2.285152,96.577299
7.870534,0.350787,11.132944,1.500762,1.500762,90.446140
9.361916,0.431110,17.336644,1.411357,1.411357,103.592676
8.016252,0.351390,16.325328,1.867795,1.867795,105.869625
4.994511,0.244926,9.903442,2.076685,2.076685,103.044694
5.288168,0.264821,11.540158,2.620643,2.620643,102.591660
5.678267,0.230770,11.028483,2.668393,2.668393,96.909381
5.974056,0.208544,11.306493,4.220735,4.220735,100.058322
9.596543,0.316054,20.141660,2.256710,2.256710,110.155033
8.629716,0.235548,17.961024,2.908819,2.908819,108.156127
10.652810,0.379294,20.422958,3.294120,3.294120,126.674747
11.470444,0.438377,30.553142,3.594054,3.594054,130.149758
8.295562,0.169336,11.927706,3.004831,3.004831,107.274468
10.762014,0.323859,27.319418,3.702436,3.702436,129.298817
10.194157,0.322366,25.193639,3.206644,3.206644,124.042887
8.931006,0.342059,28.989952,2.030691,2.030691,108.300448
7.985830,0.361119,26.146894,3.739279,3.739279,89.845973
6.080962,0.146985,13.240951,3.263689,3.263689,61.790589
5.950453,0.185092,15.809760,1.383432,1.383432,58.353265
4.152314,0.094452,10.926022,1.192602,1.192602,45.050336
5.540226,0.208233,18.321054,1.181449,1.181449,63.655082
5.498288,0.227113,18.318679,1.924423,1.924423,66.568445
3.310826,0.163220,7.713883,1.704116,1.704116,44.720101
3.610551,0.149670,8.712965,1.043770,1.043770,36.267968
3.948015,0.086692,8.850969,0.959695,0.959695,33.904071
4.697649,0.136710,10.497229,1.510827,1.510827,101.113297
4.347601,0.149260,11.457380,0.733022,0.733022,76.783459
4.825919,0.201056,11.940296,2.077311,2.077311,80.254885
5.772634,0.168219,12.463221,1.624424,1.624424,91.388163
5.389565,0.166891,11.747850,1.401359,1.401359,81.800061
7.121342,0.163282,11.596456,2.446391,2.446391,87.263586
5.802475,0.144906,11.690605,2.607441,2.607441,79.099272
5.057808,0.157861,11.916379,2.055277,2.055277,81.203073
6.298497,0.166238,13.706833,2.396043,2.396043,94.917055
9.630469,0.408195,28.479984,1.398443,1.398443,125.196038
9.059343,0.424457,27.314854,1.016004,1.016004,76.890813
7.305399,0.280775,19.478019,2.698458,2.698458,103.597519
4.925346,0.187992,12.608152,2.113830,2.113830,53.123952
7.945620,0.341528,22.872557,2.114039,2.114039,100.689462
5.494053,0.179009,15.201024,2.521167,2.521167,80.947131
6.068682,0.180365,16.958888,3.751759,3.751759,95.698404
5.363774,0.219049,16.731683,2.337213,2.337213,94.982443
5.957747,0.171969,15.826619,3.428143,3.428143,93.373783
5.678229,0.134614,16.542360,2.673346,2.673346,87.059921
5.710935,0.151043,17.647731,3.987817,3.987817,85.445745
5.268654,0.130314,16.321976,3.762737,3.762737,85.827266
5.756110,0.102500,17.478001,5.502022,5.502022,85.553284
6.117410,0.125229,18.184639,4.717846,4.717846,90.786584
5.928884,0.162075,17.376601,3.276231,3.276231,86.208537
5.814787,0.129705,18.149755,4.065991,4.065991,89.439187
5.294905,0.109654,17.127495,3.142240,3.142240,88.119196
6.338891,0.162955,20.687589,4.175076,4.175076,96.951411
5.452300,0.128665,19.199278,4.782494,4.782494,93.711882
6.083011,0.131033,19.019901,3.426868,3.426868,105.871293
10.403796,0.285203,32.599221,3.758006,3.758006,115.481527
5.216934,0.125707,15.610191,3.094059,3.094059,80.547732
6.117455,0.127465,17.796878,4.048918,4.048918,91.098757
6.039391,0.124313,17.107084,3.937915,3.937915,92.184880
5.645824,0.150541,17.963381,4.979198,4.979198,102.427473
7.022451,0.339582,18.455848,3.785333,3.785333,101.930303
5.361398,0.171582,18.265644,4.433349,4.433349,94.953758
5.965967,0.161506,15.858677,4.240231,4.240231,89.100851
6.108463,0.158630,18.661488,4.234898,4.234898,98.686233
6.125566,0.144521,15.647771,5.527107,5.527107,90.007417
6.092743,0.121635,17.398987,4.794767,4.794767,99.323489
6.271612,0.150575,19.315580,4.430861,4.430861,102.465027
7.576753,0.248927,18.025225,4.812194,4.812194,114.888279
8.614315,0.381263,26.786683,3.559669,3.559669,115.070437
7.181143,0.324871,19.281202,5.289884,5.289884,109.370013
5.985734,0.265883,17.764764,5.537951,5.537951,108.401853
6.129929,0.216339,20.316342,3.852991,3.852991,111.329617
6.120474,0.286294,19.823854,4.586692,4.586692,119.945120
6.620012,0.315915,19.198132,2.976505,2.976505,121.951148
7.073258,0.346983,21.432581,4.927530,4.927530,132.292870
5.714925,0.337513,19.201665,4.211304,4.211304,121.074034
7.511073,0.389611,22.020253,9.637471,9.637471,127.628670
5.468835,0.251808,16.426724,5.228506,5.228506,110.750805
8.455934,0.284088,17.276096,6.000428,6.000428,126.780575
6.096501,0.266020,30.153647,8.949332,8.949332,137.383637
9.071504,0.366568,27.555859,6.170442,6.170442,133.012575
6.235250,0.187911,19.068912,6.539374,6.539374,129.728426
8.198226,0.307620,23.481981,7.390353,7.390353,133.767416
6.555959,0.242221,25.497850,6.149207,6.149207,132.094809
6.271992,0.169411,17.838607,7.685183,7.685183,125.779730
5.978155,0.224385,14.554324,8.044956,8.044956,141.303591
5.803280,0.235738,13.074381,4.744719,4.744719,124.085892
10.588701,0.504705,32.215283,7.264006,7.264006,154.218408
8.300348,0.348644,20.544305,5.262163,5.262163,133.386035
9.827746,0.290085,15.668639,5.770211,5.770211,131.518839
11.001579,0.546438,32.189162,4.845336,4.845336,162.648973
5.656172,0.278838,14.431834,7.285493,7.285493,135.751762
6.740598,0.238007,19.215237,5.239928,5.239928,122.662867
5.287179,0.210807,17.204566,4.703461,4.703461,116.462253
6.609161,0.161765,19.205232,3.803410,3.803410,124.391781
4.997255,0.129284,15.574562,2.993762,2.993762,63.911316
5.944500,0.144380,21.677352,4.743933,4.743933,94.624152
4.933818,0.102512,14.436382,4.369299,4.369299,69.665280
4.629872,0.129879,16.247028,2.913843,2.913843,64.062112
4.749762,0.122992,15.412960,3.031300,3.031300,62.040574
5.348674,0.131420,17.476376,2.726601,2.726601,58.037395
7.578400,0.192703,24.122867,3.122818,3.122818,67.409008
7.479432,0.177270,23.960635,4.632472,4.632472,125.511046
9.257584,0.124761,16.375024,3.384900,3.384900,112.132040
5.924721,0.153950,16.294439,4.955386,4.955386,110.561788
9.142616,0.233561,19.186613,4.904686,4.904686,125.517046
10.747488,0.294664,24.516795,2.195138,2.195138,124.411701
11.049565,0.161979,24.414778,2.990146,2.990146,125.246926
9.305410,0.284741,36.110992,4.317701,4.317701,94.443654
5.211020,0.182931,17.169808,2.644138,2.644138,52.038042
6.267669,0.169016,24.634331,3.249077,3.249077,68.210121
5.612864,0.171736,25.740810,3.844829,3.844829,73.162913
5.071038,0.194342,18.609321,3.629848,3.629848,97.821580
4.905678,0.138472,16.846077,3.703631,3.703631,91.159689
4.741555,0.133089,16.378934,5.318595,5.318595,93.725114
5.353680,0.169615,18.309932,4.772043,4.772043,90.007817
5.614970,0.133470,16.871668,4.336440,4.336440,91.296441
7.070871,0.274159,18.433658,3.573828,3.573828,94.057419
6.478885,0.130222,17.713446,3.736661,3.736661,91.970000
6.399452,0.122956,19.733544,5.166470,5.166470,112.517788
5.856547,0.215693,27.682793,4.285277,4.285277,76.495539
5.135709,0.159001,19.466226,2.916164,2.916164,64.444621
4.817937,0.203782,18.275289,4.641245,4.641245,61.374310
5.213719,0.238488,21.501515,3.613465,3.613465,65.302547
5.524589,0.209291,19.697601,3.099099,3.099099,58.220585
4.082810,0.139404,17.790478,3.977943,3.977943,57.941276
6.842414,0.183703,27.173146,3.120040,3.120040,71.241097
6.249000,0.180570,21.581807,3.351738,3.351738,67.930499
6.917036,0.186977,25.785549,4.762731,4.762731,105.305486
11.425619,0.283401,32.025056,3.564404,3.564404,115.908483
4.087483,0.166027,25.861983,3.196864,3.196864,70.073184
2.676009,0.177255,14.038777,2.876325,2.876325,49.401665
2.514385,0.322216,14.827874,3.196986,3.196986,52.218349
5.632753,0.175986,26.564543,3.831609,3.831609,76.626136
3.209966,0.080110,12.221037,3.633869,3.633869,46.026287
5.542118,0.174739,22.184512,3.270770,3.270770,70.333353
6.447988,0.107519,23.699700,3.035785,3.035785,68.958312
6.975282,0.135566,23.029550,5.204043,5.204043,85.498697
7.637928,0.133355,21.142445,5.113431,5.113431,90.279363
5.875121,0.155380,24.611026,4.689823,4.689823,73.174507
5.299252,0.164090,22.044425,3.179353,3.179353,64.053807
4.025316,0.213127,17.402073,3.802230,3.802230,68.164542
5.259164,0.249922,21.495680,2.957528,2.957528,59.595942
3.797732,0.143623,11.410717,3.016396,3.016396,43.468067
5.277200,0.146602,13.365523,2.879415,2.879415,52.588848
8.287195,0.213759,26.938677,3.618761,3.618761,97.073595
5.293386,0.084524,16.680167,3.371623,3.371623,75.793205
6.001732,0.101243,18.665414,4.936549,4.936549,78.835421
5.682584,0.113902,17.692370,5.065440,5.065440,85.396533
3.880210,0.107770,13.461295,2.898620,2.898620,50.992346
4.395961,0.125015,14.647125,2.499178,2.499178,52.934568
5.779480,0.197858,17.787691,3.247216,3.247216,61.816830
5.443225,0.160438,13.755840,5.032361,5.032361,80.110735
4.447000,0.111061,9.097539,3.172851,3.172851,66.110827
4.320543,0.097506,8.863506,1.573109,1.573109,61.924835
4.772845,0.176539,14.991838,3.725426,3.725426,54.359517
4.241397,0.112097,10.308107,3.502376,3.502376,43.510423
7.440399,0.259244,23.797141,3.791382,3.791382,66.553694
8.946332,0.153262,26.387556,2.934438,2.934438,67.723578
8.517737,0.144903,27.818952,4.927772,4.927772,72.863859
6.749021,0.144776,21.231121,4.604392,4.604392,65.912584
6.347567,0.144759,17.619561,5.613869,5.613869,77.805358
6.980393,0.201986,20.762108,4.315660,4.315660,85.660842
5.284575,0.166421,16.287855,5.692098,5.692098,73.351777
7.590117,0.165482,15.987126,6.771203,6.771203,70.459684
5.861439,0.145087,17.383449,4.577682,4.577682,79.311196
5.479739,0.133316,18.675921,2.688017,2.688017,65.207626
5.466003,0.140516,21.122236,3.641876,3.641876,63.159446
7.319340,0.153542,25.910650,3.791740,3.791740,74.491524
7.518404,0.159259,20.544583,3.846170,3.846170,62.085066
7.760729,0.134799,18.573038,4.829395,4.829395,61.310547
7.806771,0.253496,20.944523,5.945753,5.945753,61.597419
6.353472,0.149866,19.129136,3.901590,3.901590,59.234501
5.779531,0.144988,19.131050,3.853382,3.853382,58.452400
6.129394,0.134340,20.600960,8.343833,8.343833,70.604639
6.380972,0.168758,20.009388,3.730455,3.730455,53.110813
7.860271,0.207011,24.865825,4.614863,4.614863,64.361657
7.909729,0.133773,21.950770,3.221326,3.221326,58.269383
6.456555,0.103159,17.487150,3.865274,3.865274,72.646961
6.705346,0.098648,16.254790,3.139722,3.139722,67.165724
7.674339,0.136465,17.774208,3.930877,3.930877,77.513219
11.140016,0.218296,22.958387,5.529863,5.529863,68.750207
7.198631,0.135225,20.205641,6.503218,6.503218,81.782669
5.194699,0.119035,16.960563,3.435794,3.435794,84.333642
5.177041,0.118408,14.317921,5.029156,5.029156,76.203297
6.432598,0.141195,18.060935,4.265101,4.265101,60.609956
6.739584,0.123183,20.201088,6.438898,6.438898,88.847281
4.887881,0.093988,12.884474,4.585223,4.585223,78.844977
9.205330,0.234680,19.594990,6.861214,6.861214,88.828702
6.048448,0.166404,29.336574,5.309870,5.309870,102.304460
5.540175,0.163730,16.452859,6.685612,6.685612,86.114609
5.921380,0.207764,17.972779,8.409741,8.409741,105.028749
5.277949,0.166758,16.825375,7.806812,7.806812,90.174410
5.197977,0.158541,16.056388,7.972933,7.972933,85.790727
4.310102,0.123460,15.437919,4.938277,4.938277,82.596426
5.783819,0.159498,17.189969,6.819578,6.819578,86.694272
5.310861,0.145628,16.813187,4.948302,4.948302,84.638623
6.814632,0.162944,17.096483,6.641133,6.641133,94.216674
9.254415,0.241515,23.230048,6.771115,6.771115,102.431618
4.875413,0.179742,13.895100,5.250422,5.250422,87.267742
4.744816,0.135479,12.391396,6.493756,6.493756,80.627769
4.045923,0.142437,11.809014,5.363850,5.363850,74.707363
5.486388,0.144550,15.406883,6.694567,6.694567,87.455552
5.112027,0.122399,15.002206,4.379981,4.379981,65.342987
7.331547,0.212980,21.875354,6.207048,6.207048,92.950542
6.159511,0.151318,18.536298,5.706332,5.706332,86.300399
6.146393,0.186535,15.579493,6.360456,6.360456,86.517120
12.054834,0.199386,23.207199,18.990512,18.990512,138.922165
6.870531,0.140154,27.411814,7.219762,7.219762,114.421266
8.526183,0.198399,38.224799,9.761753,9.761753,128.951102
6.769601,0.252481,32.153446,7.441970,7.441970,128.310918
8.798131,0.388122,35.148527,10.135572,10.135572,126.143784
7.588897,0.227176,27.190254,8.277566,8.277566,112.168053
8.086806,0.187826,29.297514,10.134684,10.134684,122.280672
6.024705,0.251129,26.247548,9.923628,9.923628,128.249383
5.045512,0.209409,19.128511,8.987381,8.987381,102.114920
10.185001,0.406374,40.554905,13.526839,13.526839,140.871734
7.525657,0.255026,26.151205,10.193587,10.193587,113.684449
9.764947,0.189656,33.037617,8.815059,8.815059,127.137215
6.824292,0.259333,27.667991,11.880477,11.880477,124.222991
5.844761,0.308333,24.062576,8.893839,8.893839,127.432208
10.520326,0.288115,26.015914,9.621464,9.621464,127.245630
7.898124,0.194643,25.656279,8.049554,8.049554,114.416698
6.368284,0.162828,23.964931,8.727745,8.727745,122.269079
5.195244,0.275484,17.775242,10.372957,10.372957,104.103065
4.946245,0.183795,15.904548,8.681695,8.681695,109.748257
7.919325,0.345966,34.485663,6.715871,6.715871,127.958418
7.979664,0.298803,36.495587,7.572015,7.572015,131.620220
4.136344,0.138734,13.569198,8.039871,8.039871,100.219394
3.297078,0.112779,10.077208,8.761911,8.761911,87.840621
4.531575,0.088312,13.875127,10.292165,10.292165,109.383680
7.650103,0.158074,26.501596,9.276935,9.276935,136.122929
6.292935,0.190169,17.901036,7.961650,7.961650,114.857471
6.744947,0.174978,18.261957,9.440692,9.440692,111.044511
8.249448,0.194129,26.687102,8.662608,8.662608,127.924453
7.396362,0.189424,24.114911,9.135236,9.135236,131.475424
13.593251,0.474150,48.997421,11.755138,11.755138,175.694227
9.407673,0.363682,29.148954,10.179532,10.179532,130.479047
7.651549,0.175111,32.540226,11.606286,11.606286,135.008026
7.953323,0.181190,25.217034,11.732079,11.732079,130.843710
7.855371,0.209095,30.088621,11.964174,11.964174,135.352003
13.257407,0.222665,33.285922,10.812544,10.812544,156.452635
7.420293,0.190533,24.318083,11.569399,11.569399,135.847523
6.319482,0.137991,26.323635,8.399636,8.399636,132.186487
8.453457,0.186645,28.090745,11.192114,11.192114,136.214289
8.203081,0.221830,26.386470,11.303412,11.303412,133.854287
12.841822,0.313949,37.587063,11.806336,11.806336,166.971100
12.151017,0.240793,29.342845,9.738796,9.738796,158.542889
7.804985,0.152482,28.119889,10.942137,10.942137,153.343811
6.622818,0.172524,20.904887,10.030325,10.030325,170.170424
8.153042,0.197216,24.151936,11.293859,11.293859,149.882661
13.085433,0.445310,56.356246,10.707852,10.707852,190.094683
6.558941,0.184057,22.192481,9.845337,9.845337,144.794299
7.131243,0.166549,25.983721,8.377057,8.377057,166.917284
8.437216,0.279568,27.326105,7.858774,7.858774,158.692681
7.236270,0.163784,23.008889,8.750063,8.750063,154.466723
7.283518,0.197085,26.422882,9.471263,9.471263,156.578923
6.626356,0.171620,20.499053,9.938307,9.938307,147.453646
5.863916,0.172658,19.422775,8.194997,8.194997,138.290223
6.069649,0.195741,19.482347,7.848829,7.848829,163.709252
11.496006,0.466586,44.137785,7.031710,7.031710,185.317836
12.177662,0.382890,34.858934,7.515625,7.515625,163.815457
6.107733,0.144622,19.820957,7.993436,7.993436,128.350154
5.632698,0.165428,17.920055,8.067520,8.067520,128.468683
11.613117,0.509662,38.639527,7.322503,7.322503,165.581451
6.832710,0.219266,23.558344,6.501855,6.501855,139.930234
9.367703,0.277559,21.016199,7.713847,7.713847,136.478006
9.985553,0.279727,28.655305,6.253418,6.253418,146.000207
8.889485,0.277874,27.824171,7.720646,7.720646,146.060611
8.098694,0.398435,27.023738,7.213557,7.213557,90.736934
5.607948,0.183888,18.466595,8.083162,8.083162,133.303203
10.528090,0.318892,25.180729,6.467742,6.467742,140.664668
9.776195,0.249880,29.601597,6.122515,6.122515,147.726948
9.902836,0.351091,20.178201,7.697057,7.697057,134.701918
10.328318,0.442637,20.129972,6.559884,6.559884,136.801446
10.129849,0.278852,20.071264,7.415668,7.415668,148.772069
7.860268,0.264096,25.376923,4.805398,4.805398,145.253298
5.140792,0.173921,16.767530,5.302861,5.302861,58.736811
8.830888,0.264922,25.352186,6.080727,6.080727,134.648378
8.388215,0.297410,23.478369,4.284525,4.284525,67.315928
7.626304,0.254542,23.362620,6.633714,6.633714,69.975512
5.996608,0.135022,16.806930,4.579506,4.579506,56.797585
5.176640,0.121714,21.540802,5.885921,5.885921,61.765714
8.452758,0.174012,25.471887,9.820658,9.820658,75.444464
6.350071,0.106431,19.451451,8.382431,8.382431,67.767028
6.116623,0.097816,22.911502,8.863494,8.863494,69.171356
6.877775,0.109437,22.626159,8.222366,8.222366,112.991528
6.252782,0.115292,26.535124,8.175297,8.175297,78.251212
6.535128,0.119635,28.395498,14.404978,14.404978,113.795254
8.154622,0.182588,30.027090,10.799046,10.799046,112.963618
9.482814,0.193506,37.129038,10.397718,10.397718,129.081118
9.161037,0.228661,37.976161,16.251647,16.251647,137.939969
10.859595,0.207755,31.488904,15.093779,15.093779,136.879422
8.382242,0.236366,33.696509,11.391960,11.391960,135.550479
13.958165,0.335494,33.884006,18.266851,18.266851,148.213257
7.232747,0.133795,26.228066,14.611781,14.611781,140.301893
6.683408,0.156045,28.805885,9.822407,9.822407,136.999558
7.403306,0.193707,25.518218,6.335893,6.335893,130.976530
13.333868,0.458146,33.920500,6.361448,6.361448,155.576256
7.040756,0.196021,27.147741,10.327002,10.327002,150.569824
7.163898,0.194384,23.187240,8.875859,8.875859,134.968016
6.948040,0.160741,23.365212,7.908215,7.908215,135.251786
7.013209,0.157567,19.935995,9.805169,9.805169,134.260174
6.972988,0.132071,20.044108,7.100847,7.100847,124.759347
7.092250,0.125144,21.827432,9.386262,9.386262,143.183293
8.048095,0.180690,29.924528,8.584229,8.584229,151.050990
10.284820,0.154423,23.816719,10.135344,10.135344,138.451541
6.999678,0.122114,21.262780,9.356149,9.356149,130.952879
8.395075,0.165686,23.247365,8.346875,8.346875,138.044738
7.355647,0.156240,21.320219,10.271792,10.271792,147.791786
6.952881,0.182357,19.528859,7.559334,7.559334,133.806616
6.936994,0.151166,17.341412,5.656867,5.656867,122.543503
8.607677,0.187959,19.369857,7.644519,7.644519,130.242324
8.792830,0.228724,21.515146,7.612571,7.612571,134.447032
13.059549,0.293716,29.950566,7.822580,7.822580,167.513178
7.295820,0.201484,18.532162,9.475716,9.475716,80.518058
6.772348,0.177109,20.969518,9.286611,9.286611,83.913672
7.680155,0.150758,30.866241,10.442528,10.442528,144.686419
6.837226,0.182656,25.054163,7.843056,7.843056,137.323610
13.806118,0.467915,40.454907,6.489915,6.489915,179.290768
6.562289,0.186528,24.667484,16.135140,16.135140,158.223828
6.971132,0.178229,31.235978,8.915911,8.915911,151.551493
6.774559,0.249998,28.413598,8.752237,8.752237,150.185042
5.361222,0.217720,21.898738,6.775598,6.775598,133.609189
4.897198,0.188370,18.442108,7.727361,7.727361,131.569537
2.960233,0.202098,10.938139,5.482451,5.482451,65.127133
2.611290,0.127637,9.268372,4.070337,4.070337,57.543479
2.487750,0.093685,7.505239,5.993748,5.993748,110.855456
3.042435,0.092706,9.804215,4.330767,4.330767,126.416871
1.909394,0.100331,6.925313,6.830034,6.830034,47.181117
1.796809,0.109575,6.851756,4.804689,4.804689,48.666320
3.261279,0.053267,11.708311,5.699732,5.699732,53.276866
3.698022,0.057064,12.226347,5.763515,5.763515,121.524009
5.639881,0.142158,18.967980,7.056175,7.056175,137.784533
12.428828,0.360075,40.049741,7.704045,7.704045,181.064935
12.283792,0.420754,41.496658,6.377422,6.377422,176.355738
9.135076,0.249491,29.293627,11.091344,11.091344,147.956705
11.626780,0.237876,33.786764,9.522620,9.522620,169.427315
9.930477,0.240653,30.946757,7.038071,7.038071,160.715559
14.309596,0.338276,40.101338,8.605133,8.605133,172.060820
8.598028,0.248229,31.782543,12.897975,12.897975,146.906885
7.495736,0.170263,23.892703,11.436385,11.436385,141.843971
7.375521,0.117683,21.470182,9.177982,9.177982,131.902653
7.378611,0.153019,17.442522,11.838903,11.838903,140.986797
7.794010,0.148295,19.723052,12.022054,12.022054,130.013385
8.099437,0.153641,19.502698,9.752970,9.752970,136.955935
8.215531,0.135691,16.673268,8.754451,8.754451,129.070976
14.685287,0.269748,26.234751,7.499914,7.499914,109.336898
7.260931,0.149406,28.389188,6.301762,6.301762,122.434932
7.070984,0.144979,26.896975,10.973356,10.973356,99.674630
7.077960,0.170580,28.342022,9.039536,9.039536,146.996402
12.892038,0.281244,37.101773,8.633835,8.633835,149.495720
12.406459,0.273572,35.664849,8.033751,8.033751,142.582884
13.579128,0.239331,34.921958,8.551728,8.551728,140.724258
12.535800,0.239240,32.063062,8.058718,8.058718,137.237112
13.766706,0.230138,33.746892,10.321968,10.321968,144.671012
13.525717,0.243526,36.093125,6.996354,6.996354,146.973276
8.249635,0.138120,23.905994,6.770394,6.770394,122.769878
15.122630,0.197413,35.295971,10.046197,10.046197,148.383008
12.607593,0.178042,30.231078,15.532693,15.532693,142.297843
13.402175,0.216500,32.448577,6.580639,6.580639,139.213266
12.134515,0.237181,30.883794,10.790274,10.790274,132.747206
14.832465,0.293399,27.664871,8.843720,8.843720,136.990684
10.619986,0.225067,29.834481,7.799276,7.799276,137.032756
11.010404,0.272101,29.255845,6.609054,6.609054,134.908390
5.800807,0.210294,17.821493,7.448521,7.448521,119.144521
8.219718,0.295700,19.940027,9.861198,9.861198,123.627463
4.791702,0.148687,12.656291,5.368142,5.368142,61.295753
4.383519,0.103477,12.225673,10.216646,10.216646,98.705534
4.039308,0.145952,11.292712,5.418218,5.418218,88.734119
4.121047,0.123232,10.825443,5.854553,5.854553,84.918623
3.246194,0.113609,8.454036,4.507808,4.507808,48.447876
3.043255,0.103137,8.093666,6.180664,6.180664,50.766005
3.822654,0.137217,14.985806,5.644037,5.644037,80.820071
2.157173,0.088320,7.346930,5.537140,5.537140,50.438544
2.553879,0.095398,7.239455,5.804896,5.804896,57.112928
1.405900,0.029952,3.873510,4.526232,4.526232,34.870306
2.464945,0.023023,7.161336,4.101475,4.101475,38.340490
2.395073,0.041543,6.555160,3.752637,3.752637,45.879137
1.906007,0.071989,5.793317,5.486705,5.486705,53.439841
2.029565,0.043586,6.499408,4.663089,4.663089,52.401852
1.713058,0.023580,4.953012,5.642083,5.642083,49.946634
2.540617,0.025466,8.406722,4.004721,4.004721,37.674524
6.084960,0.070275,12.431946,4.943004,4.943004,43.814905
9.733658,0.133163,22.466967,5.419282,5.419282,62.492433
5.206331,0.144210,14.228286,4.516879,4.516879,46.021805
4.848418,0.096504,13.743183,7.205561,7.205561,81.670705
5.099504,0.113509,13.651959,10.296999,10.296999,86.816860
4.952745,0.131006,13.726982,5.265944,5.265944,47.838963
5.907492,0.114673,15.471791,5.221796,5.221796,52.186562
5.375509,0.105451,13.266349,6.326378,6.326378,57.802921
6.539599,0.155221,15.748536,5.941321,5.941321,67.175621
6.230850,0.140087,15.641970,12.032306,12.032306,72.001860
8.667419,0.137992,39.538171,10.123053,10.123053,95.535551
5.045604,0.109911,20.645466,7.608039,7.608039,93.822007
5.119276,0.122671,19.009279,11.537105,11.537105,94.318314
5.179043,0.107867,21.022997,8.906005,8.906005,94.508532
6.533752,0.150525,26.122116,7.409356,7.409356,104.858420
8.573750,0.172606,29.471890,5.965709,5.965709,106.396320
6.422763,0.150947,21.504302,7.296542,7.296542,98.170222
6.412716,0.142726,20.009831,7.865986,7.865986,104.000268
8.199358,0.128958,29.327570,7.555631,7.555631,116.027470
8.411911,0.148657,24.121001,8.235213,8.235213,108.782358
9.089250,0.138901,25.822042,6.712419,6.712419,110.374391
9.518876,0.201428,29.833160,7.027242,7.027242,119.938388
7.964514,0.156601,22.560792,5.598049,5.598049,104.522043
12.778717,0.311383,39.789755,10.478438,10.478438,138.281105
12.634071,0.293670,32.888676,9.488904,9.488904,124.118589
14.720071,0.337176,52.573361,7.866282,7.866282,154.674206
15.813123,0.298837,44.188909,7.098317,7.098317,130.578442
8.062778,0.146443,24.185108,7.257780,7.257780,106.177636
13.928560,0.159611,35.727784,7.072593,7.072593,125.489063
8.557066,0.110148,17.197777,10.587011,10.587011,98.405648
7.116557,0.099305,17.406024,7.975315,7.975315,109.912585
6.947543,0.085937,17.172990,11.987649,11.987649,99.740002
6.748839,0.100030,15.979317,9.800639,9.800639,88.683268
6.521727,0.086039,17.938035,11.319867,11.319867,93.824470
6.600872,0.067764,15.490675,9.637404,9.637404,88.549334
6.888469,0.051297,17.484129,7.582717,7.582717,86.989240
6.324995,0.036356,15.515093,10.269241,10.269241,81.939754
7.726794,0.048361,15.946410,10.439152,10.439152,88.875994
7.299065,0.047144,15.987241,8.735361,8.735361,81.307821
13.317498,0.096404,27.916728,9.224479,9.224479,121.093296
14.407518,0.148640,29.450992,7.435901,7.435901,119.329952
11.233776,0.166153,18.747042,10.974544,10.974544,80.539378
6.246823,0.076862,14.760885,5.705422,5.705422,60.603949
6.597778,0.078202,15.192956,7.426148,7.426148,62.782038
7.353892,0.056107,16.398024,5.936085,5.936085,63.023803
6.488079,0.032850,12.205753,7.481699,7.481699,56.814859
6.213330,0.031696,16.886166,6.636550,6.636550,61.449480
10.253715,0.102084,29.558280,8.784703,8.784703,95.242729
9.698244,0.047748,23.795617,10.626564,10.626564,79.176521
10.646126,0.030876,27.634148,10.609931,10.609931,84.887216
10.413518,0.031546,25.694713,11.671932,11.671932,85.141021
10.610813,0.032629,22.934592,11.776215,11.776215,76.824940
9.589860,0.018807,15.917203,9.717662,9.717662,54.758496
