1403638538777829376.000000 0.023282710 1.420136094 -0.768895507 -0.572287440 -0.612842381 -0.370045692 0.399972022
1403638539027829504.000000 0.021026820 1.430382967 -0.767789602 -0.567087948 -0.607144117 -0.378019899 0.408519745
1403638539277829376.000000 0.017383978 1.449523926 -0.741385698 -0.559566200 -0.597201943 -0.389168739 0.422827721
1403638540027829504.000000 0.004302911 1.528835177 -0.585107684 -0.565254629 -0.613158703 -0.370840907 0.408657283
1403638542927829504.000000 -1.288555026 2.571480274 -0.237568602 -0.283637732 -0.769418657 -0.213573977 0.530971646
1403638543077829376.000000 -1.408113599 2.568058729 -0.191917688 -0.290409327 -0.770958066 -0.205525503 0.528247356
1403638543477829376.000000 -1.738647938 2.555547714 -0.121789321 -0.292034924 -0.771423042 -0.201705560 0.528144836
1403638543627829504.000000 -1.866712809 2.549735069 -0.113287970 -0.273161799 -0.779539526 -0.192593664 0.529725015
1403638545027829504.000000 -3.205003023 2.482522249 0.088899955 -0.167655200 -0.805031896 -0.111734256 0.557970405
1403638545727829504.000000 -3.855340481 2.471660614 0.031930074 -0.136736825 -0.810979545 -0.088677019 0.561917901
1403638546027829504.000000 -4.126770496 2.459961653 0.065087304 -0.068405241 -0.821985245 -0.052213818 0.562969506
1403638546477829376.000000 -4.539329529 2.431854486 0.089553729 -0.029945463 -0.825498044 -0.020446535 0.563238978
1403638546627829504.000000 -4.679696560 2.418090105 0.081815466 -0.022791477 -0.825998604 -0.016839288 0.562959433
1403638547427829504.000000 -5.483620167 2.282130718 0.142739832 0.004536198 -0.827727497 -0.014420691 0.560926676
1403638547577829376.000000 -5.641057968 2.233872414 0.131877601 -0.003186295 -0.828063905 -0.006607343 0.560585737
1403638548027829504.000000 -6.132301807 2.070248127 0.051692657 -0.000710564 -0.828190982 -0.012005673 0.560316980
1403638548727829504.000000 -6.958370686 1.724677444 0.105613701 0.069278613 -0.826319754 0.042902626 0.557275116
1403638548877829376.000000 -7.144508839 1.645605683 0.126349479 0.075086512 -0.826041281 0.047022711 0.556602955
1403638549027829504.000000 -7.332824230 1.565033317 0.161736131 0.077459872 -0.826169789 0.048399672 0.555968642
1403638549827829504.000000 -8.355507851 1.138499737 0.438997567 0.067318439 -0.822836876 0.055596657 0.561530828
1403638550127829504.000000 -8.759718895 0.991617501 0.572502255 0.065356359 -0.824550867 0.057652209 0.559035540
1403638550427829504.000000 -9.173943520 0.856527805 0.761919677 0.067012578 -0.824067831 0.058286313 0.559485734
1403638550627829504.000000 -9.452371597 0.773947299 0.867019415 0.062919497 -0.821712911 0.064610898 0.562720656
1403638550977829376.000000 -9.932271957 0.661188900 1.011041522 0.059129342 -0.806587219 0.068201765 0.584182739
1403638551177829376.000000 -10.182422638 0.618081212 1.077708006 0.055878587 -0.801694572 0.073143274 0.590604365
1403638553827829504.000000 -11.578553200 2.298192739 1.686524510 -0.043501124 -0.790999711 -0.031728484 0.609442651
1403638556777829376.000000 -9.779104233 4.731598854 2.078200102 -0.107569337 -0.822250724 -0.036100816 0.557699978
1403638559527829504.000000 -9.791794777 7.832840919 2.499966383 -0.087633997 -0.819214463 -0.065861993 0.562912226
1403638561627829504.000000 -10.328872681 9.646725655 2.161289930 -0.368036270 -0.723467112 -0.252789289 0.526538014
1403638561877829376.000000 -10.241960526 9.793951035 2.118396759 -0.364824265 -0.725923836 -0.256192833 0.523739636
1403638563227829504.000000 -9.590879440 10.290338516 2.056597471 -0.550207615 -0.593950152 -0.360994250 0.462793648
1403638563677829376.000000 -9.219754219 10.333242416 1.976091027 -0.559470415 -0.572629988 -0.383563370 0.460398644
1403638563927829504.000000 -8.965139389 10.300546646 1.972506762 -0.560071051 -0.574820459 -0.375524253 0.463555217
1403638564177829376.000000 -8.673494339 10.238212585 1.981884003 -0.553779602 -0.579576135 -0.370452046 0.469238728
1403638566127829504.000000 -5.290447712 8.855112076 1.451740146 -0.540590584 -0.597987831 -0.388641596 0.446240097
1403638566727829504.000000 -4.196557999 8.204891205 1.063589454 -0.550320268 -0.615780294 -0.366359949 0.428652167
1403638567227829504.000000 -3.382123232 7.757018566 0.633563578 -0.536791563 -0.616494179 -0.375969321 0.436390638
1403638567427829504.000000 -3.084052086 7.605477333 0.444343299 -0.532185018 -0.612451077 -0.385456264 0.439438701
1403638569827829504.000000 -1.174764991 6.546463490 -0.392070711 -0.541354477 -0.624303937 -0.388138980 0.408078700
1403638572627829504.000000 0.309126347 5.862142086 -0.878455222 -0.767479360 -0.320709795 -0.502301097 0.236250743
1403638573627829504.000000 1.614383698 5.593536854 -0.772338450 -0.771016777 -0.331743181 -0.501413286 0.209915295
1403638573827829504.000000 1.894031882 5.613626480 -0.712553084 -0.770711780 -0.321735620 -0.512563229 0.199420586
1403638573977829376.000000 2.104162931 5.643387318 -0.674849749 -0.770248830 -0.294423789 -0.531894922 0.192663476
1403638574377829376.000000 2.636993885 5.709815502 -0.636394918 -0.790718079 -0.180859536 -0.558634460 0.173154041
1403638574627829504.000000 2.951235294 5.704275131 -0.631499410 -0.801875651 -0.137043849 -0.565675259 0.135003209
1403638574877829376.000000 3.253754377 5.676079273 -0.590324938 -0.809367776 -0.130900398 -0.563153148 0.103186525
1403638575227829504.000000 3.664927483 5.632465839 -0.564855993 -0.817117453 -0.121142603 -0.551761866 0.114901863
1403638575577829376.000000 4.095289707 5.564907551 -0.591406465 -0.822761297 -0.133977890 -0.540692151 0.112986155
1403638575827829504.000000 4.430347443 5.511396408 -0.585570395 -0.825270176 -0.152143076 -0.534971893 0.097911574
1403638576277829376.000000 5.086626053 5.473123074 -0.455787063 -0.821251035 -0.157014325 -0.540141046 0.095607758
1403638576477829376.000000 5.395582676 5.482982159 -0.406149387 -0.819446266 -0.163746282 -0.542654455 0.084977552
1403638576677829376.000000 5.709565163 5.518346310 -0.375566542 -0.818914652 -0.171187118 -0.542910397 0.072953120
1403638577077829376.000000 6.325671673 5.681868076 -0.362298459 -0.807536125 -0.157741383 -0.560783625 0.092329927
1403638577277829376.000000 6.614578724 5.789087772 -0.345202744 -0.807578564 -0.154676482 -0.560906410 0.096311949
1403638577477829376.000000 6.894671440 5.907434464 -0.299637645 -0.805500031 -0.164951175 -0.563260436 0.081844643
1403638577877829376.000000 7.419091225 6.193924904 -0.249167398 -0.808759928 -0.160627127 -0.558433592 0.090875342
1403638578077829376.000000 7.666997433 6.356757641 -0.241503045 -0.807482362 -0.161373779 -0.559741497 0.092845663
1403638578477829376.000000 8.150485992 6.705053329 -0.178672746 -0.808501065 -0.147136062 -0.558129966 0.114751339
1403638578677829376.000000 8.385798454 6.865435600 -0.167712525 -0.807771385 -0.147068813 -0.559603393 0.112783656
1403638578877829376.000000 8.615241051 7.018691540 -0.166662246 -0.805836141 -0.155858934 -0.562438905 0.099993728
1403638579077829376.000000 8.837816238 7.178054810 -0.160002738 -0.804712415 -0.159620166 -0.563544571 0.096834451
1403638581827829504.000000 10.486751556 8.804494858 -0.170773506 -0.680158556 -0.443026751 -0.493336797 0.312618852
1403638584727829504.000000 9.895423889 9.284131050 0.573246062 -0.668876052 -0.436417669 -0.512135625 0.316008955
1403638586677829376.000000 8.424689293 9.053420067 0.808388948 -0.681047082 -0.443068206 -0.498665243 0.301990688
1403638589327829504.000000 6.078546047 8.754994392 0.526948154 -0.685844898 -0.435529023 -0.492992908 0.311270565
1403638591577829376.000000 4.133256912 8.240883827 0.422605842 -0.718188286 -0.444649905 -0.450482905 0.289062619
1403638592427829504.000000 3.813869476 8.484748840 0.458876222 -0.686119318 -0.445784956 -0.465737283 0.337053120
1403638593227829504.000000 3.793565989 8.817235947 0.792764127 -0.663973570 -0.501026690 -0.435127497 0.344638258
1403638593427829504.000000 3.821205616 8.931378365 0.883429170 -0.651313245 -0.502346873 -0.455475062 0.340560019
1403638596077829376.000000 3.423903465 9.414830208 1.482765436 -0.629525244 -0.517006338 -0.462128252 0.350485235
1403638596327829504.000000 3.331528425 9.388466835 1.448606253 -0.615841925 -0.532666683 -0.479238838 0.327620476
1403638597177829376.000000 2.378810644 9.358459473 1.650504708 -0.591192663 -0.547496080 -0.508969069 0.302803308
1403638597327829504.000000 2.087621927 9.363610268 1.677725434 -0.593047380 -0.541597962 -0.508922040 0.309781879
1403638597527829504.000000 1.648847222 9.366895676 1.694409370 -0.600215435 -0.527096510 -0.502699614 0.330459982
1403638597827829504.000000 0.923370004 9.349727631 1.683663130 -0.597985148 -0.527084112 -0.501592100 0.336157054
1403638597977829376.000000 0.534499884 9.328585625 1.663769960 -0.588209510 -0.539154649 -0.502785504 0.332458258
1403638598177829376.000000 -0.021051023 9.289945602 1.650884748 -0.594326794 -0.536320627 -0.483449966 0.354135722
1403638598327829504.000000 -0.453637958 9.248859406 1.650626302 -0.604970276 -0.531151295 -0.464517951 0.368934244
1403638598527829504.000000 -1.027570486 9.185798645 1.635298491 -0.609935105 -0.531844497 -0.453673571 0.373230368
1403638598727829504.000000 -1.592671037 9.115271568 1.595652342 -0.601461112 -0.545419037 -0.444149196 0.378806174
1403638598927829504.000000 -2.148027182 9.040159225 1.566788554 -0.582044423 -0.566194415 -0.431998581 0.392460614
1403638599127829504.000000 -2.694779396 8.959876060 1.558488250 -0.558121026 -0.589920521 -0.415858775 0.409336478
1403638599327829504.000000 -3.236268520 8.870500565 1.574005485 -0.532647848 -0.615830004 -0.396485627 0.424074233
1403638599527829504.000000 -3.769732952 8.774880409 1.611869574 -0.515027046 -0.637241125 -0.379904628 0.429352373
1403638599927829504.000000 -4.807242393 8.593785286 1.626075983 -0.515199304 -0.643603981 -0.365868032 0.431838036
1403638600527829504.000000 -6.235168934 8.426075935 1.535306334 -0.557189047 -0.619147122 -0.323113531 0.449215978
1403638600727829504.000000 -6.619974136 8.421792030 1.540771365 -0.561294436 -0.620488524 -0.319297791 0.444962472
1403638600927829504.000000 -6.954191685 8.451594353 1.570051670 -0.553855240 -0.636073053 -0.327938229 0.425572664
1403638601127829504.000000 -7.260451794 8.516285896 1.587901115 -0.540531695 -0.646672487 -0.344263524 0.413669884
1403638601327829504.000000 -7.560705662 8.611260414 1.590275764 -0.523107767 -0.647591114 -0.365928113 0.416029602
1403638601527829504.000000 -7.869780540 8.723973274 1.599273086 -0.508213878 -0.648563206 -0.357101321 0.439958036
1403638601727829504.000000 -8.180969238 8.838973045 1.630793214 -0.473641127 -0.669434786 -0.342525154 0.458473355
1403638601927829504.000000 -8.495351791 8.944778442 1.687270761 -0.425475597 -0.697848022 -0.322573543 0.477415025
1403638603127829504.000000 -10.050378799 9.047773361 2.063577890 -0.230440125 -0.733644128 -0.162125856 0.618367910
1403638603327829504.000000 -10.114322662 8.949470520 2.119291067 -0.212477654 -0.763293326 -0.142848343 0.593153417
1403638605227829504.000000 -9.687718391 7.386398792 2.119070053 -0.201457843 -0.807415664 -0.128109396 0.539520800
1403638605527829504.000000 -9.598123550 7.111197472 2.159107924 -0.179290935 -0.801227868 -0.158445910 0.548437297
1403638605827829504.000000 -9.541205406 6.811069489 2.173858643 -0.166928574 -0.798174620 -0.174660385 0.551856875
1403638606277829376.000000 -9.531803131 6.236812592 2.238952875 -0.162603259 -0.801674366 -0.186184213 0.544255376
1403638606677829376.000000 -9.602039337 5.625461578 2.185312271 -0.192980811 -0.816496670 -0.137970537 0.526360869
1403638606877829376.000000 -9.677621841 5.329044342 2.129842758 -0.173707947 -0.827474952 -0.116421513 0.521111071
1403638607227829504.000000 -9.896519661 4.862742901 2.087133169 -0.123381972 -0.827682972 -0.070832580 0.542863190
1403638607527829504.000000 -10.125830650 4.520147324 2.041365147 -0.108188622 -0.815140843 -0.055833939 0.566324413
1403638607927829504.000000 -10.415833473 4.130780697 1.904933572 -0.110353395 -0.814766228 -0.052859098 0.566731155
1403638608927829504.000000 -10.963787079 3.425602198 1.312294126 -0.110003650 -0.803397119 -0.065978080 0.581462979
1403638609127829504.000000 -11.017133713 3.307735682 1.228115916 -0.112707771 -0.807975888 -0.061692409 0.575035632
1403638609577829376.000000 -11.086062431 3.099000454 1.020678163 -0.114841335 -0.806420684 -0.060388647 0.576931953
1403638609827829504.000000 -11.099293709 3.013435125 0.864026070 -0.113120764 -0.807364881 -0.062814444 0.575690866
1403638610327829504.000000 -11.079715729 2.891286135 0.645857155 -0.112925470 -0.797119081 -0.064046741 0.589700818
1403638610727829504.000000 -10.979217529 2.827621937 0.427171886 -0.110357508 -0.786408365 -0.067264594 0.604035199
1403638611027829504.000000 -10.831734657 2.791026115 0.294135451 -0.112996571 -0.796146750 -0.059238292 0.591500700
1403638611327829504.000000 -10.643591881 2.775174379 0.160891131 -0.108679153 -0.794595242 -0.061666686 0.594141960
1403638611727829504.000000 -10.322325706 2.747562647 0.043455608 -0.096179031 -0.802926719 -0.083679520 0.582285225
1403638612127829504.000000 -9.977137566 2.687015057 -0.085602045 -0.115080655 -0.807081997 -0.061222758 0.575870693
1403638612477829376.000000 -9.677086830 2.660039186 -0.141992122 -0.114322945 -0.805820644 -0.066217147 0.577233553
1403638612777829376.000000 -9.416326523 2.648977041 -0.223701581 -0.108896166 -0.803825736 -0.082506016 0.578963459
1403638613177829376.000000 -9.057592392 2.605664730 -0.320733279 -0.116427973 -0.803914905 -0.079938114 0.577732742
1403638613677829376.000000 -8.604496002 2.520588875 -0.348958611 -0.126313731 -0.798181593 -0.082012191 0.583288252
1403638613977829376.000000 -8.312002182 2.463455677 -0.425619721 -0.150906920 -0.787599742 -0.096382886 0.589596570
1403638614427829504.000000 -7.811338425 2.376703501 -0.562100232 -0.215173095 -0.782554030 -0.140194714 0.567146659
1403638614627829504.000000 -7.580462456 2.335372210 -0.576069057 -0.234841123 -0.777931392 -0.146115243 0.564200938
1403638614827829504.000000 -7.345654964 2.304337502 -0.557446778 -0.270534575 -0.772069395 -0.148806751 0.555496693
1403638615027829504.000000 -7.101046085 2.292599678 -0.510707438 -0.312309235 -0.762561679 -0.169314563 0.540643513
1403638615227829504.000000 -6.848053932 2.306162119 -0.445903957 -0.350117505 -0.741889417 -0.217589319 0.528841019
1403638615427829504.000000 -6.592444420 2.330913782 -0.381226420 -0.392749757 -0.714692175 -0.262512326 0.515800416
1403638615627829504.000000 -6.341670036 2.355125904 -0.339259684 -0.432636470 -0.689848781 -0.294583738 0.500154734
1403638615827829504.000000 -6.097380161 2.373758078 -0.294273257 -0.454387605 -0.675754964 -0.309160918 0.491229862
1403638616027829504.000000 -5.853357792 2.386133432 -0.239717036 -0.475090414 -0.661975503 -0.319899023 0.483468920
1403638616277829376.000000 -5.545271397 2.395157814 -0.226352870 -0.506441414 -0.639497280 -0.339729190 0.468128711
1403638616927829504.000000 -4.739784241 2.420101881 -0.454454482 -0.579168797 -0.607536733 -0.344158232 0.420734823
1403638617277829376.000000 -4.290346146 2.514999866 -0.516525805 -0.560507536 -0.615726888 -0.364119112 0.417287737
1403638617527829504.000000 -3.983021498 2.618552208 -0.505907893 -0.559119701 -0.626686692 -0.357217818 0.408710539
1403638617827829504.000000 -3.645673513 2.792050123 -0.427657872 -0.550045609 -0.631216228 -0.361454338 0.410325199
1403638618477829376.000000 -3.036611319 3.298811913 -0.244440868 -0.542581677 -0.633902431 -0.360200673 0.417167217
1403638621227829504.000000 -1.299197674 5.399705410 -0.315421849 -0.634880960 -0.512483060 -0.446818143 0.366934270
1403638623727829504.000000 -0.378325820 5.014563560 -0.421947390 -0.629121244 -0.508227706 -0.454257101 0.373579353
1403638624977829376.000000 -0.269210994 3.825206280 -0.414559901 -0.627061844 -0.516234994 -0.447895020 0.373744607
1403638625227829504.000000 -0.252995193 3.552505732 -0.410843611 -0.627604187 -0.518920600 -0.435877413 0.383204073
1403638625477829376.000000 -0.229206204 3.281304121 -0.416523397 -0.625742674 -0.520232260 -0.434704244 0.385793656
1403638625727829504.000000 -0.196938187 3.013355732 -0.388901740 -0.628413439 -0.523909092 -0.430921227 0.380687177
1403638625977829376.000000 -0.156523943 2.754988194 -0.365383983 -0.632612944 -0.527213812 -0.426424623 0.374177098
1403638626227829504.000000 -0.106866203 2.514045954 -0.372707486 -0.634846509 -0.526931107 -0.424687922 0.372764945
1403638626727829504.000000 -0.004759192 2.077945471 -0.444992304 -0.630079567 -0.533757389 -0.430885792 0.363923609
1403638627127829504.000000 0.055357069 1.805727601 -0.451034099 -0.633643448 -0.537850857 -0.423683465 0.360145539
1403638627377829376.000000 0.088716865 1.676395178 -0.467507243 -0.630838692 -0.539637983 -0.426479310 0.359094441
1403638627627829504.000000 0.117069222 1.576510310 -0.499524891 -0.628333628 -0.539128184 -0.430720061 0.359190822
1403638627927829504.000000 0.138378724 1.485276818 -0.544905961 -0.625780344 -0.537171304 -0.435597688 0.360694617
1403638628177829376.000000 0.141610175 1.425227523 -0.580196798 -0.627892613 -0.538871706 -0.434604198 0.355650753
1403638628427829504.000000 0.130421758 1.386137366 -0.601621747 -0.630923867 -0.536719501 -0.431599468 0.357196391
1403638628677829376.000000 0.110939950 1.364977837 -0.605502486 -0.632222772 -0.518213212 -0.430253267 0.382925034
1403638628977829376.000000 0.104689106 1.335302472 -0.628866732 -0.628741205 -0.524178922 -0.436577410 0.373257518
1403638629227829504.000000 0.102485709 1.312093139 -0.646484315 -0.626049161 -0.530103028 -0.439719170 0.365650713
1403638629477829376.000000 0.090423033 1.292749047 -0.650551558 -0.631869078 -0.534917235 -0.432447642 0.357203215
1403638629977829376.000000 0.068060949 1.307054758 -0.655302227 -0.630141079 -0.514882982 -0.437735349 0.382368207
1403638630227829504.000000 0.074663639 1.308131456 -0.716564894 -0.623227894 -0.522573590 -0.447386116 0.371953607
1403638630677829376.000000 0.058826096 1.333305001 -0.763022065 -0.634938240 -0.541256487 -0.422926694 0.353592873
1403638630827829504.000000 0.062717043 1.328321576 -0.767120957 -0.635381997 -0.546481490 -0.418881655 0.349551082
1403638631327829504.000000 0.053044893 1.296120644 -0.765651703 -0.635070205 -0.548009694 -0.417027622 0.349941641
