1403715278412143104.000000 -1.195445180 -0.274878919 0.480321527 -0.567548931 -0.605379462 -0.382950664 0.405897379
1403715279162142976.000000 -1.223867178 -0.179695904 0.616991878 -0.560217142 -0.587908864 -0.397616923 0.427107453
1403715282112143104.000000 -1.328917861 0.241851896 0.792836308 -0.739912510 -0.364461511 -0.507246375 0.249797001
1403715285062142976.000000 -1.238952756 0.985366642 0.496114701 -0.808136880 -0.028962431 -0.587109149 0.037133843
1403715285412143104.000000 -1.222148895 1.006893992 0.517564893 0.820183039 -0.034303036 0.571006000 -0.008673253
1403715288262142976.000000 -0.612993598 0.664633691 1.105280280 0.780520737 -0.226716384 0.564384639 0.144419909
1403715291162142976.000000 -0.117874436 0.256846845 0.903926134 0.748047411 -0.333992034 0.539969087 0.193152562
1403715291862142976.000000 0.042950306 0.048484679 0.850856781 0.735381186 -0.378634125 0.513810873 0.227704063
1403715292262142976.000000 0.105615526 -0.134732991 0.798907340 0.747560859 -0.359498233 0.506118000 0.236132219
1403715294562142976.000000 0.697353303 -0.774620593 1.030305147 -0.804613709 -0.101092964 -0.578914762 0.085057624
1403715295662142976.000000 0.724330187 -0.984156251 0.857820928 -0.751691759 -0.314671397 -0.536634445 0.219008669
1403715298512143104.000000 1.415344357 -1.161861777 0.579621911 -0.495633036 -0.643694639 -0.398207098 0.425953448
1403715301362142976.000000 1.171801805 -0.702196479 0.704441130 -0.297349960 -0.735756159 -0.258059651 0.551045597
1403715303912143104.000000 1.126435041 -1.476206064 0.559505165 -0.149748251 -0.798518002 -0.098832101 0.574610054
1403715306712143104.000000 1.098493934 -1.660532951 0.865589261 -0.194931269 -0.774305642 -0.104088791 0.592973948
1403715309662142976.000000 1.773082376 -1.448204637 0.678769290 -0.490714610 -0.648942590 -0.346716493 0.466755241
1403715310562142976.000000 2.059100151 -1.316405773 0.724210203 -0.516836643 -0.618319750 -0.381696552 0.452623785
1403715313262142976.000000 2.993229151 -0.825996220 0.859144807 -0.536650956 -0.598884761 -0.413986474 0.426565498
1403715315262142976.000000 2.781557322 -0.865685701 1.040121794 -0.638187110 -0.512688994 -0.451094091 0.355501592
1403715318212143104.000000 2.176967859 -0.556737959 0.727714181 -0.821641803 -0.025467526 -0.566248834 0.060154129
1403715320712143104.000000 3.013590097 -0.467097133 0.831524551 0.736299455 -0.336443514 0.550028682 0.205273733
1403715321212143104.000000 3.114321470 -0.354553461 0.900846660 0.716921866 -0.399924248 0.525801480 0.222747743
1403715324112143104.000000 2.359209061 -1.411085367 0.993121028 0.651147366 -0.421692908 0.525606930 0.349169970
1403715327012143104.000000 1.921883583 -1.219493508 1.028924942 0.671701908 -0.462039798 0.489307016 0.309700727
1403715329862142976.000000 0.967364073 -1.147504807 0.816002905 0.787682474 -0.233639076 0.549717188 0.150930509
1403715332562142976.000000 0.840926349 -1.466775417 1.075726867 0.818803608 -0.129807606 0.557142258 0.047990214
1403715335162142976.000000 0.763458371 -2.703279257 1.075919390 0.823277056 -0.017372040 0.567316413 0.008070636
1403715336912143104.000000 1.091218710 -3.341525793 1.042675972 -0.817541599 -0.054794703 -0.571733057 0.041769248
1403715337912143104.000000 1.385004044 -3.553959131 1.122783303 -0.813271046 -0.106348582 -0.565153360 0.088780157
1403715339412143104.000000 1.979853034 -3.939324141 1.194824815 -0.794997633 -0.204648927 -0.552273154 0.145231292
1403715339912143104.000000 2.181458950 -4.042689323 1.149850130 -0.793020725 -0.209319502 -0.560756683 0.113381661
1403715340662142976.000000 2.349373579 -3.920813799 1.176930308 -0.763727009 -0.312626660 -0.520762384 0.218614578
1403715341512143104.000000 2.596737623 -3.691395760 1.258232474 -0.757917583 -0.297172844 -0.539380372 0.215216205
1403715342512143104.000000 2.778171301 -3.435540199 1.302528381 -0.766458094 -0.320405126 -0.510223567 0.222608432
1403715345362142976.000000 2.626386642 -1.984253526 1.171276808 -0.677315056 -0.447275192 -0.493348062 0.312725186
1403715346962142976.000000 1.585292220 -1.366333485 1.101534605 -0.704730272 -0.416862309 -0.481407732 0.312774211
1403715349912143104.000000 1.165056467 -0.775370657 0.802508891 -0.499428958 -0.642095029 -0.345120162 0.468163162
1403715352762142976.000000 0.620026588 -0.273803085 0.688583791 -0.400673538 -0.708824098 -0.263469666 0.517313182
1403715355512143104.000000 0.194546893 0.020341635 0.791347384 -0.315962732 -0.757449865 -0.211560383 0.530734777
1403715357112143104.000000 -0.123750001 0.243477196 0.939731658 -0.216404825 -0.796710670 -0.129291207 0.549276829
1403715357962142976.000000 -0.467455596 0.423704386 1.040922999 -0.131056428 -0.812523603 -0.130775779 0.552745342
1403715358312143104.000000 -0.651894152 0.428609401 1.036290765 -0.144389018 -0.816581249 -0.115727335 0.546766937
1403715359412143104.000000 -1.365775466 0.258809775 0.963360369 -0.087221310 -0.803613782 -0.070329607 0.584509194
1403715359862142976.000000 -1.532089472 0.135562256 0.955670834 -0.093591720 -0.804306328 -0.074764639 0.582015514
1403715360262142976.000000 -1.628512979 -0.007135954 0.971211195 -0.098675758 -0.811928749 -0.067342728 0.571401656
1403715360662142976.000000 -1.696802616 -0.116705671 0.990435660 -0.164684117 -0.801055789 -0.071075365 0.571084201
1403715363212143104.000000 -2.301100969 -0.088977665 0.962085426 -0.637145638 -0.510139704 -0.400702953 0.416221112
1403715364212143104.000000 -2.186913729 -0.101836257 1.053951025 -0.727772057 -0.359390616 -0.514444232 0.276646793
1403715367012143104.000000 -1.763028860 -0.919749498 1.334215403 -0.812646925 -0.166843221 -0.544639707 0.123027816
1403715369762142976.000000 -0.441078782 -2.183857679 1.391726971 -0.764183402 -0.320162803 -0.516628981 0.215902984
1403715371062142976.000000 0.245794386 -2.401494503 1.361814022 -0.762641370 -0.330221474 -0.508991003 0.224187851
1403715374012143104.000000 2.286020041 -2.009057045 1.400869846 -0.685155511 -0.444288671 -0.490609139 0.304092526
1403715376762142976.000000 2.534777164 -0.908426046 1.300582170 -0.622974515 -0.522682607 -0.455633163 0.362082988
1403715377262142976.000000 2.376603603 -0.800786853 1.251077890 -0.609120429 -0.532406688 -0.455503315 0.371526748
1403715380062142976.000000 1.003373742 -0.800263226 1.205680609 -0.607490003 -0.549321771 -0.447227031 0.359429568
1403715382712143104.000000 -0.817867994 -0.362412393 1.245289207 -0.709363282 -0.428694487 -0.477648109 0.291336834
1403715385212143104.000000 -1.317356348 0.543253899 1.155307651 -0.825061202 -0.050250944 -0.560641408 0.049295541
1403715387562142976.000000 -0.893452764 -0.032100871 1.201437950 -0.822512925 -0.039980914 -0.565340340 0.047584880
1403715389712143104.000000 -0.286206156 -1.555829525 1.133811951 -0.813435078 -0.081048943 -0.572681248 0.061569396
1403715392562142976.000000 1.553960919 -1.847222209 1.227499604 -0.709400594 -0.386590600 -0.515406251 0.285753161
1403715395512143104.000000 2.301872253 -1.685199499 1.225973725 -0.109263726 -0.818502009 -0.080665238 0.558219492
1403715397012143104.000000 1.904105425 -1.887978077 1.030232549 -0.003780914 -0.828504622 -0.002665848 0.559963048
1403715399512143104.000000 1.086245418 -1.687756419 0.814883292 0.005389045 -0.809235096 -0.025001986 0.586928070
1403715400012143104.000000 1.186940908 -1.872285008 0.817276001 -0.012755522 -0.835143507 -0.021261044 0.549473047
1403715400412143104.000000 1.184917092 -2.064905882 0.849836588 -0.056407295 -0.829379857 -0.077776805 0.550361753
1403715401012143104.000000 1.033693910 -2.453085423 0.857331276 -0.228311300 -0.806913078 -0.129771292 0.529079139
1403715402112143104.000000 0.354294002 -2.800892353 0.940132260 -0.270970255 -0.770928502 -0.181748047 0.547002792
1403715402962142976.000000 -0.081289962 -2.965720415 0.962109327 -0.324752808 -0.747683108 -0.225227192 0.533646345
1403715403212143104.000000 -0.193994790 -3.049829245 0.964078546 -0.348816991 -0.757402480 -0.202563822 0.513455153
1403715403562142976.000000 -0.351612478 -3.092570066 0.986147344 -0.354327917 -0.753664315 -0.223562494 0.506420314
1403715403962142976.000000 -0.541058779 -3.045480013 1.000870824 -0.426180363 -0.722776115 -0.255168647 0.480472744
1403715404462142976.000000 -0.789896727 -2.857980251 1.030915856 -0.467330128 -0.679048538 -0.338426143 0.453831822
1403715404712143104.000000 -0.945144594 -2.760632515 1.026246905 -0.474209517 -0.668111801 -0.344410688 0.458403021
1403715404962142976.000000 -1.113173246 -2.672585487 1.011197448 -0.491987020 -0.651116788 -0.342794389 0.465282500
1403715405612143104.000000 -1.438233256 -2.491515875 0.954654455 -0.618032575 -0.544793189 -0.406031549 0.395442367
1403715406012143104.000000 -1.556298018 -2.377659082 0.920892656 -0.678416014 -0.475057393 -0.455882758 0.325949788
1403715406212143104.000000 -1.607283473 -2.307972193 0.895820439 -0.703214645 -0.425862819 -0.481657177 0.303539842
1403715406612143104.000000 -1.691237926 -2.167367697 0.821624398 -0.757760167 -0.334850729 -0.498880386 0.254544735
1403715407012143104.000000 -1.710798383 -2.038305283 0.744400144 -0.785504341 -0.255556971 -0.529068172 0.194320768
1403715407212143104.000000 -1.699572563 -1.979733825 0.713016450 -0.802635372 -0.219476089 -0.529095411 0.166327342
1403715407412143104.000000 -1.671888828 -1.919188738 0.689459682 -0.816803932 -0.204303965 -0.519678235 0.145003170
1403715410162142976.000000 -0.975648463 -0.934250414 0.986497343 -0.750096917 -0.357697308 -0.501155972 0.241350487
1403715410662142976.000000 -0.906405389 -0.814521551 0.989284515 -0.736940205 -0.358843595 -0.522588909 0.234630167
1403715411162142976.000000 -0.892345667 -0.679677546 0.959911704 -0.729675710 -0.362584710 -0.518380821 0.259590387
1403715411512143104.000000 -0.908893347 -0.618656337 0.944163859 -0.723262906 -0.357430369 -0.518632114 0.283116847
1403715412012143104.000000 -0.938428640 -0.609826922 0.916657686 -0.724010885 -0.372148722 -0.511596143 0.274923623
1403715412312143104.000000 -0.962085605 -0.628092170 0.899737895 -0.727167428 -0.373931438 -0.507629752 0.271504819
1403715412562142976.000000 -0.983137190 -0.649131715 0.886678278 -0.731545866 -0.374241114 -0.502386689 0.269057393
1403715412962142976.000000 -1.006564736 -0.675294757 0.875484765 -0.733739197 -0.377459884 -0.499782354 0.263378918
1403715413412143104.000000 -1.026610732 -0.680531979 0.786606252 -0.730259836 -0.368623406 -0.505801022 0.273866236
1403715413662142976.000000 -1.034782529 -0.689777732 0.727295935 -0.728969693 -0.367478698 -0.508071661 0.274637729
1403715414112143104.000000 -1.049356580 -0.726903260 0.639388263 -0.727244556 -0.374809086 -0.511325896 0.263019770
1403715414512143104.000000 -1.078097463 -0.735123336 0.654584110 -0.739701748 -0.381442368 -0.494790286 0.250051409
1403715414912143104.000000 -1.100325346 -0.683526516 0.616126120 -0.735897541 -0.359735936 -0.503179371 0.275418788
1403715415312143104.000000 -1.100456238 -0.657413065 0.540596128 -0.739602685 -0.344943762 -0.506211877 0.278839201
1403715415762142976.000000 -1.079519272 -0.668378592 0.493337601 -0.733068228 -0.358462930 -0.524417877 0.243107513
1403715416162142976.000000 -1.085855961 -0.663105667 0.496924818 -0.731012523 -0.358619094 -0.527967095 0.241378918
1403715416362142976.000000 -1.085605979 -0.662687898 0.496142775 -0.733497202 -0.358460963 -0.524554670 0.241516367
1403715416862142976.000000 -1.085497022 -0.664122581 0.494600832 -0.734179974 -0.358018786 -0.523658454 0.242041722
1403715417062142976.000000 -1.086353898 -0.664650977 0.494097829 -0.734075487 -0.357932538 -0.523807228 0.242164060
1403715417462142976.000000 -1.087425470 -0.664961517 0.493930638 -0.734313667 -0.357685626 -0.523490191 0.242492154
1403715417962142976.000000 -1.087578773 -0.665177047 0.493859202 -0.734346092 -0.357493579 -0.523503184 0.242649153
1403715418462142976.000000 -1.086801171 -0.664681256 0.493908346 -0.734402895 -0.357365757 -0.523496330 0.242680356
