1403638147795097088.000000 -5.201291084 -0.018069521 18.267187119 -0.585124850 -0.600625038 -0.377170712 0.393218547
1403638148095097088.000000 -5.201513767 0.008784186 18.301488876 -0.576534808 -0.583332419 -0.397729695 0.411268830
1403638149845096960.000000 -5.320282459 0.312201887 18.694898605 -0.549879432 -0.607194960 -0.384960681 0.425149530
1403638151495097088.000000 -5.977087021 0.742083430 18.641162872 -0.438809067 -0.697099626 -0.309372544 0.475170910
1403638151845096960.000000 -6.203199387 0.839805841 18.686040878 -0.403581798 -0.718472898 -0.283838123 0.490259409
1403638152045096960.000000 -6.338916779 0.894329190 18.743852615 -0.398892015 -0.722534120 -0.281197131 0.489650786
1403638152495097088.000000 -6.674645901 1.009676337 18.800201416 -0.396291584 -0.725045145 -0.290246606 0.482721031
1403638153145096960.000000 -7.273456097 1.157501101 18.855863571 -0.366135925 -0.741630912 -0.249949709 0.503441572
1403638153445096960.000000 -7.566059113 1.235795259 18.904895782 -0.340417743 -0.757908046 -0.234086022 0.504871249
1403638153845096960.000000 -7.998653889 1.343750119 18.982069016 -0.278843045 -0.781661034 -0.206261739 0.518371046
1403638154045096960.000000 -8.234206200 1.392380714 18.999143600 -0.265567660 -0.780089319 -0.194258258 0.532163858
1403638154495097088.000000 -8.762123108 1.467973351 18.969203949 -0.253816605 -0.764083326 -0.202796414 0.557339728
1403638155145096960.000000 -9.456204414 1.404730439 19.024442673 -0.212626889 -0.787505388 -0.177078053 0.550698280
1403638155295097088.000000 -9.612909317 1.362650514 19.054227829 -0.201110512 -0.786255956 -0.169414237 0.559155643
1403638155445096960.000000 -9.766890526 1.309249997 19.069854736 -0.185284570 -0.785478890 -0.166157827 0.566642940
1403638155595097088.000000 -9.916400909 1.241695523 19.070571899 -0.170946270 -0.786820769 -0.150114864 0.573721290
1403638156395097088.000000 -10.557248116 0.744843721 19.055063248 -0.043452628 -0.827435732 -0.017985508 0.559587955
1403638156595097088.000000 -10.706582069 0.630005598 19.058816910 -0.031087177 -0.830642939 -0.005872961 0.555905998
1403638156745096960.000000 -10.826558113 0.552038848 19.046161652 -0.028302839 -0.831133723 -0.004327034 0.555335104
1403638157195097088.000000 -11.235897064 0.358769476 19.008554459 -0.035924435 -0.836510718 -0.010593746 0.546669126
1403638157595097088.000000 -11.669154167 0.221137911 19.042564392 -0.017118210 -0.828705430 -0.011631231 0.559302211
1403638157945096960.000000 -12.074232101 0.086809106 19.070446014 0.043003388 -0.819266379 0.021938395 0.571377456
1403638158295097088.000000 -12.465766907 -0.058474571 19.114007950 0.071080692 -0.818955898 0.060489189 0.566215456
1403638158545096960.000000 -12.738778114 -0.149033040 19.110174179 0.083556689 -0.816597819 0.052980445 0.568664491
1403638158745096960.000000 -12.950787544 -0.224091917 19.094850540 0.080819063 -0.815840006 0.053362407 0.570110440
1403638159145096960.000000 -13.364908218 -0.376349509 19.116401672 0.067702621 -0.836474955 0.060445040 0.540437341
1403638159795097088.000000 -14.113918304 -0.545347333 19.216373444 0.040852498 -0.792512655 0.093921117 0.601193607
1403638160195097088.000000 -14.449315071 -0.497195870 19.409372330 0.067949183 -0.804306388 0.061117139 0.587144673
1403638160545096960.000000 -14.684486389 -0.427958548 19.661636353 0.073245674 -0.826194763 0.056891393 0.555698335
1403638160895097088.000000 -14.944354057 -0.363025337 19.878469467 0.055603981 -0.813894928 0.066006094 0.574566305
1403638161045096960.000000 -15.053278923 -0.324239314 19.958436966 0.033973709 -0.805914700 0.056034982 0.588393986
1403638161245096960.000000 -15.179265976 -0.255795211 20.051368713 -0.000302926 -0.809326351 0.025819117 0.586791515
1403638162045096960.000000 -15.622579575 0.109762356 20.290361404 -0.092152357 -0.815420866 -0.037335210 0.570265591
1403638163695097088.000000 -16.388227463 1.483589649 20.674205780 -0.175100148 -0.796421647 -0.107034162 0.568855166
1403638166095097088.000000 -15.943185806 4.080413818 20.949541092 -0.218335137 -0.785575390 -0.146116808 0.560223997
1403638166295097088.000000 -15.805058479 4.269512653 20.976602554 -0.211880147 -0.791716039 -0.148119763 0.553491771
1403638166495097088.000000 -15.671926498 4.446114063 21.069194794 -0.206656829 -0.794382989 -0.149561599 0.551253200
1403638166895097088.000000 -15.428455353 4.771497250 21.198461533 -0.222208843 -0.800634980 -0.117939331 0.543780446
1403638167295097088.000000 -15.242137909 5.148647308 21.273193359 -0.216623247 -0.813633204 -0.124029756 0.525063753
1403638167495097088.000000 -15.195836067 5.367460728 21.339733124 -0.216033995 -0.809187114 -0.126780540 0.531481206
1403638167895097088.000000 -15.143075943 5.841320038 21.407051086 -0.253045052 -0.785378337 -0.123814158 0.551197946
1403638168645096960.000000 -14.971020699 6.924864769 21.559701920 -0.318138391 -0.769607484 -0.210375443 0.512088239
1403638169395097088.000000 -14.958954811 8.043031693 21.527259827 -0.336391062 -0.742783189 -0.198853642 0.543664932
1403638169795097088.000000 -14.918571472 8.646506310 21.472711563 -0.383934408 -0.711772919 -0.249722302 0.532552898
1403638169945096960.000000 -14.870683670 8.863463402 21.483991623 -0.397282213 -0.702758372 -0.289859921 0.514080465
1403638170295097088.000000 -14.751382828 9.301110268 21.519071579 -0.459811181 -0.651506484 -0.334088802 0.502491593
1403638170445096960.000000 -14.691768646 9.457427979 21.509792328 -0.492298871 -0.633977294 -0.342577666 0.488216281
1403638170745096960.000000 -14.539518356 9.736788750 21.511785507 -0.542980731 -0.586364567 -0.364278793 0.478173077
1403638171095097088.000000 -14.281317711 9.987542152 21.543432236 -0.584525228 -0.544287920 -0.400646985 0.448957622
1403638171295097088.000000 -14.103708267 10.091369629 21.540901184 -0.597599983 -0.526876152 -0.411399931 0.442748219
1403638171795097088.000000 -13.554398537 10.197363853 21.505287170 -0.619814217 -0.489817739 -0.426036894 0.440909803
1403638172145096960.000000 -13.057586670 10.107711792 21.513586044 -0.625407815 -0.472670197 -0.445420384 0.432491213
1403638172345096960.000000 -12.741837502 9.988120079 21.507198334 -0.626418650 -0.473851353 -0.448394150 0.426623106
1403638172495097088.000000 -12.495983124 9.872585297 21.474714279 -0.624747753 -0.472410351 -0.449170411 0.429842681
1403638172895097088.000000 -11.794342995 9.459266663 21.304443359 -0.621390462 -0.472856969 -0.442030162 0.441462845
1403638173045096960.000000 -11.510067940 9.256092072 21.220794678 -0.625169694 -0.476623476 -0.430431843 0.443532825
1403638174095097088.000000 -9.289237022 7.518250942 20.315734863 -0.619541705 -0.512149870 -0.440231740 0.400083184
1403638174245096960.000000 -8.985798836 7.240898609 20.191402435 -0.622018516 -0.517328441 -0.437208712 0.392826617
1403638174345096960.000000 -8.787080765 7.055918694 20.101968765 -0.625418901 -0.521139860 -0.431855530 0.388285011
1403638174645096960.000000 -8.201793671 6.528198719 19.836307526 -0.630985558 -0.530961871 -0.421570122 0.377114415
1403638174795097088.000000 -7.915479660 6.280687809 19.723787308 -0.633402884 -0.537109971 -0.417214543 0.369114935
1403638174945096960.000000 -7.637350082 6.049440384 19.627439499 -0.634291351 -0.540055752 -0.416060537 0.364565343
1403638175095097088.000000 -7.368439198 5.836664200 19.545246124 -0.634318292 -0.539119065 -0.417618334 0.364123642
1403638175845096960.000000 -6.157557964 5.124700069 19.356595993 -0.655454874 -0.565220118 -0.388234347 0.316511184
1403638176045096960.000000 -5.874124050 5.069006920 19.304485321 -0.643965125 -0.569374382 -0.402211070 0.315195352
1403638176945096960.000000 -4.978689194 5.199687481 19.254829407 -0.619374275 -0.542455196 -0.441387773 0.356784016
1403638177445096960.000000 -4.735691071 5.342905521 19.240097046 -0.618056118 -0.546908200 -0.444701642 0.348049760
1403638178145096960.000000 -4.546555519 5.599183559 19.086940765 -0.633587420 -0.499448538 -0.447815031 0.385460556
1403638179595097088.000000 -3.765461445 5.551729679 18.898937225 -0.759888113 -0.319236875 -0.514072716 0.237459987
1403638179895097088.000000 -3.539077044 5.534798622 18.830869675 -0.777927935 -0.260000259 -0.535088360 0.202258766
1403638180095097088.000000 -3.384876013 5.519091606 18.810518265 -0.794768453 -0.234840691 -0.529411793 0.181428328
1403638180545096960.000000 -2.999078989 5.488790035 18.759914398 -0.800200522 -0.226186752 -0.530597448 0.164271116
1403638180995097088.000000 -2.550903082 5.493141174 18.719686508 -0.803148925 -0.237819791 -0.520159543 0.166816115
1403638181745096960.000000 -1.659823537 5.510897160 18.580343246 -0.794587433 -0.148931682 -0.567480803 0.156255513
1403638181945096960.000000 -1.428109288 5.453297138 18.570163727 -0.807361066 -0.123150133 -0.566099048 0.111955091
1403638182345096960.000000 -0.979243517 5.316919804 18.607864380 -0.828915834 -0.087237082 -0.544930637 0.091317840
1403638182745096960.000000 -0.479690939 5.164931774 18.684520721 -0.833323419 -0.104536861 -0.537803471 0.073562548
1403638183095097088.000000 0.008348521 5.054117680 18.760314941 -0.819861650 -0.108869888 -0.556095600 0.082048669
1403638183845096960.000000 1.093728423 4.914858818 18.768413544 -0.814910233 -0.122508176 -0.562177718 0.069779493
1403638184745096960.000000 2.352693796 5.032152176 18.889328003 -0.816665888 -0.115925878 -0.560970902 0.070212565
1403638185045096960.000000 2.751976728 5.127320290 18.919286728 -0.815375686 -0.114868790 -0.563091576 0.069968432
1403638185895097088.000000 3.770147324 5.579971313 19.045831680 -0.804612279 -0.151330829 -0.562695801 0.114331119
1403638186045096960.000000 3.924148560 5.679923534 19.057518005 -0.809409201 -0.150302500 -0.553223431 0.127317607
1403638186245096960.000000 4.132784367 5.801833153 19.061418533 -0.809507608 -0.160875186 -0.552442789 0.116720304
1403638186695097088.000000 4.595213890 6.072450638 19.118061066 -0.807677984 -0.168712035 -0.555873334 0.100982465
1403638189495097088.000000 5.286610126 7.733424187 19.518810272 -0.725865543 -0.373074949 -0.513744354 0.264577240
1403638190595097088.000000 4.639636040 7.870058537 19.600378036 -0.690234780 -0.418231249 -0.525906622 0.268478751
1403638190695097088.000000 4.569225788 7.892018795 19.585441589 -0.690108597 -0.420640528 -0.521419883 0.273739100
1403638190795097088.000000 4.491464615 7.912146568 19.573511124 -0.690556467 -0.420300037 -0.517067134 0.281285077
1403638190895097088.000000 4.408732414 7.931229591 19.567008972 -0.694023132 -0.417590231 -0.509746969 0.290014446
1403638191145096960.000000 4.187412262 7.963069439 19.585075378 -0.693739057 -0.414898515 -0.507206678 0.298875839
1403638191745096960.000000 3.642576456 8.002458572 19.676185608 -0.707518816 -0.425904512 -0.491082400 0.277237326
1403638192045096960.000000 3.372156382 8.057652473 19.664981842 -0.705304563 -0.428782344 -0.494425327 0.272460788
1403638194845096960.000000 0.497353911 7.273310661 20.443845749 -0.699952245 -0.444980830 -0.469010651 0.303460062
1403638197095097088.000000 -0.821953714 7.011080265 20.365739822 -0.700442016 -0.441440582 -0.469728768 0.306375653
1403638197845096960.000000 -1.014154077 7.302171707 20.535158157 -0.682027459 -0.443295360 -0.494927317 0.305572867
1403638198245096960.000000 -1.174851418 7.435562611 20.537525177 -0.679283977 -0.433462501 -0.497723997 0.320865035
1403638198695097088.000000 -1.398146033 7.512629986 20.358076096 -0.665414751 -0.459613293 -0.514865279 0.284416407
1403638199645096960.000000 -2.555279732 7.649317265 20.373806000 -0.656487346 -0.469803214 -0.521075487 0.277109653
1403638199845096960.000000 -2.931977272 7.678524971 20.452672958 -0.661685288 -0.471585363 -0.498422652 0.302249521
1403638199995097088.000000 -3.226466656 7.699618340 20.498962402 -0.663297236 -0.473485023 -0.486944169 0.314219922
1403638200145096960.000000 -3.524667740 7.720616817 20.535118103 -0.652876019 -0.486564845 -0.484339625 0.320035458
1403638200295097088.000000 -3.829450130 7.740432739 20.575672150 -0.631349146 -0.501169801 -0.488138407 0.334586322
1403638200445096960.000000 -4.145109177 7.756381512 20.628826141 -0.612141609 -0.518233657 -0.486381799 0.346625596
1403638200595097088.000000 -4.472093582 7.766489029 20.696304321 -0.597371042 -0.537299454 -0.483526349 0.347360611
1403638200745096960.000000 -4.815719128 7.771325588 20.775878906 -0.581651926 -0.557571054 -0.479626149 0.347497374
1403638200895097088.000000 -5.177701473 7.770533562 20.850013733 -0.578333855 -0.568207622 -0.468550920 0.350898921
1403638201345096960.000000 -6.328781605 7.751845360 20.977142334 -0.591779351 -0.555693328 -0.445443988 0.377599925
1403638201495097088.000000 -6.714694977 7.741209507 20.986804962 -0.592244804 -0.553514183 -0.448365599 0.376611918
1403638201795097088.000000 -7.488226891 7.707481861 20.954647064 -0.592381120 -0.549176812 -0.454487473 0.375407308
1403638201945096960.000000 -7.877200603 7.682294846 20.916004181 -0.592820227 -0.549292445 -0.452033997 0.377501488
1403638202095097088.000000 -8.269200325 7.645142078 20.882101059 -0.590179384 -0.554392040 -0.442175239 0.385770589
1403638202445096960.000000 -9.165242195 7.534285069 20.847663879 -0.595060170 -0.564102292 -0.415596306 0.393664449
1403638202845096960.000000 -10.116533279 7.432281017 20.760749817 -0.596460700 -0.564155459 -0.412117988 0.395122647
1403638203295097088.000000 -11.086738586 7.333122253 20.669878006 -0.590285838 -0.558669090 -0.422883451 0.400775522
1403638203445096960.000000 -11.390360832 7.295262337 20.657865524 -0.590087593 -0.556220770 -0.422684312 0.404664338
1403638203595097088.000000 -11.683816910 7.254059315 20.633968353 -0.592540324 -0.555079103 -0.419320136 0.406144887
1403638203945096960.000000 -12.320530891 7.140301228 20.618608475 -0.591591895 -0.557356417 -0.418998301 0.404738486
1403638204095097088.000000 -12.574992180 7.083112240 20.635627747 -0.592853785 -0.559144974 -0.415106177 0.404435605
1403638204295097088.000000 -12.896885872 7.004426479 20.682355881 -0.603586555 -0.557708800 -0.398174793 0.407554895
1403638204445096960.000000 -13.118120193 6.949975491 20.724969864 -0.615526676 -0.554028094 -0.381973803 0.410214335
1403638204645096960.000000 -13.377919197 6.889710426 20.769725800 -0.614316225 -0.553209901 -0.380883425 0.414128393
1403638204845096960.000000 -13.602341652 6.840750217 20.787811279 -0.589029849 -0.577144623 -0.386699051 0.412809461
1403638205045096960.000000 -13.811553955 6.799163342 20.780014038 -0.542380631 -0.616457462 -0.381676048 0.424413621
1403638205245096960.000000 -14.024787903 6.759645939 20.765720367 -0.483096600 -0.662530959 -0.347074419 0.455202967
1403638205445096960.000000 -14.241904259 6.718889713 20.781793594 -0.412191719 -0.702395082 -0.307688385 0.492003143
1403638205645096960.000000 -14.453867912 6.666616440 20.827201843 -0.349653840 -0.727561533 -0.301372170 0.507514894
1403638205845096960.000000 -14.674196243 6.582958221 20.896274567 -0.312660158 -0.739139378 -0.294471622 0.518847883
1403638206045096960.000000 -14.912644386 6.454859734 20.982316971 -0.282960534 -0.755070448 -0.261755675 0.530364096
1403638206445096960.000000 -15.401447296 6.092171192 21.167184830 -0.232303187 -0.768129289 -0.197290182 0.563106656
1403638206645096960.000000 -15.626851082 5.880282879 21.224128723 -0.225233227 -0.765982449 -0.183562279 0.573450863
1403638207445096960.000000 -16.275297165 4.914139748 21.184732437 -0.177025929 -0.767193139 -0.143299624 0.599618077
1403638207645096960.000000 -16.353242874 4.640683174 21.149099350 -0.149371773 -0.779631615 -0.115685828 0.597059071
1403638208045096960.000000 -16.414791107 4.107703209 21.163274765 -0.135826170 -0.802841604 -0.084754527 0.574293792
1403638208245096960.000000 -16.420152664 3.862954855 21.174806595 -0.135714382 -0.795050979 -0.086546481 0.584795177
1403638208645096960.000000 -16.387205124 3.404928207 21.140953064 -0.123324156 -0.804585040 -0.077718966 0.575668097
1403638208845096960.000000 -16.356012344 3.190728903 21.152389526 -0.108111888 -0.805466652 -0.063008927 0.579279840
1403638209095097088.000000 -16.302627563 2.942379713 21.152978897 -0.095124394 -0.805823207 -0.056457814 0.581732631
1403638209495097088.000000 -16.184967041 2.584258795 21.067737579 -0.094241112 -0.805311322 -0.049875751 0.583184958
1403638209895097088.000000 -16.040220261 2.277929068 20.790637970 -0.092657536 -0.802900136 -0.057051901 0.586098135
1403638210295097088.000000 -15.839629173 2.000306606 20.412536621 -0.090936176 -0.789377511 -0.060320128 0.604131937
1403638210495097088.000000 -15.694025040 1.864635229 20.241786957 -0.091909662 -0.789694369 -0.059646163 0.603637040
1403638210895097088.000000 -15.319710732 1.602862477 19.871469498 -0.095889144 -0.790054917 -0.056192871 0.602877259
1403638211295097088.000000 -14.853098869 1.368493080 19.601264954 -0.099228494 -0.800997257 -0.050960988 0.588183761
1403638211495097088.000000 -14.608601570 1.272855163 19.492652893 -0.115050107 -0.799958646 -0.061067168 0.585747838
1403638211745096960.000000 -14.286339760 1.172120571 19.327781677 -0.162651002 -0.791453183 -0.083711341 0.583214462
1403638211945096960.000000 -14.017245293 1.111985207 19.191127777 -0.214582279 -0.780717671 -0.107770398 0.576905608
1403638212195097088.000000 -13.665068626 1.070323110 19.062198639 -0.266203225 -0.765481532 -0.150568172 0.566129923
1403638212395097088.000000 -13.368349075 1.053473234 18.997564316 -0.304631799 -0.751402378 -0.184998602 0.555310309
1403638212645096960.000000 -12.980603218 1.044165134 18.961851120 -0.356011927 -0.729512811 -0.218681455 0.541521013
1403638212895097088.000000 -12.572420120 1.040388346 18.969438553 -0.407716274 -0.704318345 -0.255254209 0.522061825
1403638213095097088.000000 -12.234332085 1.042716742 18.998785019 -0.452661127 -0.678713918 -0.285130858 0.503135860
1403638213295097088.000000 -11.887855530 1.051390171 19.022857666 -0.507625818 -0.651330411 -0.298200458 0.478707969
1403638213445096960.000000 -11.621291161 1.068078876 19.023797989 -0.550588727 -0.627641082 -0.301097840 0.460715652
1403638213645096960.000000 -11.245325089 1.115676403 19.012767792 -0.576737761 -0.597005069 -0.334694028 0.446025133
1403638213845096960.000000 -10.853732109 1.181071639 19.015165329 -0.570177078 -0.585100055 -0.376942605 0.436429173
1403638214045096960.000000 -10.462781906 1.248079896 19.038492203 -0.571027994 -0.586946368 -0.382587790 0.427840650
1403638214245096960.000000 -10.079794884 1.315687418 19.077663422 -0.575901210 -0.600273967 -0.369581550 0.414027244
1403638214645096960.000000 -9.344115257 1.503867269 19.108465195 -0.561100781 -0.606326997 -0.371026397 0.424114376
1403638215045096960.000000 -8.647170067 1.710062623 19.055801392 -0.544628501 -0.602773011 -0.380564809 0.441831499
1403638215495097088.000000 -7.915555000 1.897834659 18.931406021 -0.539438665 -0.612185657 -0.386616170 0.429840356
1403638216695097088.000000 -6.375738621 2.163310051 18.798070908 -0.551577270 -0.596827090 -0.400184244 0.423571289
1403638216945096960.000000 -6.124646187 2.172390699 18.744569778 -0.553510368 -0.587808192 -0.412098259 0.422235578
1403638219695097088.000000 -5.309527874 1.609930396 18.706493378 -0.606985450 -0.524328649 -0.444057673 0.399325520
1403638221845096960.000000 -5.296907425 0.506594539 18.629396439 -0.625571668 -0.529286146 -0.428935230 0.380172282
1403638222195097088.000000 -5.298670769 0.365843832 18.653013229 -0.622909904 -0.537149787 -0.432061523 0.369832784
1403638222445096960.000000 -5.304834366 0.276181221 18.650342941 -0.629727900 -0.541610837 -0.422789872 0.362421453
1403638222945096960.000000 -5.318472385 0.161661327 18.587783813 -0.615467250 -0.527892947 -0.442504644 0.383038819
1403638223245096960.000000 -5.335500240 0.085183084 18.557950974 -0.629347742 -0.536174953 -0.423062205 0.370750904
1403638223545096960.000000 -5.346982479 0.016525753 18.541128159 -0.635240018 -0.523069143 -0.414708853 0.388439745
1403638223795097088.000000 -5.330634117 -0.030976757 18.515085220 -0.623736024 -0.533689022 -0.432328165 0.373124331
1403638224045096960.000000 -5.314905643 -0.074537538 18.480709076 -0.620296478 -0.540416062 -0.436831057 0.363815218
1403638224295097088.000000 -5.313389778 -0.105502293 18.439575195 -0.627552271 -0.544698834 -0.425908089 0.357887685
1403638224545096960.000000 -5.322481632 -0.112829134 18.409576416 -0.619919121 -0.529108703 -0.437458187 0.379966706
1403638224795097088.000000 -5.334805012 -0.122688189 18.377586365 -0.630274355 -0.541107476 -0.422591448 0.362454683
1403638225195097088.000000 -5.352263927 -0.111586779 18.379013062 -0.623570204 -0.530755460 -0.429483920 0.380791724
1403638225445096960.000000 -5.351820469 -0.102714509 18.388082504 -0.621704936 -0.537219107 -0.431087494 0.372883499
1403638225695097088.000000 -5.354968071 -0.091323584 18.364133835 -0.604748189 -0.524474382 -0.454470396 0.390721142
1403638225945096960.000000 -5.368062496 -0.103939310 18.282531738 -0.622091711 -0.541218638 -0.430138916 0.367511660
1403638226095097088.000000 -5.383956432 -0.101371519 18.261304855 -0.636141896 -0.538558900 -0.406121612 0.374623775
1403638226345096960.000000 -5.401866913 -0.086931348 18.258073807 -0.627694488 -0.548735499 -0.418474734 0.360233068
1403638226645096960.000000 -5.399307251 -0.080480292 18.271604538 -0.627277672 -0.548052669 -0.418910801 0.361489683
1403638227145096960.000000 -5.395415306 -0.076852888 18.285093307 -0.627557576 -0.548636436 -0.418556303 0.360527784
1403638227645096960.000000 -5.395029068 -0.077130228 18.286970139 -0.627848208 -0.548649609 -0.417917043 0.360743225
1403638228145096960.000000 -5.395399570 -0.077698573 18.286727905 -0.628180504 -0.548584998 -0.417409331 0.360850573
1403638228645096960.000000 -5.394771576 -0.076610468 18.286167145 -0.628352225 -0.548653305 -0.417034119 0.360881835
