1403637149738319104.000000 -0.384431839 0.274013102 0.386654168 -0.608850002 -0.526696026 -0.418398410 0.420518488
1403637151088318976.000000 -0.167654186 0.495919108 0.637757242 -0.610694587 -0.530729830 -0.443856537 0.385187417
1403637153338319104.000000 0.241011471 0.915113688 0.935021400 -0.611717284 -0.541726112 -0.429018527 0.385068804
1403637155288318976.000000 0.746389329 1.423122048 0.929368556 -0.652708232 -0.498397231 -0.451912045 0.348350048
1403637156988318976.000000 1.571544409 1.856144786 0.700971723 -0.788591087 -0.235343948 -0.538345218 0.181443796
1403637159738319104.000000 4.173342705 0.582232058 0.501263499 -0.810072601 -0.147698104 -0.554067791 0.122379087
1403637160838319104.000000 5.299417019 -0.363623887 0.306559622 0.824105799 -0.049612638 0.563386500 0.031368069
1403637163338319104.000000 6.659865379 -2.923265219 0.464406133 0.745573580 -0.248964801 0.593435943 0.173119947
1403637163488318976.000000 6.569214821 -3.075157642 0.427010298 0.734309554 -0.292419672 0.582505226 0.189652190
1403637164538319104.000000 5.470289230 -4.214575291 0.538728952 0.739306629 -0.343258202 0.549205422 0.184317634
1403637167388318976.000000 2.739816427 -6.371469975 0.338953435 0.745086372 -0.286208838 0.490764618 0.349400818
1403637169038319104.000000 4.145542145 -4.571317196 -0.080983736 0.760510504 -0.307192117 0.518933773 0.240758330
1403637171888318976.000000 5.553484917 0.097253352 -0.506121695 -0.743261039 -0.230438083 -0.612122834 0.140595198
1403637173388318976.000000 3.660263777 1.342391491 -0.474806219 -0.841325581 -0.075570777 -0.520619988 0.124157824
1403637173738319104.000000 3.511745691 1.351920962 -0.560039401 0.840287864 -0.013936956 0.533587694 -0.094901860
1403637174038319104.000000 3.504431486 1.229421854 -0.653360367 0.853524089 -0.045771550 0.517008483 -0.045866098
1403637174288318976.000000 3.594435215 1.049226046 -0.630916595 0.811721027 -0.036548480 0.582783699 -0.011678513
1403637174488318976.000000 3.664732218 0.890730262 -0.585535526 0.802744627 -0.054732479 0.592850566 -0.033671342
1403637174888318976.000000 3.736526251 0.470222235 -0.473010331 0.794629514 -0.107561909 0.596815467 0.028385762
1403637177738319104.000000 1.522388935 -3.574938536 -0.532733560 0.825026035 -0.204663545 0.501003623 0.162604451
1403637180638319104.000000 3.886542320 -4.451659679 -0.989368498 0.777962029 -0.294578820 0.513035774 0.211642712
1403637181738319104.000000 5.374164581 -3.356843233 -0.636501908 0.751067936 -0.308930039 0.531795979 0.240108997
1403637181988318976.000000 5.705156326 -3.025327921 -0.498688459 0.744586051 -0.317735136 0.538133442 0.234624058
1403637182888318976.000000 6.563825607 -1.719903946 -0.123609759 0.717643261 -0.312435925 0.582340479 0.219662294
1403637183138319104.000000 6.645287514 -1.306771874 -0.068328843 0.709047735 -0.328246444 0.591316760 0.199624851
1403637183838319104.000000 6.386028767 -0.205977917 -0.206338376 0.708175302 -0.353189498 0.588612974 0.165166065
1403637184088318976.000000 6.092453003 0.112229884 -0.247965008 0.712648332 -0.368043363 0.579164028 0.145758688
1403637184338319104.000000 5.699994564 0.347858220 -0.250381261 0.727068186 -0.353086084 0.562533438 0.173949122
1403637184838319104.000000 4.839103222 0.677757978 -0.390660822 0.767782331 -0.342338711 0.508586884 0.186155766
1403637185088318976.000000 4.443845749 0.761940479 -0.416153491 0.774432480 -0.342109770 0.498890996 0.185264558
1403637185338319104.000000 4.096952438 0.775398910 -0.386996359 0.780629098 -0.342460215 0.488497078 0.186306104
1403637185588318976.000000 3.805333138 0.725940883 -0.304814041 0.785573721 -0.337137759 0.480158389 0.196621746
1403637185988318976.000000 3.455004692 0.557569444 -0.163191885 0.760684729 -0.323874116 0.517487049 0.220616058
1403637186438319104.000000 3.144034863 0.358151585 -0.011242524 0.751446068 -0.322976738 0.530809402 0.221937343
1403637186788318976.000000 2.930454254 0.216150999 0.158558041 0.747608721 -0.338344097 0.533353209 0.205277756
1403637187138319104.000000 2.694491386 0.049160615 0.234643459 0.738262415 -0.358326584 0.543009639 0.178076357
1403637187638319104.000000 2.295771837 -0.322275639 0.229399890 0.758816063 -0.362829775 0.498060524 0.210923135
1403637188038319104.000000 2.039648294 -0.726686239 0.182705551 0.760511518 -0.364820957 0.491621912 0.216415569
1403637188388318976.000000 1.893093467 -1.148876905 0.116080947 0.749015033 -0.345948100 0.508894384 0.245607346
1403637189038319104.000000 1.675867915 -1.885089636 -0.118680894 0.706387758 -0.416900992 0.513003886 0.253055483
1403637191788318976.000000 0.271386206 -4.479254723 -0.213686526 0.730175316 -0.370634526 0.508311093 0.266634434
1403637192188318976.000000 0.117015496 -4.627361774 -0.101050146 0.744753659 -0.369256377 0.480964541 0.278684080
1403637192488318976.000000 0.104390144 -4.711892605 0.031308576 0.746798873 -0.369174123 0.475805581 0.282154322
1403637192938319104.000000 0.229743794 -4.842282295 0.146858186 0.740502596 -0.383586109 0.486079812 0.261235654
1403637193788318976.000000 0.655542552 -5.295386314 0.390109718 0.739723444 -0.375862718 0.489186227 0.268762618
1403637194188318976.000000 0.936752617 -5.553588390 0.468670249 0.731171787 -0.372364968 0.501564920 0.274161994
1403637194588318976.000000 1.266850948 -5.779147148 0.492138773 0.735133827 -0.378113389 0.494844049 0.267839253
1403637197438319104.000000 4.456859589 -5.146361828 0.510162234 0.750452459 -0.286879897 0.553074121 0.220522091
1403637199638319104.000000 5.607170105 -0.061771177 0.958141148 -0.768521428 -0.138902023 -0.619121373 0.082278773
1403637199838319104.000000 5.471725464 0.464087158 0.929552794 -0.754338026 -0.171632051 -0.616514862 0.146375895
1403637200038319104.000000 5.301649094 0.956403613 0.830830097 -0.724741399 -0.204947248 -0.616172194 0.230387673
1403637200238319104.000000 5.089628696 1.366270781 0.710913897 -0.696544409 -0.265072405 -0.605501294 0.279160827
1403637200388318976.000000 4.905178070 1.608091831 0.612498641 -0.699007928 -0.320235163 -0.580036104 0.269064099
1403637202938319104.000000 3.027768135 1.981517673 0.491919637 -0.768639147 -0.282507241 -0.538000226 0.199848071
1403637205838319104.000000 3.072166681 1.128130317 0.399701059 -0.760788441 -0.296138704 -0.541551054 0.200562671
1403637208338319104.000000 2.509685755 0.970929325 0.557684660 -0.769878149 -0.276070774 -0.537026048 0.206580505
1403637211238319104.000000 3.002043724 2.384215117 0.259388924 -0.764979362 -0.320482045 -0.502213776 0.244701982
1403637212538319104.000000 4.611367702 4.137427807 -0.021607272 -0.751353323 -0.311801612 -0.531802237 0.235444978
1403637212738319104.000000 4.852697849 4.353494644 0.017275330 -0.761282027 -0.315356344 -0.519312918 0.226526543
1403637212938319104.000000 5.094070911 4.569755554 0.066885039 -0.761966467 -0.320913017 -0.518198669 0.218842402
1403637213138319104.000000 5.333157539 4.791314602 0.120132312 -0.761916280 -0.323062986 -0.515842974 0.221404314
1403637213538319104.000000 5.806035519 5.243326187 0.162645161 -0.756272495 -0.322419107 -0.521946073 0.227310359
1403637213738319104.000000 6.032665730 5.466264248 0.155152768 -0.749304235 -0.335406929 -0.531236947 0.209362894
1403637213938319104.000000 6.237641335 5.694707870 0.124443054 -0.749305964 -0.341963291 -0.529666603 0.202620417
1403637214138319104.000000 6.419179440 5.942623138 0.102716684 -0.740380764 -0.342300653 -0.534616947 0.221023470
1403637214388318976.000000 6.609892368 6.261176109 0.116040610 -0.716228008 -0.367483497 -0.536747038 0.252736866
1403637214588318976.000000 6.722579002 6.503357887 0.153157562 -0.682881713 -0.415492833 -0.539405346 0.264726788
1403637214788318976.000000 6.784407139 6.734633923 0.211875558 -0.653120518 -0.449719191 -0.546629250 0.269040436
1403637214988318976.000000 6.780381203 6.957673550 0.273572266 -0.644804657 -0.458360165 -0.545171201 0.277347088
1403637215588318976.000000 6.385588646 7.516022682 0.344026238 -0.618591845 -0.457246393 -0.536170423 0.347550482
1403637215788318976.000000 6.150276661 7.619966507 0.372615486 -0.603261530 -0.496302068 -0.503704071 0.368838876
1403637215988318976.000000 5.886120319 7.678268909 0.425126255 -0.592847586 -0.532372117 -0.464351803 0.386638284
1403637216188318976.000000 5.611643314 7.704714298 0.495175958 -0.579322577 -0.552334130 -0.437312841 0.409963191
1403637216838319104.000000 4.789061546 7.593048573 0.591737390 -0.557971239 -0.535257280 -0.444577128 0.452237576
1403637217338319104.000000 4.273502350 7.168762207 0.650345504 -0.588673413 -0.520201266 -0.419016004 0.455280095
1403637217638319104.000000 4.062067032 6.800015450 0.620518863 -0.582857668 -0.522560537 -0.421737313 0.457542539
1403637218038319104.000000 3.858193398 6.181644440 0.596489549 -0.509712279 -0.593105495 -0.418338686 0.461965352
1403637218238319104.000000 3.759058952 5.814679146 0.601632059 -0.500327408 -0.610914409 -0.399258524 0.465884805
1403637218438319104.000000 3.662312031 5.424828053 0.586270928 -0.495316088 -0.616050601 -0.394881964 0.468200803
1403637218638319104.000000 3.566382408 5.011654377 0.569364846 -0.496078253 -0.617355824 -0.394614309 0.465894580
1403637218838319104.000000 3.468184710 4.580646992 0.563414693 -0.501967669 -0.621088445 -0.392653644 0.456180543
1403637219038319104.000000 3.364802361 4.139499664 0.506293118 -0.497830331 -0.627594531 -0.403313190 0.442299157
1403637219238319104.000000 3.244144678 3.689483643 0.430500150 -0.498737603 -0.627428889 -0.404182434 0.440715730
1403637219438319104.000000 3.103838444 3.223631382 0.377952188 -0.504900694 -0.626930535 -0.398071289 0.439968914
1403637219838319104.000000 2.779949427 2.305307865 0.351365745 -0.528983116 -0.639334977 -0.369488895 0.418217152
1403637220088318976.000000 2.555851936 1.796292067 0.399030209 -0.532341719 -0.639948487 -0.364926785 0.417021245
1403637220488318976.000000 2.175548792 1.091553450 0.566930830 -0.540674686 -0.623815298 -0.356044233 0.437901855
1403637223138319104.000000 1.030232191 -1.011591792 0.360406786 -0.667039692 -0.504047692 -0.429885775 0.340870023
1403637223888318976.000000 1.048012614 -0.999353051 0.596551180 -0.641608596 -0.505110204 -0.452359557 0.358570874
1403637224838319104.000000 1.033105493 -0.922628045 0.523457050 -0.643030405 -0.499382049 -0.451597452 0.364951104
1403637226788318976.000000 0.637836099 -1.067705870 0.565195918 -0.645072997 -0.520283818 -0.441479743 0.343920588
1403637228588318976.000000 0.379823655 -0.881193042 0.487643719 -0.628066123 -0.501879394 -0.469982117 0.364371866
1403637228838319104.000000 0.346856177 -0.896778166 0.518737853 -0.639066815 -0.504883468 -0.454818040 0.360315055
1403637229338319104.000000 0.259207994 -0.947779655 0.513178110 -0.634811580 -0.503533840 -0.467412978 0.353543639
1403637229588318976.000000 0.204360828 -0.989815056 0.467548311 -0.682535231 -0.467531502 -0.445784569 0.341813117
1403637230638319104.000000 0.221954212 -1.044930935 0.344825089 -0.752048910 -0.294514090 -0.549219847 0.214572594
1403637230888318976.000000 0.225867271 -1.040983915 0.399303883 -0.780291915 -0.249083802 -0.539651155 0.194623470
1403637231138319104.000000 0.240243480 -1.054957509 0.426152498 -0.812806070 -0.180669442 -0.533708334 0.147852093
1403637231488318976.000000 0.308652341 -1.098705053 0.321100444 -0.829229474 -0.042796936 -0.552352726 0.073847502
1403637231988318976.000000 0.479312778 -1.264494658 0.016183592 0.824681044 -0.137829512 0.546953440 0.041787561
1403637232438319104.000000 0.679674447 -1.561154246 -0.076799050 0.775318265 -0.240229040 0.570753038 0.124147102
1403637232938319104.000000 0.778661847 -2.035858393 -0.047914818 0.761633813 -0.367011726 0.509125113 0.161270320
1403637233288318976.000000 0.824741006 -2.528723240 0.034571659 0.778147399 -0.373992682 0.470706552 0.181800425
1403637233588318976.000000 0.922241211 -3.062624216 0.044060998 0.792842805 -0.338853121 0.459083408 0.214059353
1403637233838319104.000000 1.082493186 -3.536026239 -0.015525643 0.781333625 -0.271517158 0.481372088 0.289960802
1403637235588318976.000000 3.945079327 -3.819186926 -0.800546944 0.810061455 -0.152346373 0.552611768 0.123333685
1403637235888318976.000000 4.398662567 -3.562743187 -0.801543653 0.803537786 -0.091228150 0.575683296 0.120802134
1403637236188318976.000000 4.835269928 -3.215024233 -0.740027964 0.804806769 -0.017099259 0.582349598 0.113413654
1403637236488318976.000000 5.226014614 -2.718472481 -0.617293298 -0.804889083 -0.030165642 -0.589027226 -0.065502040
1403637236788318976.000000 5.565431118 -2.114535093 -0.488090456 -0.790533245 -0.050852422 -0.609450400 -0.032273326
1403637239038319104.000000 3.579383135 0.843311906 0.826372683 0.857691050 -0.209315941 0.466032028 -0.058026895
1403637239388318976.000000 3.245155334 0.260638058 0.958449423 0.843163550 -0.199050888 0.498737574 0.026734790
1403637239688318976.000000 3.082584143 -0.400377423 0.970143855 0.815335333 -0.255931586 0.512775540 0.082392082
1403637239938319104.000000 2.983831406 -1.016633034 0.876273274 0.770906627 -0.293331772 0.542057633 0.160726577
1403637240188318976.000000 2.882854462 -1.633644462 0.731277347 0.735179782 -0.345420927 0.539616942 0.221379057
1403637240438319104.000000 2.767969608 -2.224362135 0.567516565 0.733901441 -0.393692076 0.493770510 0.250171751
1403637240688318976.000000 2.678360701 -2.811462641 0.444275707 0.738145173 -0.404110700 0.470458597 0.265527755
1403637240938319104.000000 2.637807608 -3.402024269 0.379235893 0.724574506 -0.385772407 0.492926806 0.288434982
1403637241238319104.000000 2.636495113 -4.067661285 0.299160779 0.727820635 -0.376834422 0.496838540 0.285349756
1403637241488318976.000000 2.669237614 -4.576680183 0.203040764 0.734505892 -0.357288241 0.492852360 0.299904615
1403637241738319104.000000 2.753385067 -5.020496368 0.132261336 0.728383362 -0.338215888 0.505286813 0.315836996
1403637241988318976.000000 2.884405613 -5.364655495 0.099535190 0.706883311 -0.342236429 0.538914561 0.304567635
1403637242238319104.000000 3.018313408 -5.606711864 0.101066031 0.708868146 -0.340572089 0.533001542 0.312131286
1403637242488318976.000000 3.156370163 -5.747484684 0.110198140 0.711483002 -0.325848579 0.523106635 0.337600619
1403637242738319104.000000 3.320881605 -5.766569614 0.106134869 0.715954721 -0.311181933 0.536913812 0.319840997
1403637242988318976.000000 3.497263670 -5.660827637 0.139217228 0.717484355 -0.293801934 0.563127816 0.285978764
1403637243238319104.000000 3.659013510 -5.463003635 0.169725955 0.733628690 -0.284700722 0.551349223 0.277035266
1403637243488318976.000000 3.810892582 -5.187432766 0.163058132 0.739871740 -0.293965638 0.546010435 0.260857522
1403637243738319104.000000 3.957407236 -4.857172489 0.171355516 0.746347725 -0.312715262 0.536723495 0.238960475
1403637243988318976.000000 4.097896099 -4.516690254 0.233959615 0.748579025 -0.339315593 0.529879630 0.209097981
1403637244238319104.000000 4.217276096 -4.206865788 0.355236232 0.745973647 -0.342214704 0.529511094 0.214547291
1403637244488318976.000000 4.319660664 -3.930447102 0.508979142 0.753393888 -0.340919495 0.521593094 0.210028797
1403637244788318976.000000 4.445952415 -3.641388655 0.691658020 0.777804732 -0.295746714 0.513422012 0.209646031
1403637245038319104.000000 4.578538895 -3.422707558 0.800072849 0.787775934 -0.284075081 0.512619615 0.189556107
1403637245288318976.000000 4.739325523 -3.239912033 0.870452523 0.793941319 -0.291612267 0.505743146 0.169833720
1403637245588318976.000000 4.980414867 -3.084282637 0.925898135 0.795928895 -0.265662968 0.511867523 0.184152082
1403637245888318976.000000 5.277890682 -2.950693846 0.935270131 0.798539042 -0.213197112 0.541026533 0.155475453
1403637246188318976.000000 5.595374584 -2.807850838 0.898236394 0.805757821 -0.114356056 0.573488116 0.093746930
1403637246438319104.000000 5.846833229 -2.668068886 0.834791243 0.810089469 -0.006452333 0.585466623 0.030695673
1403637246688318976.000000 6.067404270 -2.503796339 0.748535931 -0.791232049 -0.095778957 -0.603420436 0.025732428
1403637246938319104.000000 6.221056461 -2.303551912 0.671595573 -0.776650488 -0.176253960 -0.599187076 0.081997275
1403637247288318976.000000 6.324797630 -1.984366536 0.598606646 -0.790871561 -0.217028573 -0.558640957 0.123859316
1403637247788318976.000000 6.340322495 -1.494229317 0.440058053 -0.755232215 -0.238932654 -0.595532477 0.133702949
1403637248038319104.000000 6.243286133 -1.236001611 0.387440681 -0.744220078 -0.264605939 -0.590167820 0.166799799
1403637248288318976.000000 6.075440884 -0.980140150 0.357373714 -0.753579199 -0.294745147 -0.556137323 0.189618394
1403637248538319104.000000 5.879597187 -0.727430522 0.303489327 -0.747368336 -0.301665872 -0.556270778 0.202487156
1403637248788318976.000000 5.654994488 -0.484131992 0.267460704 -0.751859844 -0.302866489 -0.552242815 0.194952682
1403637249038319104.000000 5.401431561 -0.245944560 0.279830277 -0.760339499 -0.295402855 -0.546433270 0.189820185
1403637251888318976.000000 2.779262066 1.966758132 0.620843768 -0.705743074 -0.401024997 -0.495859653 0.308591813
1403637254638319104.000000 2.123376131 1.639778972 0.757192016 -0.684785903 -0.447209984 -0.486497581 0.307232171
1403637257038319104.000000 0.981705427 0.793180943 0.794217110 -0.600363791 -0.554267287 -0.417361110 0.397694558
1403637257338319104.000000 0.818941414 0.679261506 0.806501627 -0.582694650 -0.572353184 -0.414795935 0.401027620
1403637257638319104.000000 0.653497994 0.571300745 0.836083472 -0.577508152 -0.583825648 -0.408421755 0.398526758
1403637257938319104.000000 0.476736218 0.480553269 0.815299451 -0.577132165 -0.597945571 -0.386044681 0.400436223
1403637258288318976.000000 0.266682535 0.425258994 0.790164113 -0.532721043 -0.626759171 -0.370252788 0.431618035
1403637258638319104.000000 0.061461054 0.402554005 0.753303111 -0.517402351 -0.635798514 -0.349109948 0.454067618
1403637258988318976.000000 -0.113668866 0.387895405 0.690498948 -0.513944030 -0.630740404 -0.351904094 0.462808311
1403637259288318976.000000 -0.233676374 0.379250258 0.710043669 -0.517242134 -0.626738071 -0.352661163 0.463993520
1403637259588318976.000000 -0.320292115 0.366729528 0.740772605 -0.525461793 -0.617567122 -0.345121533 0.472643584
1403637260088318976.000000 -0.362096012 0.341506392 0.723842800 -0.520651579 -0.622183144 -0.354413480 0.464974463
1403637260388318976.000000 -0.350235969 0.319052905 0.671139181 -0.508880198 -0.635289729 -0.369571447 0.448179662
1403637260638319104.000000 -0.349494368 0.295547426 0.614493072 -0.513839126 -0.644993722 -0.361037046 0.435436308
1403637260938319104.000000 -0.375019401 0.278097421 0.547039568 -0.510029435 -0.636112869 -0.364513576 0.449844688
1403637261188318976.000000 -0.405122787 0.262217104 0.489046395 -0.514204025 -0.641168237 -0.357834607 0.443229049
1403637261638319104.000000 -0.473592043 0.251212090 0.440424681 -0.521143615 -0.642453372 -0.348780692 0.440471321
1403637262038319104.000000 -0.536107063 0.286816299 0.454674363 -0.513505697 -0.631016612 -0.363331914 0.454004318
1403637262388318976.000000 -0.565371335 0.300094187 0.415301383 -0.508763254 -0.614042163 -0.372974455 0.474344015
1403637262788318976.000000 -0.551450372 0.288683474 0.402895868 -0.540212452 -0.586371124 -0.376117229 0.472096711
1403637262938319104.000000 -0.550879598 0.289265901 0.401330471 -0.539516568 -0.587437510 -0.376610816 0.471172333
1403637263438319104.000000 -0.551081002 0.290540874 0.400101751 -0.540250003 -0.587481618 -0.375202805 0.471400142
1403637263938319104.000000 -0.551326573 0.290550232 0.401102871 -0.540328205 -0.587412596 -0.375264674 0.471347392
1403637264438319104.000000 -0.551432729 0.289972365 0.401053309 -0.540510833 -0.587300479 -0.374951512 0.471526861
1403637264938319104.000000 -0.551511586 0.290690005 0.401105702 -0.540710449 -0.587221622 -0.374719530 0.471580684
1403637265438319104.000000 -0.551044166 0.290653139 0.401253730 -0.540864885 -0.587206662 -0.374522179 0.471578956
