1403715278412143104.000000 0.122057840 -1.490770459 -0.546491981 -0.528068364 -0.639799297 -0.356908351 0.429438114
1403715279412143104.000000 0.071611263 -1.377318144 -0.429669827 -0.523531497 -0.623956144 -0.367087930 0.449266046
1403715282262142976.000000 -0.083936542 -0.954070449 -0.248467460 -0.731601000 -0.380901158 -0.502102971 0.259936452
1403715284862142976.000000 -0.104894653 -0.266334713 -0.526828051 -0.809939444 -0.113497771 -0.569699347 0.080988735
1403715286662142976.000000 0.136755511 -0.368729532 -0.139639765 -0.823501229 -0.008271667 -0.567205727 0.007412139
1403715289612143104.000000 0.639227808 -0.682505846 -0.089158177 0.782587647 -0.258006871 0.536031902 0.183463633
1403715291662142976.000000 1.276657820 -0.940326631 -0.151026547 0.757370889 -0.326863378 0.537499130 0.175055042
1403715291912143104.000000 1.322553515 -1.035500526 -0.176807106 0.759597778 -0.327718765 0.524218261 0.202007055
1403715293612143104.000000 1.896540165 -1.562616706 -0.058304261 0.808685780 -0.015135589 0.588037491 -0.003179457
1403715296362142976.000000 2.090486050 -2.105513573 -0.346136123 -0.710691094 -0.426651955 -0.466765016 0.308247924
1403715296862142976.000000 2.168451071 -2.217674494 -0.366932482 -0.679056644 -0.464988232 -0.465879023 0.324999571
1403715299812143104.000000 2.650210142 -1.967501760 -0.351074487 -0.359716415 -0.742234588 -0.225503489 0.518497944
1403715302562142976.000000 2.783894300 -2.005129576 -0.415390193 -0.291986465 -0.768995464 -0.212087229 0.527644753
1403715304562142976.000000 2.505947590 -2.500195742 -0.510393441 -0.074560374 -0.810772240 -0.041113835 0.579136372
1403715306862142976.000000 2.625829697 -2.522212505 -0.120458849 -0.165640637 -0.772890449 -0.108594291 0.602835715
1403715309662142976.000000 3.221617460 -2.276032925 -0.344889671 -0.448061675 -0.679164112 -0.316240966 0.487820208
1403715311962142976.000000 3.997933626 -1.950096726 -0.244597346 -0.529812038 -0.633284569 -0.353974074 0.439263225
1403715314412143104.000000 4.365940571 -1.545365095 0.009475354 -0.570781410 -0.591121554 -0.414993227 0.390595049
1403715317212143104.000000 3.712898493 -1.518747091 -0.159359902 -0.761541903 -0.304213524 -0.533324778 0.207539991
1403715317612143104.000000 3.618337393 -1.428621411 -0.221543029 -0.795082986 -0.207608536 -0.550320387 0.147950023
1403715319612143104.000000 3.766278982 -1.433780074 -0.426344037 0.816695988 -0.090729721 0.564004123 0.081701398
1403715320112143104.000000 4.031282425 -1.335156083 -0.324956328 0.810880482 -0.126886263 0.561632276 0.104603305
1403715320862142976.000000 4.377697468 -1.093532920 -0.165721983 0.741052866 -0.327001303 0.560872912 0.171267226
1403715321362142976.000000 4.414606094 -1.013620734 -0.110141248 0.742314041 -0.354167700 0.535863817 0.190748900
1403715321812143104.000000 4.327966690 -1.074505568 -0.071413413 0.737064481 -0.346679538 0.545615435 0.197111800
1403715324462142976.000000 3.842890978 -2.154984474 0.011530697 0.693818331 -0.409129351 0.529491425 0.266210794
1403715327362142976.000000 3.203973055 -1.995174289 -0.020602254 0.700068593 -0.435041964 0.502408922 0.261204481
1403715328412143104.000000 2.695837021 -2.169046402 -0.087376207 0.735385180 -0.331241608 0.533304513 0.255096018
1403715328862142976.000000 2.526310205 -2.180400610 -0.107990183 0.753954470 -0.324578464 0.521049619 0.233899102
1403715329062142976.000000 2.483562708 -2.162642241 -0.113315701 0.770411849 -0.282140374 0.536444187 0.197711989
1403715331862142976.000000 2.308326006 -2.225403070 0.006367203 0.816466928 -0.053513307 0.573704362 0.037168287
1403715334462142976.000000 2.324730396 -3.310835361 0.049807023 -0.824370027 -0.023638992 -0.564414680 0.035935130
1403715337162142976.000000 2.856497288 -4.301165581 0.039442591 -0.812544882 -0.117676027 -0.565272868 0.079936057
1403715339662142976.000000 3.854662418 -4.770070553 0.155143768 -0.782254875 -0.249883175 -0.542219818 0.177858174
1403715339912143104.000000 3.961577892 -4.802397728 0.127880201 -0.777514875 -0.260392964 -0.552666247 0.149084717
1403715340162142976.000000 4.042700768 -4.792495251 0.105241567 -0.766974688 -0.289845943 -0.550998688 0.155369490
1403715341862142976.000000 4.420057297 -4.312127113 0.265703589 -0.729948997 -0.353027731 -0.542577267 0.219444469
1403715342362142976.000000 4.459073544 -4.169989586 0.280928552 -0.750352323 -0.349379718 -0.502683759 0.249427944
1403715342612143104.000000 4.488196373 -4.087412357 0.280868381 -0.733758509 -0.389384836 -0.494999528 0.254859656
1403715343312143104.000000 4.562737942 -3.763046741 0.270305276 -0.697354078 -0.434839755 -0.483237267 0.301816881
1403715346162142976.000000 3.537129641 -2.465905190 0.070429012 -0.667948127 -0.498249173 -0.441967428 0.332051098
1403715347112143104.000000 2.950476646 -2.182481289 0.077127144 -0.682397962 -0.460917622 -0.456359595 0.337081492
1403715350012143104.000000 2.566247225 -1.680169344 -0.240107358 -0.443598866 -0.683319449 -0.303634048 0.494065732
1403715352962142976.000000 1.856467366 -1.215610743 -0.332323462 -0.346059918 -0.731357932 -0.240412667 0.536246181
1403715354912143104.000000 1.530565858 -1.110135078 -0.383510649 -0.327134848 -0.754786551 -0.214321077 0.526636958
1403715356362142976.000000 1.377096891 -0.878274202 -0.110551946 -0.201615378 -0.801898718 -0.167366788 0.536934018
1403715357312143104.000000 1.040117264 -0.806596756 -0.054188333 -0.123263076 -0.813070178 -0.078240722 0.563561440
1403715357662142976.000000 0.894210577 -0.738506615 -0.003123112 -0.094446406 -0.819114327 -0.079542078 0.560182631
1403715358112143104.000000 0.688763201 -0.703817129 0.018542711 -0.080489472 -0.822341740 -0.094514333 0.555286169
1403715359462142976.000000 -0.132028043 -0.992544711 -0.064264044 -0.034043595 -0.807605445 -0.037568882 0.587539911
1403715360162142976.000000 -0.321933806 -1.239779234 -0.057975352 -0.047136009 -0.815706372 -0.030316846 0.575745046
1403715360512143104.000000 -0.376905024 -1.361260295 -0.041520219 -0.084499709 -0.813607931 -0.021386789 0.574843168
1403715361412143104.000000 -0.430560678 -1.427695632 0.028429998 -0.264135510 -0.778142631 -0.189549461 0.537398756
1403715361812143104.000000 -0.476610601 -1.457142949 0.028964654 -0.323391974 -0.760522068 -0.228550762 0.514576077
1403715364562142976.000000 -0.802061379 -1.482843280 0.072729751 -0.724770069 -0.378708273 -0.491197467 0.300022602
1403715365062142976.000000 -0.651096940 -1.585167527 0.158790499 -0.734152198 -0.367839277 -0.512652636 0.250803083
1403715367712143104.000000 -0.111112706 -2.468642473 0.350976914 -0.800986111 -0.229254559 -0.525174141 0.173366159
1403715370362142976.000000 1.465886950 -3.389246464 0.346872538 -0.724288821 -0.390285164 -0.503009200 0.264697820
1403715371262142976.000000 1.935549140 -3.410254955 0.327762455 -0.750153780 -0.384219199 -0.480072618 0.243259832
1403715373962142976.000000 3.778246880 -2.776374817 0.374747247 -0.661288500 -0.478547871 -0.476069123 0.327181667
1403715376762142976.000000 3.906588316 -1.638068318 0.275313497 -0.588637173 -0.561092854 -0.431831956 0.390131176
1403715377612143104.000000 3.570316315 -1.555016875 0.201099247 -0.571464896 -0.571096361 -0.424952656 0.408279300
1403715380362142976.000000 2.162955284 -1.670880795 0.197544798 -0.581670046 -0.573791087 -0.412186146 0.403145552
1403715382012143104.000000 0.995088220 -1.598658085 0.235724553 -0.600803852 -0.571711838 -0.418290496 0.370423317
1403715383962142976.000000 -0.062865466 -1.030309439 0.146815762 -0.748168588 -0.340647459 -0.509860516 0.253466517
1403715386612143104.000000 0.292746812 -0.735616326 0.245802402 -0.803180754 -0.081671104 -0.584433675 0.081656612
1403715389262142976.000000 1.010287285 -2.392418623 0.074801743 -0.807797849 -0.126060992 -0.569227457 0.086897984
1403715389562142976.000000 1.132820368 -2.569106579 0.103662968 -0.807101429 -0.131664619 -0.568974137 0.086719573
1403715392362142976.000000 2.864358187 -2.764719963 0.153462410 -0.716638923 -0.411570072 -0.484600186 0.286708057
1403715393662142976.000000 3.758984804 -2.404996395 0.277400523 -0.509881437 -0.632983804 -0.396063566 0.427183837
1403715394162142976.000000 3.836433649 -2.337013483 0.258918226 -0.423715591 -0.702474356 -0.298172742 0.487942576
1403715394612143104.000000 3.844514132 -2.306120872 0.245784447 -0.302773386 -0.752824128 -0.234059513 0.535537422
1403715394962142976.000000 3.832192659 -2.339420557 0.233576044 -0.209781304 -0.792544484 -0.153995156 0.551498592
1403715395262142976.000000 3.807990551 -2.393606663 0.223826230 -0.117229037 -0.815318227 -0.087818250 0.560179830
1403715398012143104.000000 2.901223183 -2.707500219 -0.120238990 0.046311326 -0.812552035 0.053961128 0.578535020
1403715399412143104.000000 2.545267582 -2.581425667 -0.208460987 0.053809777 -0.804336607 0.015686521 0.591524482
1403715399712143104.000000 2.624760628 -2.661951065 -0.216921881 0.049362361 -0.825111866 0.018805187 0.562494457
1403715400112143104.000000 2.705190182 -2.815803051 -0.199108243 0.033556491 -0.832814932 0.004526603 0.552515030
1403715400862142976.000000 2.657258749 -3.267575026 -0.161305502 -0.136281118 -0.823627353 -0.087551318 0.543507397
1403715401112143104.000000 2.582401752 -3.434926271 -0.168957919 -0.191815183 -0.818747878 -0.102703884 0.531329393
1403715401362142976.000000 2.472539663 -3.570067167 -0.161634460 -0.201646730 -0.818054914 -0.125338674 0.523846328
1403715402412143104.000000 1.821263433 -3.846554279 -0.067723624 -0.224260613 -0.777514935 -0.173472226 0.561324418
1403715402662142976.000000 1.706587315 -3.901525259 -0.063128881 -0.238181919 -0.768155098 -0.211469859 0.555416703
1403715403112143104.000000 1.512931347 -4.078800678 -0.065603875 -0.293405443 -0.774128973 -0.175593838 0.532733083
1403715403512143104.000000 1.344442725 -4.171623707 -0.044356685 -0.300497144 -0.777467906 -0.186913148 0.519912183
1403715403712143104.000000 1.251400590 -4.177855968 -0.036089685 -0.328180552 -0.768201768 -0.203486145 0.510643840
1403715404112143104.000000 1.050559521 -4.114978313 -0.016499693 -0.401113331 -0.732121229 -0.248873219 0.491089314
1403715404512143104.000000 0.825270295 -3.981156826 0.002790622 -0.423848242 -0.705743074 -0.313024759 0.473597914
1403715404962142976.000000 0.512847364 -3.856487036 -0.017027944 -0.449307948 -0.681254387 -0.312542766 0.486139804
1403715405162142976.000000 0.382087827 -3.809293509 -0.031709582 -0.483886749 -0.653953254 -0.322826117 0.483716995
1403715405362142976.000000 0.273933947 -3.770120621 -0.048853941 -0.530340970 -0.622385085 -0.344357878 0.461294889
1403715405562142976.000000 0.187869221 -3.732115746 -0.065495998 -0.573014498 -0.590619147 -0.371463507 0.429928303
1403715405812143104.000000 0.101797156 -3.680157900 -0.086360350 -0.615506291 -0.557493389 -0.407623023 0.379732400
1403715406012143104.000000 0.038553499 -3.626627922 -0.104334041 -0.646417499 -0.517782927 -0.434058219 0.354455560
1403715406412143104.000000 -0.075372428 -3.499105930 -0.164264560 -0.705101192 -0.426856071 -0.474751443 0.308605403
1403715406662142976.000000 -0.129843056 -3.418364763 -0.214835927 -0.740136623 -0.372510880 -0.484860778 0.279899240
1403715406912143104.000000 -0.154105827 -3.340432167 -0.264040112 -0.760113180 -0.324415207 -0.507661283 0.243439451
1403715407312143104.000000 -0.146887481 -3.219612837 -0.326671362 -0.796774745 -0.261873037 -0.511508942 0.186898798
1403715407512143104.000000 -0.113616087 -3.148923159 -0.342294872 -0.801545918 -0.252809405 -0.513232350 0.173793018
1403715410012143104.000000 0.416605234 -2.146974087 -0.073099226 -0.725949764 -0.411382020 -0.477469772 0.275289685
1403715411012143104.000000 0.490739554 -1.889456153 -0.053230338 -0.700275540 -0.403544277 -0.512830794 0.289431900
1403715411262142976.000000 0.473836035 -1.835699797 -0.071194559 -0.706986010 -0.408405721 -0.494226009 0.298523545
1403715411512143104.000000 0.456960171 -1.797589302 -0.081527367 -0.698662162 -0.403298676 -0.499455810 0.315856308
1403715412012143104.000000 0.426517099 -1.792357087 -0.109137557 -0.698451519 -0.418008298 -0.492983967 0.307248145
1403715412312143104.000000 0.404703677 -1.814123034 -0.125241518 -0.701491654 -0.419817507 -0.489302993 0.303719223
1403715412562142976.000000 0.387413532 -1.837386012 -0.139132649 -0.705838144 -0.420496702 -0.484209687 0.300858796
1403715412862142976.000000 0.371141285 -1.860924125 -0.148948818 -0.708286464 -0.424057424 -0.481017441 0.295174152
1403715413362142976.000000 0.349918336 -1.873507261 -0.222143754 -0.704220116 -0.417182922 -0.488260210 0.302711695
1403715413662142976.000000 0.340656817 -1.885124445 -0.296845317 -0.703705132 -0.413797468 -0.489410043 0.306673378
1403715413912143104.000000 0.339135200 -1.904858947 -0.347493947 -0.701282740 -0.418836415 -0.493635982 0.298499823
1403715414162142976.000000 0.328608394 -1.927762866 -0.386288196 -0.703895152 -0.422128499 -0.490173131 0.293375909
1403715414612143104.000000 0.299056262 -1.925261855 -0.370714396 -0.708813787 -0.426739395 -0.484663576 0.283862084
1403715414862142976.000000 0.279649794 -1.893736362 -0.397841126 -0.709240198 -0.411531001 -0.486385792 0.301744103
1403715415312143104.000000 0.271783710 -1.861621022 -0.483172357 -0.715672016 -0.392184079 -0.487390906 0.310572684
1403715415762142976.000000 0.293664932 -1.869096279 -0.531649411 -0.708256781 -0.405201793 -0.507883370 0.276113033
1403715416112143104.000000 0.286609977 -1.864333391 -0.528315306 -0.706147552 -0.405666023 -0.511500120 0.274150282
1403715416312143104.000000 0.286226064 -1.863236666 -0.529727697 -0.708359480 -0.404966235 -0.508598626 0.274875969
1403715416662142976.000000 0.287748873 -1.863197327 -0.530672431 -0.709330082 -0.404825449 -0.507356286 0.274876088
1403715417162142976.000000 0.286341429 -1.864693880 -0.531916678 -0.709579110 -0.404615968 -0.507023990 0.275154650
1403715417662142976.000000 0.285115123 -1.865611196 -0.531794846 -0.709634244 -0.404378116 -0.506967545 0.275466174
1403715418162142976.000000 0.284980685 -1.865622997 -0.531677604 -0.709655702 -0.404242575 -0.507016182 0.275520176
1403715418662142976.000000 0.285266370 -1.865260601 -0.531932116 -0.709729314 -0.404028773 -0.507042706 0.275595486
