1403638147795097088.000000 -4.219680309 0.145775974 3.486211538 -0.582967222 -0.602615416 -0.375302851 0.395160347
1403638148095097088.000000 -4.219827652 0.175395444 3.519862413 -0.574465096 -0.585309684 -0.395760894 0.413250327
1403638150795097088.000000 -4.611336231 0.683799922 3.857424974 -0.528634906 -0.643521249 -0.354690909 0.424994051
1403638151845096960.000000 -5.221943855 1.009782910 3.915643692 -0.401069850 -0.719966829 -0.281419754 0.491521776
1403638152695097088.000000 -5.866165161 1.221631169 4.019492626 -0.397187322 -0.726316512 -0.282300264 0.484781623
1403638153195097088.000000 -6.344987869 1.335185289 4.095277786 -0.360252142 -0.745916426 -0.244418472 0.504070222
1403638153445096960.000000 -6.591392517 1.400196314 4.132891655 -0.337727636 -0.759268165 -0.231538668 0.505808175
1403638154945096960.000000 -8.287655830 1.603898644 4.205560207 -0.230598062 -0.784639776 -0.184617966 0.545051455
1403638155245096960.000000 -8.605816841 1.535448790 4.274647236 -0.201999918 -0.787810862 -0.168045446 0.557055414
1403638155595097088.000000 -8.964509964 1.399349570 4.299296379 -0.168055817 -0.787496030 -0.147251979 0.574390233
1403638156195097088.000000 -9.463177681 1.029846907 4.260948658 -0.068584129 -0.818631411 -0.041488476 0.568698287
1403638156345096960.000000 -9.572096825 0.933981478 4.278402328 -0.045169141 -0.826023281 -0.021138085 0.561425388
1403638156695097088.000000 -9.837522507 0.736230433 4.278647900 -0.025792120 -0.831404448 -0.001606502 0.555066645
1403638157245096960.000000 -10.338973045 0.497151703 4.236275673 -0.034204934 -0.836719275 -0.007469825 0.546511769
1403638158245096960.000000 -11.469414711 0.110734068 4.329680443 0.071701765 -0.819026589 0.061838288 0.565888941
1403638158445096960.000000 -11.692639351 0.034215398 4.334206104 0.083248831 -0.817663431 0.059759784 0.566502452
1403638158745096960.000000 -12.014563560 -0.079030707 4.315697193 0.084468558 -0.815330625 0.056085113 0.570048690
1403638159095097088.000000 -12.378115654 -0.217363894 4.331323624 0.072353356 -0.831572771 0.062907964 0.547077894
1403638159445096960.000000 -12.781117439 -0.341805100 4.368076324 0.064287119 -0.820078552 0.066585377 0.564716458
1403638160195097088.000000 -13.526913643 -0.370136708 4.641016483 0.071327172 -0.804111779 0.063899323 0.586714149
1403638160395097088.000000 -13.661624908 -0.331735820 4.783788681 0.076557480 -0.822546244 0.059724748 0.560347736
1403638160745096960.000000 -13.910763741 -0.267606109 5.019110203 0.074221730 -0.824506521 0.062377073 0.557484806
1403638160895097088.000000 -14.026247978 -0.239865169 5.107388973 0.058753986 -0.813633382 0.068833545 0.574291527
1403638161045096960.000000 -14.136772156 -0.201935232 5.187013626 0.037053272 -0.805676520 0.058952700 0.588249028
1403638161645096960.000000 -14.486422539 0.032626264 5.431121349 -0.057870656 -0.825150609 -0.019104788 0.561616123
1403638162045096960.000000 -14.712642670 0.226345927 5.512756348 -0.088976197 -0.815587401 -0.034493104 0.570710778
1403638162245096960.000000 -14.824074745 0.339571208 5.565216541 -0.100646928 -0.818035960 -0.035426352 0.565183401
1403638163945096960.000000 -15.559638977 1.838696003 5.981435776 -0.180491328 -0.795096040 -0.105790026 0.569257081
1403638166145096960.000000 -15.018097878 4.268097401 6.190007210 -0.213039503 -0.789492130 -0.144742072 0.557105064
1403638166495097088.000000 -14.783920288 4.594182014 6.307523727 -0.202846825 -0.795575976 -0.147047371 0.551624000
1403638166645096960.000000 -14.690224648 4.722694397 6.372450352 -0.202018976 -0.795415640 -0.143952772 0.552973688
1403638167445096960.000000 -14.333443642 5.473481178 6.564762592 -0.212537050 -0.812222600 -0.124504395 0.528792202
1403638167645096960.000000 -14.304669380 5.701352596 6.617603302 -0.219306976 -0.800995290 -0.120108061 0.543953240
1403638169045096960.000000 -14.072550774 7.709383011 6.823013306 -0.314095289 -0.774824321 -0.220467895 0.502379596
1403638169245096960.000000 -14.093293190 8.008658409 6.801123142 -0.316215932 -0.762457132 -0.209026620 0.524380267
1403638169445096960.000000 -14.116524696 8.307732582 6.758981705 -0.340889305 -0.736818552 -0.196666300 0.549741149
1403638169745096960.000000 -14.089888573 8.762062073 6.718582153 -0.377252996 -0.714847803 -0.235286459 0.539734364
1403638169895097088.000000 -14.046295166 8.983283043 6.724132061 -0.391530365 -0.708813369 -0.273712516 0.519007802
1403638170045096960.000000 -13.998407364 9.191943169 6.746490479 -0.406789571 -0.689545989 -0.310392559 0.512547612
1403638170795097088.000000 -13.671363831 9.977081299 6.766424656 -0.547857940 -0.581285954 -0.368075162 0.475898236
1403638171245096960.000000 -13.311174393 10.272222519 6.790269375 -0.593904734 -0.531808853 -0.407508135 0.445413917
1403638172095097088.000000 -12.285451889 10.341328621 6.756052971 -0.623541057 -0.475073487 -0.442202955 0.435842067
1403638172495097088.000000 -11.639182091 10.084522247 6.719178200 -0.623326600 -0.474284440 -0.447445452 0.431637526
1403638172795097088.000000 -11.113757133 9.790344238 6.596628189 -0.620464385 -0.474104375 -0.443033308 0.440420777
1403638172995097088.000000 -10.737596512 9.535021782 6.490732670 -0.622422695 -0.476141334 -0.432462692 0.445932209
1403638174295097088.000000 -7.981663227 7.349470139 5.380881786 -0.623705149 -0.521205187 -0.430611759 0.392314255
1403638174445096960.000000 -7.681607723 7.075747967 5.242347717 -0.626296639 -0.526353061 -0.425976753 0.386327386
1403638174745096960.000000 -7.094521999 6.560573578 4.992289066 -0.631276429 -0.537675321 -0.416850030 0.372332424
1403638175195097088.000000 -6.267305851 5.905469418 4.733336449 -0.632741332 -0.541165709 -0.418014675 0.363375664
1403638176945096960.000000 -4.035418034 5.419698715 4.482268810 -0.617743254 -0.544791698 -0.439626008 0.358223796
1403638177395097088.000000 -3.808365345 5.550567150 4.475807190 -0.615401804 -0.549494505 -0.443889946 0.349711508
1403638177645096960.000000 -3.741216421 5.641773224 4.423496723 -0.627430022 -0.536438167 -0.430052549 0.365541309
1403638179295097088.000000 -3.035408258 5.805283070 4.204192162 -0.749690771 -0.372070223 -0.483133823 0.257117331
1403638179495097088.000000 -2.893524885 5.797069073 4.146420956 -0.755793333 -0.342725247 -0.501162112 0.245260239
1403638179845096960.000000 -2.627830505 5.785026073 4.054052830 -0.773300290 -0.272118777 -0.532430828 0.210891813
1403638180245096960.000000 -2.310680866 5.756877899 4.020266056 -0.798153460 -0.228518888 -0.529054880 0.175588354
1403638181045096960.000000 -1.536710739 5.752364635 3.930620670 -0.801565886 -0.240961060 -0.519724071 0.171221346
1403638181745096960.000000 -0.695697010 5.768382549 3.793945312 -0.794463038 -0.152058542 -0.566279531 0.158222377
1403638182145096960.000000 -0.237600476 5.646543980 3.800306082 -0.820659995 -0.105792560 -0.553695440 0.093522742
1403638182545096960.000000 0.233017579 5.504464626 3.842837811 -0.832983494 -0.097191140 -0.538502395 0.081899196
1403638182695097088.000000 0.427171171 5.448159218 3.880328178 -0.833348870 -0.106744722 -0.537218630 0.074372932
1403638183245096960.000000 1.202963471 5.281839371 3.983409166 -0.816966832 -0.118395351 -0.558822930 0.079150714
1403638183545096960.000000 1.633662581 5.218547344 3.977424383 -0.830253005 -0.125138596 -0.538440049 0.071433179
1403638183945096960.000000 2.233298302 5.194673061 3.988726854 -0.811075926 -0.124586895 -0.566937029 0.072225466
1403638184145096960.000000 2.519025326 5.205973625 4.031003952 -0.818298995 -0.123958446 -0.556777656 0.070850410
1403638184545096960.000000 3.082575560 5.270945549 4.079371452 -0.817934215 -0.121043153 -0.557983577 0.070616111
1403638184745096960.000000 3.360213280 5.323588371 4.093536854 -0.816301167 -0.118864961 -0.560638428 0.072167888
1403638185145096960.000000 3.895490170 5.461126804 4.135064602 -0.815955639 -0.119629577 -0.561282694 0.069763698
1403638185345096960.000000 4.151764393 5.545329094 4.161441803 -0.814607024 -0.125438437 -0.562834680 0.062432446
1403638185745096960.000000 4.625649452 5.776234627 4.221987724 -0.797743082 -0.161032304 -0.574843168 0.085029431
1403638186145096960.000000 5.037219524 6.044153214 4.257237434 -0.809333622 -0.159567356 -0.551528573 0.123829275
1403638186395097088.000000 5.293725491 6.194970608 4.274596691 -0.808942616 -0.167716458 -0.551904619 0.113508783
1403638186595097088.000000 5.493235588 6.315222263 4.308897972 -0.807836652 -0.169198021 -0.554054916 0.108606033
1403638189545096960.000000 6.183917999 8.037341118 4.757008553 -0.726582229 -0.380643308 -0.505455017 0.267776519
1403638190445096960.000000 5.660699844 8.126008034 4.861300945 -0.694177926 -0.410284460 -0.527738988 0.266974449
1403638190795097088.000000 5.418518543 8.199446678 4.819721699 -0.689988732 -0.421875089 -0.515120864 0.283879340
1403638193095097088.000000 3.308245182 8.638911247 5.226133823 -0.672605991 -0.387154311 -0.526791394 0.346703947
1403638193245096960.000000 3.147706747 8.612856865 5.273354530 -0.674087584 -0.405395031 -0.514504969 0.341387451
1403638193545096960.000000 2.827763557 8.485431671 5.420052052 -0.665431321 -0.428565860 -0.512386322 0.333155781
1403638193845096960.000000 2.497408390 8.296673775 5.527167320 -0.679846227 -0.441194803 -0.489220887 0.322209835
1403638196745096960.000000 0.213273421 7.174843788 5.613193989 -0.708284438 -0.448736817 -0.454706728 0.300350398
1403638197645096960.000000 -0.014888015 7.491238117 5.686729431 -0.680321991 -0.446112394 -0.495669037 0.304069132
1403638197995097088.000000 -0.140635192 7.628504276 5.787194252 -0.673718214 -0.435316294 -0.502999604 0.321861774
1403638198295097088.000000 -0.269309521 7.715132236 5.738525391 -0.678425074 -0.436057687 -0.496388346 0.321234882
1403638199145096960.000000 -0.878414035 7.847908974 5.475582123 -0.657782793 -0.464671731 -0.521976769 0.280966729
1403638199545096960.000000 -1.451848149 7.904986858 5.551228046 -0.655822754 -0.465647399 -0.525312960 0.277696401
1403638199945096960.000000 -2.198347092 7.960781574 5.698833942 -0.662215352 -0.473301649 -0.489304900 0.313108712
1403638200145096960.000000 -2.596850157 7.985691547 5.749862671 -0.651116550 -0.487785399 -0.484162092 0.322024554
1403638200345096960.000000 -3.008081436 8.007158279 5.808122635 -0.623210192 -0.506484747 -0.487031460 0.343340576
1403638200495097088.000000 -3.329210758 8.017085075 5.867348671 -0.604969740 -0.525594652 -0.486159742 0.348440349
1403638200695097088.000000 -3.779934645 8.020587921 5.968551159 -0.583523273 -0.552542090 -0.482101917 0.348963678
1403638200895097088.000000 -4.262586117 8.013789177 6.072147369 -0.576790869 -0.569152653 -0.468142897 0.352448314
1403638201245096960.000000 -5.162127972 7.989151955 6.187252522 -0.588624358 -0.556873024 -0.445158064 0.381114185
1403638201445096960.000000 -5.681321621 7.968865871 6.212126255 -0.590197623 -0.556023538 -0.446929991 0.377833724
1403638201645096960.000000 -6.200792789 7.944509029 6.208137035 -0.589615464 -0.552222431 -0.452074379 0.378196627
1403638201845096960.000000 -6.721271992 7.911883354 6.171165943 -0.591493070 -0.548615098 -0.452708125 0.379753500
1403638202245096960.000000 -7.768828869 7.793347836 6.091337204 -0.592420638 -0.560402155 -0.424331665 0.393611401
1403638202445096960.000000 -8.277379036 7.726583958 6.079072952 -0.593085468 -0.565854490 -0.414522678 0.395258605
1403638202845096960.000000 -9.233407021 7.617362976 5.991907120 -0.594456792 -0.566008449 -0.410961509 0.396694094
1403638203195097088.000000 -10.000680923 7.538542747 5.907855511 -0.590814412 -0.562423348 -0.418129295 0.399732828
1403638203495097088.000000 -10.612395287 7.462691784 5.880032539 -0.588856876 -0.558230400 -0.420449018 0.406016052
1403638204095097088.000000 -11.700782776 7.263365269 5.864707470 -0.590698898 -0.561192811 -0.413870394 0.406015605
1403638204295097088.000000 -12.022810936 7.185333729 5.911160946 -0.601390183 -0.559811175 -0.396927863 0.409132868
1403638204495097088.000000 -12.313197136 7.115107059 5.966587067 -0.614800096 -0.555420637 -0.379244477 0.411949575
1403638204795097088.000000 -12.677616119 7.035658836 6.013259411 -0.596365690 -0.570982337 -0.382550269 0.414707601
1403638204995097088.000000 -12.889379501 6.992916107 6.011846066 -0.553182960 -0.607567191 -0.383968472 0.421211451
1403638205195097088.000000 -13.102364540 6.953831196 5.995559692 -0.497299641 -0.652155578 -0.355664641 0.448206216
1403638205395097088.000000 -13.321178436 6.913297653 6.003801823 -0.427203387 -0.695168972 -0.314539731 0.485079527
1403638205595097088.000000 -13.536778450 6.864661217 6.043569088 -0.360340327 -0.725217044 -0.298243135 0.505238712
1403638205995097088.000000 -13.991587639 6.667815685 6.188909054 -0.288354963 -0.751872122 -0.268168539 0.528796077
1403638206595097088.000000 -14.712630272 6.099006176 6.448783398 -0.223740652 -0.767721057 -0.183170006 0.571833253
1403638206995097088.000000 -15.101932526 5.633358002 6.497716904 -0.203439191 -0.769441724 -0.160848215 0.583695054
1403638207195097088.000000 -15.255988121 5.387952805 6.481888771 -0.198966816 -0.767004550 -0.156669855 0.589551449
1403638207595097088.000000 -15.465818405 4.856707573 6.397497654 -0.149979234 -0.776379049 -0.121915296 0.599898756
1403638207795097088.000000 -15.510704994 4.577805519 6.381075382 -0.136585772 -0.792003810 -0.094333120 0.587516427
1403638208245096960.000000 -15.540075302 4.000417233 6.412563801 -0.132729232 -0.795790613 -0.083505616 0.584916234
1403638208645096960.000000 -15.505791664 3.537725687 6.378521442 -0.120272189 -0.805141509 -0.074773192 0.575926006
1403638208845096960.000000 -15.473491669 3.322438478 6.389408112 -0.105059959 -0.805957437 -0.060014777 0.579476833
1403638209145096960.000000 -15.405389786 3.026090622 6.384007931 -0.090766072 -0.806483507 -0.053127110 0.581827760
1403638209395097088.000000 -15.330513954 2.797900915 6.333095074 -0.090734959 -0.806970477 -0.048014436 0.581601679
1403638209695097088.000000 -15.228019714 2.551745653 6.197013378 -0.093223721 -0.804363310 -0.046876524 0.584903121
1403638210145096960.000000 -15.033615112 2.226361990 5.773225307 -0.088044919 -0.792296231 -0.057713185 0.600985885
1403638210345096960.000000 -14.911828995 2.088825941 5.598268986 -0.087474398 -0.789915562 -0.058752652 0.604094148
1403638210645096960.000000 -14.673316002 1.887459636 5.326568127 -0.089791305 -0.788385212 -0.057365630 0.605884135
1403638210995097088.000000 -14.312724113 1.663306475 5.016411304 -0.094165578 -0.794411957 -0.052058030 0.597772956
1403638211245096960.000000 -14.014176369 1.518344879 4.852753162 -0.096159063 -0.800986767 -0.047804162 0.588972449
1403638211445096960.000000 -13.769636154 1.419883251 4.746150970 -0.106779501 -0.801215708 -0.054566555 0.586237311
1403638211645096960.000000 -13.512699127 1.334914923 4.622536659 -0.137415409 -0.796152890 -0.070145987 0.585095882
1403638211845096960.000000 -13.243765831 1.265746713 4.480843544 -0.186837494 -0.787442327 -0.091278441 0.580254078
1403638212045096960.000000 -12.964584351 1.218477011 4.357290268 -0.234981403 -0.775804639 -0.119617857 0.573238671
1403638212245096960.000000 -12.674066544 1.194042444 4.266116619 -0.273767561 -0.763361871 -0.156268328 0.563835382
1403638212645096960.000000 -12.052480698 1.175365090 4.183721066 -0.353268325 -0.731155932 -0.216262087 0.542073190
1403638212895097088.000000 -11.639593124 1.174479485 4.190647602 -0.404983491 -0.706295133 -0.252882540 0.522671938
1403638213095097088.000000 -11.297403336 1.179520011 4.220110893 -0.450086266 -0.680919290 -0.282882035 0.503735125
1403638213295097088.000000 -10.947398186 1.190975070 4.244871616 -0.505151927 -0.653660595 -0.296057791 0.479478031
1403638213495097088.000000 -10.586054802 1.219838262 4.244768620 -0.560416758 -0.620676041 -0.302135646 0.457611650
1403638213695097088.000000 -10.201240540 1.277362466 4.235116482 -0.573249400 -0.594468236 -0.345968187 0.445307404
1403638213895097088.000000 -9.806028366 1.348118544 4.244220734 -0.567646027 -0.586238921 -0.378849775 0.436548859
1403638214145096960.000000 -9.316962242 1.434052706 4.283056736 -0.571743309 -0.595452011 -0.374786705 0.421996951
1403638214495097088.000000 -8.660876274 1.579800010 4.337590218 -0.569453657 -0.611964881 -0.360669404 0.413689584
1403638217445096960.000000 -4.727229595 2.300224781 3.851236105 -0.595671952 -0.558628440 -0.420194775 0.395658344
1403638220195097088.000000 -4.351611614 1.523068070 3.888098240 -0.622593880 -0.528707027 -0.417037219 0.398654819
1403638221245096960.000000 -4.297101498 0.952988625 3.884843826 -0.619198501 -0.539315760 -0.431866318 0.373126268
1403638221745096960.000000 -4.317136765 0.718971372 3.860939264 -0.624760687 -0.531941175 -0.426572740 0.380457968
1403638222245096960.000000 -4.319438934 0.515487731 3.879077196 -0.622845352 -0.540048838 -0.428144515 0.370274484
1403638222745096960.000000 -4.329778194 0.369666755 3.842339516 -0.621442974 -0.536575317 -0.430397451 0.375038266
1403638223145096960.000000 -4.345557213 0.280906439 3.786266327 -0.617333889 -0.533981442 -0.435529560 0.379574478
1403638223395097088.000000 -4.359675884 0.215483785 3.773663044 -0.631205022 -0.536338210 -0.416377932 0.374901474
1403638223645096960.000000 -4.357586861 0.165134847 3.752414942 -0.629305959 -0.527379394 -0.419432938 0.387196332
1403638223895097088.000000 -4.338042259 0.119986035 3.722601414 -0.619694054 -0.538569629 -0.433736622 0.371206939
1403638224145096960.000000 -4.328374863 0.079450414 3.683216572 -0.623617053 -0.545509458 -0.427526504 0.361583054
1403638224395097088.000000 -4.332153320 0.058778197 3.648586035 -0.623801708 -0.540344059 -0.427951068 0.368453175
1403638224645096960.000000 -4.343558788 0.051967267 3.617391109 -0.619130969 -0.533549130 -0.434344143 0.378612459
1403638224895097088.000000 -4.357879639 0.045224156 3.594843626 -0.628114522 -0.538654804 -0.421259344 0.371300071
1403638225145096960.000000 -4.368245602 0.053620182 3.599037647 -0.622024715 -0.529261291 -0.427841246 0.387194723
1403638225595097088.000000 -4.369329453 0.072899990 3.602424145 -0.607611358 -0.529453874 -0.446776778 0.388429791
1403638225845096960.000000 -4.378137112 0.069067076 3.543329477 -0.613210261 -0.536214113 -0.438686609 0.379475564
1403638226095097088.000000 -4.399373055 0.066565529 3.486543894 -0.634808421 -0.540624678 -0.403724611 0.376496524
1403638226395097088.000000 -4.415246964 0.084653169 3.487796307 -0.624815226 -0.552049816 -0.416495889 0.362461090
1403638226895097088.000000 -4.405987740 0.099162795 3.516052008 -0.626007318 -0.550950289 -0.416329622 0.362268180
1403638227395097088.000000 -4.401710510 0.112416208 3.534057379 -0.626512825 -0.550993383 -0.415575624 0.362194449
1403638227645096960.000000 -4.401390553 0.119821191 3.539575815 -0.626703143 -0.550987363 -0.415285915 0.362206846
1403638228145096960.000000 -4.404135227 0.137548953 3.542812109 -0.627134502 -0.550892055 -0.414776176 0.362189263
1403638228645096960.000000 -4.408870220 0.161341071 3.536466122 -0.627382636 -0.550882041 -0.414461046 0.362135589
