1403715535862142976.000000 -0.191678241 0.126420856 0.328427553 -0.627218544 -0.539520204 -0.419192702 0.373888165
1403715537862142976.000000 0.100629270 1.411546707 0.377220720 -0.553327739 -0.565321207 -0.404054672 0.459325910
1403715540212143104.000000 -0.709372580 -1.022773504 0.169292152 -0.812742591 -0.260873109 -0.474980742 0.213981405
1403715543112143104.000000 1.952655315 -1.228060126 0.547498524 -0.702381432 -0.388110340 -0.512311935 0.305887431
1403715543612143104.000000 2.051731825 -1.197780371 0.469000995 -0.693086803 -0.379299551 -0.533228755 0.302373439
1403715543962142976.000000 2.045648336 -1.299705505 0.400701284 -0.684170008 -0.369145274 -0.579772413 0.243940935
1403715546912143104.000000 -0.692243934 -2.723976374 0.156356141 -0.734324455 -0.422287881 -0.456353545 0.272363722
1403715547112143104.000000 -0.855994105 -2.796521425 0.181938633 -0.688468218 -0.500917375 -0.430011898 0.300305039
1403715547262142976.000000 -0.973020732 -2.822005272 0.201931477 -0.648907185 -0.551218808 -0.411926717 0.324643970
1403715547462142976.000000 -1.130336046 -2.815991640 0.224407420 -0.605660439 -0.605754972 -0.379538506 0.349552542
1403715547612143104.000000 -1.256649852 -2.779398918 0.234223425 -0.574228525 -0.642747462 -0.350796789 0.366168022
1403715547762142976.000000 -1.394344449 -2.711650372 0.242934093 -0.535024822 -0.679038346 -0.326444864 0.382215947
1403715547912143104.000000 -1.545796990 -2.612526178 0.252130419 -0.494898885 -0.706799567 -0.304242283 0.403665781
1403715548362142976.000000 -2.066263199 -2.201539278 0.269607455 -0.420415848 -0.707570314 -0.310473919 0.475605756
1403715548562142976.000000 -2.316581011 -2.017369747 0.231280729 -0.425302714 -0.704099953 -0.310779214 0.476211190
1403715548812143104.000000 -2.639106274 -1.800678372 0.176724419 -0.440547138 -0.695196211 -0.307249606 0.477721840
1403715549762142976.000000 -3.755733013 -1.140159488 0.036173183 -0.448257536 -0.678843081 -0.252756119 0.523785949
1403715550112143104.000000 -3.934114218 -0.916879117 0.009850578 -0.534293473 -0.618934751 -0.275612235 0.505458295
1403715550262142976.000000 -3.938749313 -0.806821883 0.021201363 -0.566986442 -0.598935843 -0.310538799 0.472618282
1403715550462142976.000000 -3.887929916 -0.649735153 0.082655594 -0.602571845 -0.566059053 -0.360779762 0.431650728
1403715550612143104.000000 -3.822667837 -0.527885318 0.131136179 -0.630508602 -0.533053458 -0.393737555 0.404083908
1403715550862142976.000000 -3.682997465 -0.328782558 0.149089500 -0.688966274 -0.454386443 -0.418413132 0.379195094
1403715551112143104.000000 -3.479283094 -0.150200248 0.123744771 -0.732791007 -0.381235003 -0.449055284 0.340626746
1403715551612143104.000000 -2.832346678 0.067391045 0.213271931 -0.788498223 -0.222094491 -0.516255617 0.249849483
1403715551762142976.000000 -2.596060753 0.075795822 0.247913569 -0.786597013 -0.181479990 -0.553201020 0.205666825
1403715551962142976.000000 -2.288230419 0.045097120 0.291895777 -0.777123690 -0.115608610 -0.596613288 0.163603529
1403715552312143104.000000 -1.849308252 -0.110487096 0.354393065 -0.774886012 -0.029182943 -0.629152179 0.053549487
1403715552462142976.000000 -1.716320515 -0.196614563 0.374961138 0.770238042 -0.017304050 0.637461007 -0.008802480
1403715552612143104.000000 -1.623764038 -0.284304887 0.392910182 0.761679232 -0.076233871 0.642850757 0.027858889
1403715552762142976.000000 -1.575092435 -0.371941209 0.404662579 0.752617359 -0.145229802 0.639475405 0.059553266
1403715554662142976.000000 -3.496621132 -1.393458486 0.128122389 0.739971697 -0.343060821 0.368503958 0.446044952
1403715554962142976.000000 -3.424167156 -1.422632217 0.019886833 0.717995584 -0.291307539 0.392928034 0.495206922
1403715556962142976.000000 -2.329698801 -0.774302602 0.549168289 0.712474346 -0.429674387 0.466363162 0.300442636
1403715557162142976.000000 -2.413897038 -0.867931426 0.517116845 0.723072529 -0.446594000 0.449353069 0.275321364
1403715558762142976.000000 -2.293122530 -2.496850491 0.597572207 0.660477400 -0.433709085 0.508842528 0.341680169
1403715559112143104.000000 -2.178885937 -2.731167078 0.579945445 0.692633927 -0.377064496 0.518325090 0.330786705
1403715559362142976.000000 -2.094184875 -2.793498993 0.582683206 0.718731046 -0.323297471 0.535727441 0.303150982
1403715561312143104.000000 -0.687292218 -1.911161661 0.411488771 -0.828946531 -0.025284749 -0.558246970 0.023845244
1403715561712143104.000000 -0.257445544 -1.640975714 0.422758609 -0.811598420 -0.097359590 -0.572176993 0.066653669
1403715564412143104.000000 -0.655163407 0.261500716 0.207168639 -0.489544690 -0.626176834 -0.351543337 0.494637221
1403715566062142976.000000 -1.436195254 -0.354549378 0.711379111 0.148242235 -0.782998621 0.109393999 0.594113111
1403715566312143104.000000 -1.383198380 -0.481989235 0.785068393 0.267817080 -0.751395285 0.194358587 0.570880055
1403715566712143104.000000 -1.202728033 -0.622584164 0.820320547 0.424129069 -0.670657218 0.308559775 0.524522960
1403715566962142976.000000 -1.029591799 -0.659533024 0.799386084 0.516991675 -0.602057397 0.382987499 0.472828776
1403715567162142976.000000 -0.865512311 -0.650181413 0.785550654 0.593283117 -0.535646796 0.444963306 0.403863162
1403715567362142976.000000 -0.697310865 -0.608892202 0.771070898 0.673516631 -0.450709164 0.488166332 0.323929399
1403715567862142976.000000 -0.289529532 -0.434000462 0.601145327 0.791708410 -0.189009979 0.561412275 0.149296537
1403715568062142976.000000 -0.134909824 -0.335787416 0.519971848 0.804372132 -0.081346050 0.582343221 0.085116364
1403715568262142976.000000 -0.000634552 -0.213223934 0.449417204 -0.801207304 -0.016259246 -0.597924352 -0.016997363
1403715568462142976.000000 0.101634294 -0.070941791 0.384991497 -0.792687356 -0.105308980 -0.598084211 0.053404320
1403715569112143104.000000 0.168239012 0.441360474 0.285609245 -0.726540983 -0.370397270 -0.526908576 0.239398092
1403715569262142976.000000 0.139569953 0.558712542 0.268383831 -0.706325054 -0.409504265 -0.506552577 0.277156234
1403715570512143104.000000 -0.547466099 1.062684417 0.228858277 -0.408680856 -0.675818622 -0.336470068 0.512871385
1403715570562142976.000000 -0.587421179 1.054294109 0.225678355 -0.388893366 -0.685746193 -0.325063169 0.522348642
1403715570612143104.000000 -0.626906335 1.042343736 0.221568942 -0.369268179 -0.696048319 -0.312315553 0.530675828
1403715572012143104.000000 -1.313777208 0.218827277 -0.052822243 -0.246589199 -0.834539652 -0.000957413 0.492682844
1403715572362142976.000000 -1.525668859 0.359582007 -0.136781305 -0.135771289 -0.841736913 -0.102678813 0.512349606
1403715572562142976.000000 -1.722140908 0.462751716 -0.180821121 -0.065371908 -0.813592374 -0.109891415 0.567201674
1403715574012143104.000000 -2.882274151 0.260689169 -0.026937298 0.318706036 -0.781641245 0.199092671 0.497820944
1403715574212143104.000000 -3.044185162 0.182619333 0.015790559 0.386074424 -0.753158212 0.245799035 0.472527236
1403715574362142976.000000 -3.175642729 0.106206276 0.052365862 0.438173741 -0.707853615 0.271589309 0.482893676
1403715574812143104.000000 -3.482321501 -0.189140826 0.119259827 0.522944927 -0.647437572 0.294317484 0.469819576
1403715574962142976.000000 -3.533037186 -0.316130728 0.138404086 0.516771257 -0.649533033 0.322106063 0.455304265
1403715575462142976.000000 -3.610090494 -0.732568979 0.233085930 0.492768407 -0.639268458 0.333279639 0.487278104
1403715575762142976.000000 -3.552911043 -0.934464335 0.300959885 0.498317808 -0.627852738 0.289982468 0.522867560
1403715575912143104.000000 -3.471143007 -1.033266068 0.333296388 0.493741751 -0.635344028 0.286348522 0.520155430
1403715578712143104.000000 -0.474800140 -0.947020411 0.139131472 0.236164913 -0.840792179 0.140769616 0.466345847
1403715578862142976.000000 -0.467225134 -0.879441738 0.069122627 0.226285324 -0.855214655 0.115990050 0.451607466
1403715579062142976.000000 -0.529359341 -0.849343956 -0.000473233 0.234602779 -0.831996739 0.090488449 0.494524896
1403715579262142976.000000 -0.631242037 -0.899747431 -0.022602297 0.261111170 -0.786676347 0.055060614 0.556713164
1403715579412143104.000000 -0.691847920 -0.994302690 -0.031479828 0.260648012 -0.778172493 0.053834338 0.568868995
1403715582312143104.000000 -1.097308993 -3.136760235 -0.051897757 0.254724741 -0.759599626 0.168661863 0.574175060
1403715583912143104.000000 -1.470628858 -3.736064196 -0.267632276 -0.192463160 0.664164424 -0.219405711 -0.688262165
1403715586162142976.000000 -0.059442058 -2.343356609 -0.002706915 0.216679767 -0.796416998 0.202300712 0.527109265
1403715586562142976.000000 -0.151195377 -2.368302345 0.006893052 0.246703550 -0.749220669 0.159953967 0.593481660
1403715587062142976.000000 -0.075654685 -2.367239475 0.011925170 0.231741399 -0.792697310 0.168187156 0.538182080
1403715587562142976.000000 0.037562408 -2.365686655 0.074393354 0.217927277 -0.777905643 0.196071357 0.555811584
1403715588262142976.000000 0.148200884 -2.077349663 0.145236075 0.039727356 -0.793025196 0.059886478 0.604935050
1403715588412143104.000000 0.183967397 -1.975083113 0.090141617 -0.009589374 -0.790130794 0.024613831 0.612368703
1403715588562142976.000000 0.242255181 -1.866258979 0.032481093 -0.053747315 -0.789175034 -0.008743064 0.611749530
1403715588762142976.000000 0.350528657 -1.714053035 -0.042904243 -0.109181017 -0.800801635 -0.047948465 0.586938798
1403715588962142976.000000 0.472826183 -1.555980802 -0.122397989 -0.157791257 -0.826110303 -0.093597241 0.532806993
1403715589162142976.000000 0.561041772 -1.392719507 -0.184163362 -0.205573812 -0.835427344 -0.128103703 0.493345827
1403715589412143104.000000 0.576648831 -1.168065071 -0.185518816 -0.257099450 -0.831699669 -0.156597063 0.466532737
1403715589612143104.000000 0.509112954 -0.960603476 -0.154859036 -0.291473776 -0.829087138 -0.173026159 0.444656700
1403715589812143104.000000 0.353963196 -0.710995853 -0.067928180 -0.293529958 -0.807757378 -0.195216909 0.472502589
1403715591112143104.000000 -1.313240290 0.487061381 0.520072818 -0.029551987 -0.827510595 -0.048215710 0.558594942
1403715591312143104.000000 -1.621242881 0.543184996 0.584890962 0.066229120 -0.829961658 -0.012515190 0.553733408
1403715591512143104.000000 -1.929757714 0.555262804 0.639677703 0.151442111 -0.821674228 0.032807142 0.548489213
1403715591912143104.000000 -2.531174898 0.440457761 0.625720918 0.284194618 -0.784618258 0.127435744 0.536067069
1403715592112143104.000000 -2.807627201 0.320912898 0.546484470 0.355832666 -0.753567636 0.150380880 0.531887829
1403715592312143104.000000 -3.038368225 0.143947750 0.482163072 0.420768142 -0.706070960 0.192177325 0.536177099
1403715592512143104.000000 -3.193819523 -0.084151022 0.465290308 0.486222953 -0.660598278 0.228742927 0.524284244
1403715592712143104.000000 -3.262908936 -0.344942838 0.459157288 0.547701180 -0.608467698 0.262684792 0.510673285
1403715592912143104.000000 -3.234336138 -0.626833439 0.452073812 0.585762322 -0.582158804 0.329631567 0.457511395
1403715593112143104.000000 -3.142889738 -0.914268613 0.444313288 0.610803008 -0.556021273 0.407426327 0.389568776
1403715593312143104.000000 -3.038325310 -1.196748853 0.434887826 0.652699947 -0.498641044 0.449065238 0.351682246
1403715593812143104.000000 -2.702663183 -1.820070505 0.417272329 0.735845149 -0.322003096 0.514167547 0.300795019
1403715594062142976.000000 -2.472171307 -2.025196552 0.408438891 0.775060833 -0.239770114 0.533368766 0.239392370
1403715594562142976.000000 -1.940020561 -2.206198931 0.402309299 0.819668174 -0.074229851 0.553403020 0.127981558
1403715594812143104.000000 -1.644975424 -2.181998491 0.397722006 -0.842723489 -0.009878961 -0.535686314 -0.052532412
1403715595062142976.000000 -1.311408520 -2.094298124 0.387204379 -0.850156784 -0.085088238 -0.518572927 0.032795060
1403715595312143104.000000 -0.924595892 -1.973935366 0.379433572 -0.829208970 -0.162231520 -0.523381889 0.110294335
1403715595812143104.000000 -0.114482090 -1.699749589 0.358779371 -0.699466705 -0.365342647 -0.582456827 0.194974631
1403715596062142976.000000 0.139027357 -1.557363153 0.377442271 -0.608914196 -0.412146151 -0.627622187 0.255830854
1403715596312143104.000000 0.169889420 -1.498407006 0.436037272 -0.616897702 -0.436634600 -0.588764429 0.286607593
1403715596812143104.000000 -0.125329196 -1.442782879 0.583064139 -0.701700211 -0.531276882 -0.385737926 0.276709199
1403715597062142976.000000 -0.259973884 -1.243438125 0.649600506 -0.697949767 -0.561932445 -0.343198150 0.281626046
1403715597612143104.000000 -0.407194763 -0.352817923 0.791441023 -0.593512297 -0.553841710 -0.404046983 0.421602458
1403715598362142976.000000 -0.424206764 0.741150439 0.843713284 -0.503966391 -0.583559275 -0.413587272 0.484171450
1403715598612143104.000000 -0.403360218 0.942648470 0.802721381 -0.489722699 -0.548447549 -0.433765501 0.520792246
1403715599962142976.000000 -0.015645571 0.696883142 0.301385909 -0.544353902 -0.592156529 -0.382562160 0.454616100
1403715600412143104.000000 0.199971393 0.477307379 0.113244906 -0.467030704 -0.675280094 -0.393040448 0.414002746
1403715600662142976.000000 0.196517467 0.341984272 0.009888336 -0.434321493 -0.721653223 -0.301628470 0.446768135
1403715601662142976.000000 -0.300523520 -0.006914623 0.216455489 -0.282965571 -0.776105344 -0.217584386 0.519854009
1403715601912143104.000000 -0.501461327 -0.104995072 0.297212958 -0.287121505 -0.762124419 -0.221588731 0.536307871
1403715602162142976.000000 -0.696960390 -0.221401498 0.366706759 -0.309071660 -0.717944682 -0.255882651 0.568818331
1403715602662142976.000000 -0.960669816 -0.574914992 0.430299938 -0.421449631 -0.699670732 -0.305902064 0.489147246
1403715602912143104.000000 -1.074676991 -0.767088056 0.392741680 -0.470028073 -0.673568845 -0.341622263 0.456807226
1403715603162142976.000000 -1.206650972 -0.955237508 0.289010257 -0.515112400 -0.640891135 -0.371298105 0.431341588
1403715603412143104.000000 -1.359336734 -1.132838488 0.180373684 -0.556526840 -0.616887510 -0.383901447 0.402923703
1403715603662142976.000000 -1.533287048 -1.282615423 0.095904388 -0.585769653 -0.587800980 -0.373300731 0.414741576
1403715603912143104.000000 -1.680527925 -1.400727987 0.044947110 -0.606207311 -0.569623649 -0.353210419 0.428116888
1403715604162142976.000000 -1.760352492 -1.474060535 0.041014593 -0.603281319 -0.592234910 -0.356711894 0.397575378
1403715604662142976.000000 -1.857001305 -1.470939875 0.006556023 -0.578919888 -0.587770581 -0.394312203 0.404840052
1403715604962142976.000000 -1.923004627 -1.427566171 -0.019561756 -0.575602531 -0.588303506 -0.398962140 0.404240102
1403715605362142976.000000 -2.025843143 -1.354851842 -0.023095353 -0.573692501 -0.585555673 -0.393645048 0.415986776
1403715605762142976.000000 -2.115469694 -1.268816590 -0.081734657 -0.571947336 -0.588797152 -0.387144327 0.419896871
1403715606162142976.000000 -2.182872534 -1.171078205 -0.160745144 -0.560630322 -0.593804896 -0.397058755 0.418848127
1403715606562142976.000000 -2.260537624 -1.081230283 -0.221579820 -0.564006984 -0.589220464 -0.381670326 0.434790909
1403715606912143104.000000 -2.295289278 -1.015720487 -0.251094162 -0.556754827 -0.582693458 -0.380268514 0.453749210
1403715607262142976.000000 -2.293304443 -0.985726476 -0.301831305 -0.545497060 -0.601105630 -0.393141478 0.431908399
1403715607712143104.000000 -2.318452358 -0.999850690 -0.333440870 -0.547277570 -0.600880921 -0.395401299 0.427887022
1403715608112143104.000000 -2.344672203 -1.019271374 -0.359583586 -0.546126246 -0.606336892 -0.393614322 0.423284054
1403715608362142976.000000 -2.345328808 -1.019997835 -0.361714333 -0.546737969 -0.605868101 -0.393017828 0.423719704
1403715608662142976.000000 -2.345565319 -1.021030664 -0.362881631 -0.546742857 -0.605594754 -0.393252254 0.423886657
1403715608912143104.000000 -2.344897270 -1.023248911 -0.362976193 -0.546885431 -0.605414212 -0.393113434 0.424089283
