#LBA time[ms],KF opt[#],KF fixed[#],MP[#],Edges[#]
0.009142,3,1,0,253
0.002936,4,1,0,456
0.053191,5,1,0,951
0.252930,6,1,0,1472
0.423822,7,1,0,2061
0.371713,8,1,0,2605
0.818509,9,1,0,3078
0.570201,10,1,0,3531
0.858833,0,0,0,0
46.663164,0,0,0,0
1.036816,0,0,0,0
1.172578,0,0,0,0
2.310275,0,0,0,0
2.744268,0,0,0,0
2.517837,0,0,0,0
2.569670,0,0,0,0
4.985083,0,0,0,0
2.614414,0,0,0,0
3.791036,0,0,0,0
3.734490,0,0,0,0
4.716928,0,0,0,0
5.445326,0,0,0,0
5.748305,0,0,0,0
4.820063,0,0,0,0
4.394870,0,0,0,0
5.846924,0,0,0,0
5.238134,0,0,0,0
4.816172,0,0,0,0
4.501781,0,0,0,0
4.535754,0,0,0,0
4.342115,0,0,0,0
4.435051,0,0,0,0
4.409881,0,0,0,0
4.129015,0,0,0,0
6.924297,0,0,0,0
4.944326,0,0,0,0
4.446163,0,0,0,0
4.450688,0,0,0,0
3.698371,0,0,0,0
5.594587,0,0,0,0
3.339261,0,0,0,0
3.589459,0,0,0,0
2.102973,0,0,0,0
2.822512,0,0,0,0
1.816367,0,0,0,0
2.246818,0,0,0,0
2.672769,0,0,0,0
3.135114,0,0,0,0
3.811311,0,0,0,0
2.390348,0,0,0,0
3.608385,0,0,0,0
2.895265,0,0,0,0
2.989569,0,0,0,0
3.714567,0,0,0,0
3.648950,0,0,0,0
6.126994,0,0,0,0
4.154074,0,0,0,0
3.965247,0,0,0,0
6.155086,0,0,0,0
7.196981,0,0,0,0
4.170618,0,0,0,0
4.521318,0,0,0,0
6.998410,0,0,0,0
6.034818,0,0,0,0
4.051376,0,0,0,0
5.504377,0,0,0,0
6.027152,0,0,0,0
6.321481,0,0,0,0
4.090754,0,0,0,0
4.480281,0,0,0,0
4.500501,0,0,0,0
5.082878,0,0,0,0
3.972364,0,0,0,0
2.666452,0,0,0,0
4.374698,0,0,0,0
5.662280,0,0,0,0
5.669107,0,0,0,0
5.103166,0,0,0,0
5.796033,0,0,0,0
3.432435,0,0,0,0
4.419775,0,0,0,0
6.217615,0,0,0,0
4.507690,0,0,0,0
7.162983,0,0,0,0
9.884558,0,0,0,0
12.915015,0,0,0,0
10.283508,0,0,0,0
6.591146,0,0,0,0
5.619006,0,0,0,0
4.575218,0,0,0,0
4.036210,0,0,0,0
3.889703,0,0,0,0
4.990656,0,0,0,0
7.047058,0,0,0,0
5.986664,0,0,0,0
6.461115,0,0,0,0
5.743849,0,0,0,0
3.974444,0,0,0,0
4.931657,0,0,0,0
5.012315,0,0,0,0
5.930270,0,0,0,0
8.231665,0,0,0,0
9.219121,0,0,0,0
9.752798,0,0,0,0
9.455427,0,0,0,0
10.677988,0,0,0,0
11.475374,0,0,0,0
7.081444,0,0,0,0
9.168601,0,0,0,0
12.763083,0,0,0,0
7.973721,0,0,0,0
6.307581,0,0,0,0
6.491874,0,0,0,0
4.534734,0,0,0,0
3.154227,0,0,0,0
1.996992,0,0,0,0
5.477907,0,0,0,0
1.626211,0,0,0,0
1.585435,0,0,0,0
5.195848,0,0,0,0
3.673159,0,0,0,0
7.830784,0,0,0,0
4.668601,0,0,0,0
4.877364,0,0,0,0
7.770118,0,0,0,0
5.814138,0,0,0,0
10.424947,0,0,0,0
7.583470,0,0,0,0
4.986904,0,0,0,0
5.709425,0,0,0,0
7.663691,0,0,0,0
7.783364,0,0,0,0
6.167328,0,0,0,0
11.483025,0,0,0,0
5.619549,0,0,0,0
7.273970,0,0,0,0
8.496873,0,0,0,0
9.006456,0,0,0,0
9.168011,0,0,0,0
12.570651,0,0,0,0
14.622441,0,0,0,0
14.780729,0,0,0,0
13.935475,0,0,0,0
13.051256,0,0,0,0
12.886035,0,0,0,0
12.760644,0,0,0,0
15.267715,0,0,0,0
13.324791,0,0,0,0
11.245139,0,0,0,0
11.214308,0,0,0,0
12.322229,0,0,0,0
7.634445,0,0,0,0
11.081374,0,0,0,0
8.944026,0,0,0,0
12.635165,0,0,0,0
11.873415,0,0,0,0
10.871887,0,0,0,0
9.613776,0,0,0,0
7.959696,0,0,0,0
7.027102,0,0,0,0
7.036684,0,0,0,0
10.622330,0,0,0,0
5.099636,0,0,0,0
8.236563,0,0,0,0
4.130162,0,0,0,0
5.114272,0,0,0,0
13.565275,0,0,0,0
11.327100,0,0,0,0
12.200057,0,0,0,0
7.455857,0,0,0,0
7.983296,0,0,0,0
10.083145,0,0,0,0
14.527838,0,0,0,0
14.445309,0,0,0,0
12.965968,0,0,0,0
13.567879,0,0,0,0
17.650354,0,0,0,0
10.193244,0,0,0,0
10.643735,0,0,0,0
9.916833,0,0,0,0
12.632748,0,0,0,0
13.716299,0,0,0,0
15.120936,0,0,0,0
10.447108,0,0,0,0
15.107787,0,0,0,0
12.464404,0,0,0,0
11.134175,0,0,0,0
13.441563,0,0,0,0
13.815428,0,0,0,0
9.869459,0,0,0,0
13.209554,0,0,0,0
10.959378,0,0,0,0
9.494938,0,0,0,0
10.011442,0,0,0,0
13.363720,0,0,0,0
7.994924,0,0,0,0
7.065848,0,0,0,0
8.909778,0,0,0,0
8.207753,0,0,0,0
6.321292,0,0,0,0
5.768435,0,0,0,0
5.748171,0,0,0,0
8.728840,0,0,0,0
7.335123,0,0,0,0
6.833352,0,0,0,0
6.003732,0,0,0,0
6.686365,0,0,0,0
6.429698,0,0,0,0
5.797625,0,0,0,0
10.271474,0,0,0,0
13.479501,0,0,0,0
12.208870,0,0,0,0
13.264061,0,0,0,0
0.000000,0,0,0,0
14.015083,0,0,0,0
12.446438,0,0,0,0
12.766375,0,0,0,0
9.623296,0,0,0,0
11.637631,0,0,0,0
10.254307,0,0,0,0
13.193292,0,0,0,0
12.216719,0,0,0,0
13.074218,0,0,0,0
12.556234,0,0,0,0
12.295132,0,0,0,0
15.163304,0,0,0,0
12.228793,0,0,0,0
13.534481,0,0,0,0
12.829852,0,0,0,0
13.706544,0,0,0,0
13.851786,0,0,0,0
12.670894,0,0,0,0
11.198966,0,0,0,0
12.778751,0,0,0,0
10.853775,0,0,0,0
12.835419,0,0,0,0
12.275921,0,0,0,0
13.820462,0,0,0,0
11.480097,0,0,0,0
14.344395,0,0,0,0
12.252314,0,0,0,0
15.865946,0,0,0,0
14.723636,0,0,0,0
11.826531,0,0,0,0
16.284561,0,0,0,0
15.044974,0,0,0,0
14.640065,0,0,0,0
14.412595,0,0,0,0
14.619128,0,0,0,0
15.500793,0,0,0,0
17.628845,0,0,0,0
20.512738,0,0,0,0
18.812098,0,0,0,0
26.265407,0,0,0,0
19.112047,0,0,0,0
27.275703,0,0,0,0
24.194185,0,0,0,0
22.884568,0,0,0,0
15.917385,0,0,0,0
15.012307,0,0,0,0
16.315329,0,0,0,0
14.317012,0,0,0,0
23.352109,0,0,0,0
11.497375,0,0,0,0
14.074752,0,0,0,0
17.434362,0,0,0,0
17.777408,0,0,0,0
23.029958,0,0,0,0
21.194503,0,0,0,0
18.536554,0,0,0,0
15.163990,0,0,0,0
11.122362,0,0,0,0
14.810949,0,0,0,0
13.686981,0,0,0,0
12.559645,0,0,0,0
17.020151,0,0,0,0
12.645920,0,0,0,0
13.795746,0,0,0,0
14.417585,0,0,0,0
12.063666,0,0,0,0
11.639049,0,0,0,0
11.548773,0,0,0,0
13.174494,0,0,0,0
10.443772,0,0,0,0
18.009506,0,0,0,0
17.105941,0,0,0,0
13.502903,0,0,0,0
11.914646,0,0,0,0
13.363497,0,0,0,0
11.921486,0,0,0,0
17.704711,0,0,0,0
12.634341,0,0,0,0
15.894433,0,0,0,0
15.073791,0,0,0,0
14.074275,0,0,0,0
14.216553,0,0,0,0
15.142585,0,0,0,0
13.310121,0,0,0,0
14.214496,0,0,0,0
21.266421,0,0,0,0
18.002634,0,0,0,0
22.024407,0,0,0,0
25.099332,0,0,0,0
14.884111,0,0,0,0
16.191426,0,0,0,0
22.257044,0,0,0,0
30.943125,0,0,0,0
19.942639,0,0,0,0
18.422195,0,0,0,0
18.239184,0,0,0,0
21.350161,0,0,0,0
24.462929,0,0,0,0
23.632542,0,0,0,0
17.586337,0,0,0,0
19.567751,0,0,0,0
26.094455,0,0,0,0
25.150865,0,0,0,0
20.296536,0,0,0,0
20.934282,0,0,0,0
16.884353,0,0,0,0
17.380908,0,0,0,0
16.454997,0,0,0,0
22.012294,0,0,0,0
19.558364,0,0,0,0
22.029595,0,0,0,0
17.503378,0,0,0,0
20.718855,0,0,0,0
20.303052,0,0,0,0
16.991478,0,0,0,0
19.622245,0,0,0,0
16.017513,0,0,0,0
19.668292,-1078143544,9448,32328,1080516426
15.879561,-37421056,9573,1,-2036020657
19.770877,-1082352456,9699,-1039937653,1080495798
