1413393216555760384.000000 -0.305651695 0.606378078 0.298771292 -0.578809023 -0.559935868 -0.419692189 0.418700904
1413393219455760384.000000 -0.852521777 0.125501424 0.579654813 -0.602069914 -0.563138187 -0.401406825 0.399073809
1413393222205760512.000000 -1.004947305 0.227861091 1.038047194 -0.585230708 -0.561838150 -0.423148930 0.403469920
1413393223155760384.000000 -1.040408969 0.434953779 1.034977436 -0.590590775 -0.579463720 -0.399203032 0.395046055
1413393224055760384.000000 -1.113272786 0.870759666 0.948235750 -0.584140897 -0.564842522 -0.425249279 0.398616970
1413393224905760512.000000 -1.287730217 1.212474585 0.675764024 -0.635177255 -0.505888402 -0.441104263 0.382169813
1413393225305760512.000000 -1.338792682 1.317710280 0.632736802 -0.650133848 -0.495647460 -0.448276073 0.361535847
1413393226705760512.000000 -1.213441133 1.667954922 0.571970701 -0.767174125 -0.303029507 -0.519428790 0.223183021
1413393229055760384.000000 -0.581841111 2.290920258 0.512224257 -0.815607190 -0.120573871 -0.558334827 0.092244647
1413393232005760512.000000 1.206417561 3.037637949 0.380745262 0.809787095 -0.033652849 0.585159898 -0.026461311
1413393232405760512.000000 1.402083516 3.016970158 0.357611239 0.810548246 -0.094548762 0.577009499 0.033648390
1413393232855760384.000000 1.618277073 2.913104534 0.257296652 0.806191087 -0.141374350 0.570402265 0.068633668
1413393233005760512.000000 1.692913413 2.862297535 0.233175650 0.808506846 -0.138839871 0.566563308 0.077756681
1413393233755760384.000000 2.080990791 2.576724291 0.369354606 0.789528430 -0.188533306 0.565865815 0.144554451
1413393234005760512.000000 2.193054199 2.506301880 0.485461771 0.770472884 -0.225450233 0.572451293 0.166863039
1413393234205760512.000000 2.269819021 2.461940765 0.566966116 0.763180554 -0.263544232 0.563796580 0.173877507
1413393234355760384.000000 2.318175316 2.430156946 0.606198013 0.735196829 -0.294361949 0.586134434 0.171123549
1413393234905760512.000000 2.256589413 2.306221724 0.740114272 0.724554658 -0.349732161 0.526246727 0.275267899
1413393237405760512.000000 2.247483492 2.032753706 0.701939404 0.566440463 -0.576343119 0.391093731 0.440476507
1413393239805760512.000000 2.432307482 1.187961340 0.761172414 0.545282543 -0.607966840 0.411996156 0.404107124
1413393242605760512.000000 2.397250175 0.066790678 0.593632340 0.538768232 -0.611667991 0.414918572 0.404269278
1413393245555760384.000000 2.291241646 0.186603054 0.558067083 0.661029518 -0.476226151 0.466622978 0.344255120
1413393247905760512.000000 2.398503304 0.424942017 0.199285895 0.688727021 -0.451946557 0.500807643 0.265690058
1413393250455760384.000000 2.209169388 0.298499376 0.105823405 0.673841417 -0.448791414 0.488122225 0.325976610
1413393250855760384.000000 2.301546812 0.325718701 0.073074929 0.666617274 -0.460454255 0.498658389 0.308128327
1413393253555760384.000000 2.297156811 0.536670506 0.268930912 0.399907202 -0.724711776 0.279296309 0.486683369
1413393255755760384.000000 2.131086349 -0.177277893 0.655130446 0.311287254 -0.748778522 0.255096644 0.526646674
1413393256255760384.000000 2.031796932 -0.254239202 0.656265020 0.317785561 -0.756514668 0.221595794 0.526871204
1413393256755760384.000000 1.901108861 -0.397772580 0.679998875 0.323372841 -0.755715847 0.226902381 0.522339761
1413393257705760512.000000 1.591442466 -0.787434995 0.575103283 0.317406058 -0.752828002 0.242422417 0.523196757
1413393258955760384.000000 1.269566417 -1.341685176 0.514880002 0.448904902 -0.677636743 0.334397614 0.476939350
1413393261105760512.000000 1.078915596 -1.932905197 0.561813951 0.733591199 -0.370789319 0.505565047 0.262227446
1413393263905760512.000000 1.707043290 -2.275876284 0.416088045 0.764659643 -0.221855015 0.581697702 0.166444346
1413393266855760384.000000 1.980571985 -2.248399973 0.348212093 -0.788373947 -0.147901312 -0.583372235 0.127547711
1413393267355760384.000000 1.945542812 -2.272044659 0.464970261 -0.794572651 -0.177388147 -0.560965419 0.150018975
1413393270205760512.000000 1.789265633 -2.365842342 0.187932774 -0.790933371 -0.222543448 -0.548918426 0.153582200
1413393270705760512.000000 1.797944784 -2.373456717 0.081133991 -0.798322141 -0.194093972 -0.554060042 0.134264261
1413393271055760384.000000 1.829111934 -2.365063906 0.120103754 -0.798777819 -0.178630233 -0.565431118 0.101651482
1413393271405760512.000000 1.859141350 -2.313253164 0.116849691 -0.791289747 -0.167628825 -0.582003653 0.083861880
1413393274105760512.000000 1.635092020 -1.487457156 0.412153512 0.758069336 -0.298974663 0.544599950 0.198383138
1413393276655760384.000000 1.219368458 -1.136169672 0.534725189 0.580231249 -0.576216459 0.413625836 0.400274932
1413393279005760512.000000 0.590338111 -1.384886384 0.491455287 0.481064469 -0.654854774 0.339059740 0.474110425
1413393279505760512.000000 0.327582836 -1.429164171 0.486802459 0.502571106 -0.655727744 0.330451608 0.456338972
1413393280005760512.000000 0.151321337 -1.550420165 0.470412761 0.499145508 -0.635831833 0.356831729 0.468233615
1413393280505760512.000000 0.036576711 -1.646122813 0.489302546 0.486388415 -0.637730181 0.397234321 0.446017236
1413393280955760384.000000 -0.145071357 -1.657995582 0.451096565 0.493148297 -0.652254879 0.397937059 0.415950060
1413393281355760384.000000 -0.408368349 -1.666182756 0.451820046 0.518243968 -0.632212877 0.361855060 0.448097080
1413393281705760512.000000 -0.613924444 -1.699615717 0.485344321 0.510024607 -0.632960856 0.358491421 0.459041923
1413393282155760384.000000 -0.809235394 -1.742975593 0.554031670 0.487819344 -0.649229527 0.368595123 0.452405691
1413393282605760512.000000 -0.999010146 -1.774556994 0.637401283 0.497798562 -0.638086855 0.355740935 0.467429399
1413393283105760512.000000 -1.143475533 -1.803724647 0.639290869 0.540835202 -0.612027884 0.381456763 0.432908714
1413393283605760512.000000 -1.193770528 -1.850766420 0.648700774 0.623924255 -0.535027623 0.427221388 0.376756966
1413393284105760512.000000 -1.155376434 -1.929605365 0.543879390 0.690554023 -0.437543511 0.481375575 0.316177785
1413393284655760384.000000 -1.018234491 -1.986653328 0.496229202 0.752482831 -0.308261365 0.537071168 0.224274844
1413393284905760512.000000 -0.938963175 -1.993938446 0.483211249 0.778983533 -0.253059357 0.552208483 0.155600369
1413393286655760384.000000 -0.475267500 -2.392501831 0.478403032 -0.811693966 -0.029815447 -0.582436383 0.032121703
1413393286955760384.000000 -0.425687939 -2.469570637 0.472499341 -0.814516544 -0.046157215 -0.578291774 0.003330896
1413393289555760384.000000 0.190730587 -2.399748325 0.476260632 -0.751443267 -0.311881423 -0.535157204 0.227309823
1413393292155760384.000000 0.732061028 -2.368837595 0.187873557 -0.729650736 -0.345002890 -0.538284779 0.242553771
1413393294605760512.000000 -0.017907262 -2.450736761 0.469902605 -0.715745091 -0.389539301 -0.514686346 0.266582459
1413393294905760512.000000 -0.206898823 -2.443524122 0.480924129 -0.725589037 -0.375725091 -0.505536735 0.277099013
1413393296655760384.000000 -1.001489758 -2.195284128 0.468724191 -0.738175988 -0.362661779 -0.503476381 0.264734238
1413393298805760512.000000 -1.008689523 -1.542095661 0.239026412 -0.744584978 -0.333994269 -0.523181319 0.245606214
1413393299355760384.000000 -0.903498411 -1.343944311 0.242529690 -0.732269645 -0.323132366 -0.549181521 0.240346536
1413393299655760384.000000 -0.877987623 -1.253651142 0.249882877 -0.736604750 -0.310327142 -0.545637667 0.251774102
1413393300555760384.000000 -0.946332514 -1.083384633 0.330448776 -0.733544767 -0.350440443 -0.503772795 0.292090029
1413393300805760512.000000 -0.959983706 -1.047267199 0.361680061 -0.703943014 -0.407132864 -0.491216570 0.312111318
1413393301305760512.000000 -0.976676643 -0.999007463 0.293369025 -0.653050244 -0.459217250 -0.490473241 0.349400967
1413393301955760384.000000 -1.104236603 -1.027662277 0.184910417 -0.598909616 -0.553984940 -0.432616353 0.383733064
1413393302255760384.000000 -1.201637864 -1.034828663 0.172424421 -0.594832957 -0.555397391 -0.429560006 0.391389519
1413393303255760384.000000 -1.533549786 -1.008074284 0.287382334 -0.619410038 -0.530055881 -0.425706387 0.392614514
1413393304455760384.000000 -1.781309843 -0.896887898 0.478258669 -0.622505903 -0.541225135 -0.427585989 0.369773030
1413393304905760512.000000 -1.847949743 -0.800104201 0.452556998 -0.608986795 -0.546272159 -0.432376713 0.379173100
1413393305355760384.000000 -1.934238672 -0.669111848 0.469894707 -0.609580398 -0.547862530 -0.435928047 0.371786475
1413393305755760384.000000 -2.040696383 -0.526955068 0.514393389 -0.625866175 -0.528951824 -0.444655240 0.361639619
1413393307355760384.000000 -2.601624250 0.165652335 0.583601236 -0.736385405 -0.357980549 -0.506436408 0.270386308
1413393307755760384.000000 -2.605491638 0.302778095 0.607447207 -0.780245066 -0.277211726 -0.523219824 0.201525211
1413393310055760384.000000 -2.444571018 1.150769353 0.478300691 0.822178781 -0.061241925 0.565851927 0.009113915
1413393310905760512.000000 -2.267329693 1.214927435 0.471170843 0.814471543 -0.059596673 0.577038467 0.010538300
1413393311405760512.000000 -2.129962206 1.179265857 0.402400106 0.820277154 -0.057888411 0.567783415 0.037634589
1413393313905760512.000000 -1.334400296 1.121165752 0.367150515 0.796224177 -0.029408976 0.604187906 0.010916660
1413393316855760384.000000 -0.839379251 1.493620276 0.644951701 -0.806803584 -0.123902977 -0.571083009 0.087065488
1413393317355760384.000000 -0.781671047 1.707610369 0.623666644 -0.791240454 -0.131297216 -0.590101063 0.092089422
1413393317855760384.000000 -0.802645743 1.931471825 0.539179265 -0.792869091 -0.122726150 -0.590111196 0.089809492
1413393318205760512.000000 -0.869668782 2.085667610 0.460690856 -0.804815173 -0.108688347 -0.577509105 0.083322555
1413393318505760512.000000 -0.933459759 2.215003967 0.382718444 -0.806662560 -0.089927591 -0.576401114 0.094712004
1413393318805760512.000000 -0.991573334 2.314247608 0.304200411 -0.805592179 -0.087672025 -0.578110218 0.095517196
1413393319205760512.000000 -1.080491662 2.393289566 0.261904389 -0.801455200 -0.092798300 -0.582998037 0.095767319
1413393319655760384.000000 -1.186358571 2.426376581 0.208166361 -0.826609612 -0.091541275 -0.545340717 0.104595877
1413393319905760512.000000 -1.194352746 2.422160387 0.143247381 -0.818825245 -0.108727314 -0.556837559 0.087381065
1413393320355760384.000000 -1.170313239 2.431603909 -0.000933053 -0.800545633 -0.112124518 -0.583194852 0.080241218
1413393320755760384.000000 -1.167501807 2.477930784 -0.047436148 -0.812593102 -0.108467788 -0.568116248 0.071909763
1413393321105760512.000000 -1.184349418 2.470364332 -0.073713034 -0.812398374 -0.115621664 -0.568532407 0.058408111
1413393321555760384.000000 -1.187777281 2.463093281 -0.077530503 -0.799804151 -0.097261764 -0.588109314 0.070576072
1413393321955760384.000000 -1.187219024 2.463529587 -0.078459084 -0.798645973 -0.097524568 -0.589672446 0.070286296
1413393322455760384.000000 -1.187409759 2.463182688 -0.078619637 -0.798260391 -0.097396962 -0.590202272 0.070394613
1413393322955760384.000000 -1.188160419 2.463043690 -0.078447573 -0.798305869 -0.097364336 -0.590116382 0.070644990
1413393323455760384.000000 -1.188972831 2.462814569 -0.077782460 -0.798391402 -0.097262733 -0.589980662 0.070950955
1413393323955760384.000000 -1.188722491 2.462944269 -0.078660987 -0.798493624 -0.097137503 -0.589849949 0.071058601
1413393324455760384.000000 -1.188725948 2.463014841 -0.078108206 -0.798607469 -0.096962348 -0.589710176 0.071177766
1413393324955760384.000000 -1.189116955 2.462872267 -0.077461436 -0.798740506 -0.097006463 -0.589513302 0.071255527
1413393325455760384.000000 -1.189665556 2.462961197 -0.077979244 -0.798788786 -0.096830234 -0.589455187 0.071435973
1413393325955760384.000000 -1.189026952 2.462859869 -0.077821866 -0.798827469 -0.096615084 -0.589421690 0.071570486
