1413393216555760384.000000 -0.574230254 -0.446005911 0.121919021 -0.649601579 -0.475526273 -0.473120630 0.357839823
1413393219455760384.000000 -1.236529589 -0.767746150 0.405143499 -0.673161685 -0.475387424 -0.452478915 0.340768188
1413393222355760384.000000 -1.358598471 -0.614554048 0.833150029 -0.660093546 -0.480692178 -0.467889190 0.338070005
1413393223755760384.000000 -1.287255168 -0.122928336 0.809050977 -0.650715649 -0.486587137 -0.472281069 0.341691077
1413393224205760512.000000 -1.294823289 0.101832472 0.767763436 -0.656494856 -0.476215154 -0.478739858 0.336216867
1413393224455760384.000000 -1.317077041 0.223081321 0.697288156 -0.657623827 -0.469004691 -0.484429419 0.335996509
1413393226105760512.000000 -1.274006605 0.703411460 0.448959440 -0.769494474 -0.259008706 -0.554024756 0.183982193
1413393228805760512.000000 -0.479948938 1.253856897 0.342761219 -0.818331838 -0.012366863 -0.574165761 0.022668250
1413393231555760384.000000 1.255067348 1.479686022 0.272372812 0.800708294 -0.097103037 0.588519871 0.055511702
1413393232155760384.000000 1.627035022 1.484221697 0.199212506 0.798093557 -0.166762754 0.574382961 0.072946064
1413393232455760384.000000 1.758134127 1.413974285 0.174198687 0.788119078 -0.214165211 0.564574540 0.119403727
1413393232855760384.000000 1.917418838 1.268543005 0.081858359 0.778926730 -0.250968158 0.555656731 0.146743342
1413393233655760384.000000 2.237329960 0.864001155 0.151509494 0.758558333 -0.279791236 0.551222444 0.206058294
1413393233805760512.000000 2.291201353 0.796442509 0.216025859 0.751680851 -0.302593559 0.540175378 0.227208614
1413393233955760384.000000 2.345768452 0.736572027 0.285829127 0.736032426 -0.320698321 0.544578433 0.242576227
1413393234155760384.000000 2.411377430 0.670159936 0.369145095 0.722737014 -0.358308166 0.536094189 0.248736009
1413393236905760512.000000 2.309605122 0.353877842 0.468723834 0.470509291 -0.677322626 0.353004277 0.441863179
1413393239455760384.000000 2.255632639 -0.454377025 0.555160582 0.473701388 -0.664458811 0.322503269 0.479680300
1413393242255760384.000000 1.875437140 -1.663321137 0.423805952 0.450467736 -0.649817765 0.345807254 0.505206048
1413393245105760512.000000 1.817512631 -1.658620358 0.425292403 0.580338418 -0.567436397 0.430052459 0.395320356
1413393247855760384.000000 1.995367646 -1.349652171 0.027667774 0.624072492 -0.547167957 0.449428201 0.330386162
1413393250655760384.000000 1.830226064 -1.438235760 -0.093594067 0.588402748 -0.540748000 0.458891273 0.388320237
1413393253155760384.000000 1.932692289 -1.181157112 0.069583163 0.306775570 -0.758376300 0.203463167 0.537919104
1413393254455760384.000000 1.788556814 -1.452058077 0.266322374 0.236107856 -0.782644749 0.160058931 0.553264320
1413393256005760512.000000 1.519089460 -1.881665468 0.483766586 0.209917247 -0.792739928 0.153855786 0.551204801
1413393257005760512.000000 1.189896941 -2.082017183 0.480427355 0.219169691 -0.789498687 0.159511194 0.550647557
1413393258005760512.000000 0.738787413 -2.396972418 0.357730687 0.212311909 -0.787994027 0.148511499 0.558509946
1413393260705760512.000000 0.046097159 -3.332868814 0.411564440 0.651595712 -0.418858588 0.483376920 0.407832593
1413393261205760512.000000 0.089232460 -3.244405031 0.378918886 0.676552296 -0.476460159 0.458126128 0.324627936
1413393264055760384.000000 0.589567363 -3.804895639 0.191982985 0.734068155 -0.311508298 0.556560576 0.233124122
1413393266705760512.000000 0.846556664 -3.841519117 0.162095472 0.806825161 -0.007058222 0.590692222 -0.008123570
1413393267105760512.000000 0.833584011 -3.823032856 0.228522778 -0.805558801 -0.070277721 -0.584398329 0.067931294
1413393267605760512.000000 0.778100610 -3.876305103 0.283555478 -0.811212420 -0.062074028 -0.579039276 0.052866895
1413393270105760512.000000 0.640313148 -3.886926651 0.036353223 -0.813333094 -0.110003896 -0.566446900 0.074339494
1413393270555760384.000000 0.627072334 -3.890868664 -0.075213619 -0.815729499 -0.094663903 -0.565655172 0.075222477
1413393272505760512.000000 0.724297464 -3.535625219 -0.009080159 0.803862214 -0.091835931 0.584270537 0.063243464
1413393275455760384.000000 0.650940895 -2.733937025 0.285909116 0.546246767 -0.593252718 0.413452268 0.422756493
1413393277955760384.000000 0.187330559 -2.676856041 0.319232941 0.453055203 -0.660227537 0.360020995 0.478774995
1413393278805760512.000000 -0.121588454 -2.625183105 0.289925843 0.369526297 -0.729738414 0.286719978 0.498722345
1413393279205760512.000000 -0.361622453 -2.581558466 0.330693424 0.392848015 -0.714282334 0.266091168 0.514457703
1413393279705760512.000000 -0.602587819 -2.592472792 0.300953954 0.408180237 -0.709348083 0.270428479 0.507033169
1413393280205760512.000000 -0.771867514 -2.674638987 0.289268613 0.400769532 -0.700172126 0.303653210 0.506890118
1413393280705760512.000000 -0.916380286 -2.695443392 0.308618158 0.393862695 -0.708195925 0.333506256 0.481772035
1413393281005760512.000000 -1.057154179 -2.654303551 0.264031291 0.400292248 -0.713606536 0.329709530 0.470981419
1413393281355760384.000000 -1.284605265 -2.597115278 0.270988643 0.423914105 -0.698842525 0.295113891 0.494796693
1413393281705760512.000000 -1.491607308 -2.571889639 0.304599673 0.415712893 -0.698357522 0.290300339 0.505178452
1413393282205760512.000000 -1.711472511 -2.557630539 0.381646872 0.390221655 -0.714542091 0.302347511 0.495724499
1413393282705760512.000000 -1.922876954 -2.534463882 0.458525091 0.405292720 -0.697024941 0.286115855 0.517717838
1413393283205760512.000000 -2.049629927 -2.523211241 0.462747693 0.469499826 -0.671025336 0.323818862 0.473747045
1413393283655760384.000000 -2.094335079 -2.562220573 0.459737360 0.550095558 -0.609327614 0.377332747 0.428643107
1413393284155760384.000000 -2.071329355 -2.649731159 0.355306447 0.630235255 -0.520846486 0.437776685 0.373997390
1413393286955760384.000000 -1.519955277 -3.364073515 0.293031096 0.813035190 -0.069252141 0.572695553 0.078725860
1413393289555760384.000000 -0.904309273 -3.467434645 0.291258574 -0.787875593 -0.202942669 -0.561888158 0.149491996
1413393292255760384.000000 -0.365539461 -3.587985754 0.025651544 -0.765238166 -0.243389845 -0.571996868 0.167306304
1413393294605760512.000000 -1.119906187 -3.453532457 0.282724440 -0.763689220 -0.284371227 -0.547386587 0.190472633
1413393296205760512.000000 -1.855538726 -3.103378057 0.303139359 -0.768546700 -0.286431700 -0.543196797 0.179527402
1413393296705760512.000000 -1.996512055 -2.920581102 0.271798253 -0.783781826 -0.248401403 -0.536801517 0.189280421
1413393298205760512.000000 -1.968052864 -2.447387457 0.094545484 -0.791067183 -0.208257258 -0.547678471 0.175754964
1413393299855760384.000000 -1.595494628 -2.042971373 0.082156405 -0.776869237 -0.205752030 -0.570559919 0.169119999
1413393300605760512.000000 -1.627156496 -1.889820933 0.158114240 -0.773176789 -0.252767861 -0.536728144 0.224118516
1413393302655760384.000000 -1.998912215 -1.736363530 0.008645285 -0.683971643 -0.442885280 -0.473578095 0.334304005
1413393303355760384.000000 -2.172051907 -1.655482054 0.124989323 -0.685108006 -0.443515033 -0.479602456 0.322339952
1413393304005760512.000000 -2.296772718 -1.559084654 0.293085754 -0.687574625 -0.433718055 -0.483803451 0.324135870
1413393304205760512.000000 -2.331587076 -1.528343797 0.312928081 -0.693959892 -0.434914887 -0.474646330 0.322458774
1413393306755760384.000000 -2.787376642 -0.534759879 0.409800380 -0.742057204 -0.343779325 -0.509114921 0.268270224
1413393306955760384.000000 -2.834655046 -0.431887358 0.399583876 -0.756080925 -0.308183372 -0.513393402 0.264181495
1413393309905760512.000000 -2.493148804 0.614319146 0.307569444 0.807365835 -0.167817816 0.557413220 0.096374646
1413393310905760512.000000 -2.277623892 0.652413726 0.294803143 0.799391329 -0.168981701 0.569780231 0.088142768
1413393311805760512.000000 -2.009541988 0.504379809 0.167072996 0.800880790 -0.158584192 0.563902318 0.124319233
1413393314155760384.000000 -1.432844877 0.266484827 0.187639445 0.801174819 -0.158562779 0.567413628 0.104969420
1413393314655760384.000000 -1.442398310 0.180368364 0.194803849 0.817872167 -0.081967793 0.565128207 0.070686221
1413393317105760512.000000 -0.780344844 0.640319884 0.467279613 -0.811892927 -0.021366909 -0.583299935 0.011600121
1413393317355760384.000000 -0.725982845 0.740351856 0.447345197 -0.801711023 -0.022938542 -0.597167492 0.011149833
1413393317805760512.000000 -0.684935391 0.942883015 0.371529609 -0.801197410 -0.014440011 -0.598142743 0.009979966
1413393318205760512.000000 -0.705786467 1.136727095 0.281361014 0.811938643 -0.001762150 0.583727658 -0.003834214
1413393318505760512.000000 -0.731605649 1.279449821 0.202851102 0.811253488 -0.020555470 0.584137380 -0.015128330
1413393318755760384.000000 -0.755081236 1.374522686 0.133753300 0.810441256 -0.023538338 0.585109115 -0.016683817
1413393319155760384.000000 -0.813113868 1.480195045 0.082627617 0.804108858 -0.017027561 0.594078958 -0.013757056
1413393319605760512.000000 -0.912168622 1.546063304 0.041691281 0.828670442 -0.019922942 0.558766425 -0.026237309
1413393320005760512.000000 -0.925199926 1.545564651 -0.064710282 -0.821027756 -0.003531441 -0.570867360 0.003391880
1413393320405760512.000000 -0.903930485 1.554817796 -0.178938270 -0.811704040 -0.000056034 -0.584067047 0.001522593
1413393320805760512.000000 -0.884924650 1.602131248 -0.245928675 0.818336189 -0.003923593 0.574703932 0.005099127
1413393321105760512.000000 -0.907461405 1.592538714 -0.245008364 -0.820818543 -0.003834673 -0.570839047 -0.019624960
1413393321405760512.000000 -0.915150523 1.586613536 -0.247623786 0.805538535 -0.012286501 0.592318118 0.010774199
1413393321755760384.000000 -0.914253771 1.587639093 -0.249633431 0.805131912 -0.012195875 0.592865229 0.011169044
1413393322255760384.000000 -0.914109588 1.587389231 -0.249566317 0.804306924 -0.012323084 0.593983412 0.011058041
1413393322755760384.000000 -0.914530635 1.587483406 -0.249720946 0.804387927 -0.012341443 0.593877017 0.010851703
1413393323255760384.000000 -0.914924800 1.587407351 -0.248975813 0.804373682 -0.012414101 0.593899190 0.010616318
1413393323755760384.000000 -0.914822578 1.587384343 -0.249707431 0.804452121 -0.012666655 0.593791246 0.010405419
1413393324255760384.000000 -0.914707601 1.587467790 -0.249683157 0.804538727 -0.012769086 0.593672335 0.010372762
1413393324755760384.000000 -0.914822996 1.587446451 -0.249198735 0.804646611 -0.012773284 0.593528152 0.010255374
1413393325255760384.000000 -0.915184081 1.587700605 -0.249177724 0.804737568 -0.012829843 0.593407750 0.010000108
1413393325755760384.000000 -0.914663732 1.587338567 -0.249405861 0.804722428 -0.013203574 0.593420386 0.009984783
