1403638147795097088.000000 3.261578321 -2.512228966 3.641178370 -0.576703966 -0.608586848 -0.370996207 0.399244905
1403638148095097088.000000 3.260384321 -2.482015610 3.675797939 -0.568418622 -0.591164768 -0.391284972 0.417517155
1403638150845096960.000000 2.829563618 -1.965000510 4.022153854 -0.517700672 -0.650931597 -0.349530518 0.431395978
1403638152245096960.000000 1.951979637 -1.566612840 4.172634602 -0.387770951 -0.728863895 -0.275691599 0.492326528
1403638152595097088.000000 1.672627807 -1.488194466 4.182388306 -0.387369186 -0.729992151 -0.283201724 0.486675739
1403638152945096960.000000 1.345767975 -1.417960882 4.197549343 -0.374215066 -0.732506633 -0.261382669 0.505050838
1403638153395097088.000000 0.905318975 -1.318520069 4.284754753 -0.336969525 -0.759122074 -0.228731930 0.507806063
1403638154795097088.000000 -0.682429075 -1.118760943 4.346249580 -0.236018255 -0.779985845 -0.181062043 0.550576210
1403638155095097088.000000 -0.998567462 -1.172170758 4.400827885 -0.207486838 -0.790121734 -0.172076285 0.550496638
1403638155695097088.000000 -1.605461121 -1.414085150 4.456635475 -0.149123728 -0.787582457 -0.125303000 0.584615350
1403638155845096960.000000 -1.737845063 -1.504857659 4.440744400 -0.126518786 -0.791299284 -0.100777142 0.589645922
1403638156295097088.000000 -2.070422888 -1.805962801 4.435325623 -0.044682574 -0.824249804 -0.021819474 0.564038754
1403638156745096960.000000 -2.409007072 -2.067180157 4.436510086 -0.017464761 -0.831532836 0.003349481 0.555190802
1403638157195097088.000000 -2.814543724 -2.270828962 4.398002625 -0.025052160 -0.837024808 -0.003035318 0.546582699
1403638157345096960.000000 -2.968277693 -2.327396870 4.411701679 -0.023891876 -0.835907936 -0.003692394 0.548337042
1403638157995097088.000000 -3.706193686 -2.587159634 4.464427471 0.061433602 -0.817848742 0.035403982 0.571048141
1403638158395097088.000000 -4.150972843 -2.760941982 4.498109818 0.087018825 -0.817771852 0.067277730 0.564934134
1403638158695097088.000000 -4.472898960 -2.878874063 4.481722355 0.093330003 -0.814241230 0.059339866 0.569894433
1403638158895097088.000000 -4.679184437 -2.963744640 4.472621441 0.084032141 -0.820510507 0.066581935 0.561487377
1403638159745096960.000000 -5.636787891 -3.252549648 4.588471889 0.048882086 -0.793728352 0.104089461 0.597303331
1403638159945096960.000000 -5.832932949 -3.253115654 4.660105705 0.064132206 -0.791729033 0.083419144 0.601742089
1403638160295097088.000000 -6.093817234 -3.200714827 4.864332676 0.080544382 -0.814616561 0.067173958 0.570438623
1403638160495097088.000000 -6.228765488 -3.164716959 5.012366295 0.083227888 -0.824406207 0.064648643 0.556100726
1403638160845096960.000000 -6.487434387 -3.107376575 5.233613491 0.072353072 -0.817199409 0.072178476 0.567221582
1403638161045096960.000000 -6.637074947 -3.062359810 5.341845989 0.043709930 -0.805399597 0.063772567 0.587668300
1403638161845096960.000000 -7.101883888 -2.741634369 5.634617329 -0.066523679 -0.821610749 -0.018130610 0.565863729
1403638162095097088.000000 -7.244659901 -2.614191294 5.678938866 -0.084711768 -0.816261172 -0.031405572 0.570574641
1403638164545096960.000000 -8.163838387 -0.431633145 6.380252361 -0.178882465 -0.791354954 -0.079589017 0.579158008
1403638166095097088.000000 -7.630920410 1.324831009 6.335244656 -0.208098561 -0.788559020 -0.138735130 0.561802804
1403638166545096960.000000 -7.336950779 1.745362282 6.476822853 -0.195840031 -0.797252953 -0.140758514 0.553372800
1403638166945096960.000000 -7.108740807 2.079733372 6.590223312 -0.214735270 -0.807258010 -0.105865233 0.539458871
1403638167295097088.000000 -6.961155891 2.419580698 6.660186768 -0.206146881 -0.816616356 -0.117301226 0.526195526
1403638167695097088.000000 -6.899946213 2.870302677 6.775769234 -0.216700196 -0.800082326 -0.114332721 0.547574043
1403638168995097088.000000 -6.698730469 4.738179207 6.974313736 -0.309181631 -0.779271960 -0.215109825 0.500869036
1403638169145096960.000000 -6.713270664 4.963057995 6.965167522 -0.306205571 -0.771293998 -0.212660491 0.515867531
1403638169445096960.000000 -6.756290436 5.407263279 6.908027649 -0.334191799 -0.739859223 -0.191797212 0.551487207
1403638169595097088.000000 -6.759708405 5.635740757 6.880256176 -0.353352398 -0.724823058 -0.203861237 0.555170476
1403638169945096960.000000 -6.684820652 6.156116962 6.877706528 -0.388786077 -0.707687199 -0.283545762 0.517325938
1403638170095097088.000000 -6.641307354 6.358873367 6.901977062 -0.408413321 -0.685657084 -0.313451082 0.514608085
1403638170395097088.000000 -6.542173862 6.704703808 6.908998966 -0.474377304 -0.645400345 -0.333276391 0.497344434
1403638171145096960.000000 -6.075923443 7.324383736 6.937913895 -0.581628084 -0.546499193 -0.398845434 0.451630116
1403638171295097088.000000 -5.942842007 7.403390408 6.935410500 -0.590966225 -0.534305274 -0.405674309 0.448001236
1403638171845096960.000000 -5.329753399 7.523118019 6.898156166 -0.616020143 -0.492504209 -0.421748817 0.447310537
1403638172245096960.000000 -4.734572411 7.394441128 6.911606312 -0.620675683 -0.481016725 -0.440676481 0.434958458
1403638172595097088.000000 -4.152248859 7.139101028 6.837329388 -0.617115736 -0.479100138 -0.443100214 0.439651608
1403638172795097088.000000 -3.796819925 6.938543797 6.749144554 -0.615937233 -0.480047226 -0.438581705 0.444772005
1403638174395097088.000000 -0.436547101 4.399006844 5.443585873 -0.620413363 -0.530046642 -0.422989815 0.393976450
1403638174695097088.000000 0.161206722 3.893344641 5.183680058 -0.624260128 -0.541719913 -0.415190279 0.380073547
1403638174845096960.000000 0.451787651 3.657515287 5.077002525 -0.627030909 -0.546663582 -0.410725385 0.373223603
1403638174995097088.000000 0.732582629 3.438779116 4.984968662 -0.627882361 -0.548473895 -0.410181046 0.369718522
1403638176595097088.000000 3.064157724 2.659851551 4.601795197 -0.607429504 -0.553046167 -0.441033572 0.361467481
1403638177245096960.000000 3.494680882 2.829156399 4.644690514 -0.609787643 -0.555532992 -0.439451873 0.355561972
1403638178895097088.000000 4.078983307 3.201208830 4.443166256 -0.718716264 -0.395132691 -0.479567796 0.311980784
1403638179345096960.000000 4.352442741 3.153723478 4.340179920 -0.748226523 -0.376274377 -0.482452214 0.256543726
1403638179695097088.000000 4.610510349 3.150633097 4.236579418 -0.761196852 -0.309084713 -0.519020319 0.235932380
1403638180145096960.000000 4.958379745 3.128121138 4.176682949 -0.794107795 -0.241458535 -0.525526881 0.186847806
1403638180495097088.000000 5.258680344 3.113446236 4.136597633 -0.798204958 -0.235415161 -0.526495814 0.173927739
1403638181095097088.000000 5.862842560 3.142142534 4.077410698 -0.798680127 -0.249243811 -0.517559707 0.179219708
1403638181945096960.000000 6.877613068 3.119800568 3.933836222 -0.806049526 -0.134252757 -0.563706338 0.120398000
1403638182395097088.000000 7.390798569 2.980259895 3.973632336 -0.830070019 -0.096685745 -0.539930701 0.100550316
1403638182595097088.000000 7.638426781 2.908909321 4.003690720 -0.832292438 -0.109971248 -0.536932826 0.083059765
1403638182745096960.000000 7.836021900 2.858338833 4.044960022 -0.832209349 -0.115910918 -0.536028266 0.081646390
1403638183745096960.000000 9.272329330 2.652460098 4.116993427 -0.821184039 -0.132169858 -0.549396992 0.079692736
1403638184145096960.000000 9.856693268 2.674416780 4.178409100 -0.817190468 -0.131949574 -0.555689335 0.077450030
1403638184345096960.000000 10.136638641 2.705508232 4.210018158 -0.822942555 -0.130447745 -0.547629178 0.076493420
1403638184545096960.000000 10.418931961 2.750866652 4.226898193 -0.816871107 -0.129051656 -0.556879461 0.077153534
1403638184745096960.000000 10.694860458 2.809165955 4.241036415 -0.815290630 -0.126848087 -0.559473753 0.078738607
1403638185145096960.000000 11.225652695 2.958084345 4.282213211 -0.814941585 -0.127582729 -0.560148299 0.076333746
1403638185345096960.000000 11.479485512 3.047309875 4.308989525 -0.813497126 -0.133364782 -0.561843693 0.069051340
1403638185545096960.000000 11.722260475 3.155692339 4.339109421 -0.804090500 -0.150675759 -0.570562840 0.072064929
1403638186345096960.000000 12.559909821 3.686356783 4.416789532 -0.807043254 -0.175352588 -0.550738156 0.120914340
1403638186545096960.000000 12.759702682 3.811161757 4.451669216 -0.806374848 -0.176682442 -0.552190125 0.116743028
1403638186745096960.000000 12.955550194 3.940074921 4.477018833 -0.804610491 -0.183214471 -0.554718673 0.106403232
1403638189595097088.000000 13.442357063 5.573297501 4.929524422 -0.722574174 -0.392477661 -0.498012781 0.275374681
1403638192295097088.000000 11.400853157 5.916751385 5.102571011 -0.697018564 -0.432659209 -0.492626637 0.290327787
1403638192445096960.000000 11.259082794 5.969593048 5.148907661 -0.693724930 -0.428514779 -0.496863246 0.297065377
1403638192895097088.000000 10.813808441 6.099963665 5.316659451 -0.675681174 -0.407385409 -0.521111608 0.325476468
1403638193045096960.000000 10.655116081 6.112451553 5.355401039 -0.669119537 -0.392345816 -0.524976373 0.350347817
1403638193195097088.000000 10.495278358 6.093466282 5.398104668 -0.669736743 -0.405873269 -0.513806581 0.350317746
1403638193345096960.000000 10.335618973 6.042885780 5.460463047 -0.668579578 -0.424071640 -0.506088614 0.342109740
1403638194245096960.000000 9.367479324 5.452251911 5.739820957 -0.671583354 -0.443812966 -0.492415458 0.330957681
1403638196995097088.000000 7.452646732 4.631107330 5.732791901 -0.696964025 -0.452323794 -0.461445540 0.310986310
1403638197545096960.000000 7.323063374 4.842854977 5.802651405 -0.676353335 -0.453347623 -0.491199553 0.309427202
1403638197895097088.000000 7.203114510 4.979560375 5.918424606 -0.675051272 -0.449229419 -0.491899848 0.317070007
1403638198695097088.000000 6.828486919 5.158751965 5.724903584 -0.658820093 -0.467672378 -0.511794388 0.292070389
1403638199095097088.000000 6.478828430 5.210025787 5.627429008 -0.652450144 -0.472529382 -0.518941045 0.285875916
1403638199295097088.000000 6.225383759 5.235560417 5.642986774 -0.652080834 -0.466727078 -0.520360172 0.293567359
1403638199895097088.000000 5.198912144 5.295312405 5.834432602 -0.656364858 -0.479721099 -0.489765078 0.314933389
1403638200245096960.000000 4.500096321 5.327751160 5.929581642 -0.631644964 -0.503868103 -0.483695567 0.336422741
1403638200395097088.000000 4.186812401 5.334848404 5.979483128 -0.610879004 -0.518368721 -0.483224392 0.353008479
1403638200545096960.000000 3.862948895 5.335231781 6.042912483 -0.594560146 -0.538222730 -0.481573462 0.353414118
1403638200745096960.000000 3.406070948 5.326112747 6.148313046 -0.574314117 -0.564442098 -0.475497395 0.354218483
1403638200945096960.000000 2.917277098 5.307003021 6.245967865 -0.573267996 -0.573737085 -0.458317846 0.363502771
1403638201345096960.000000 1.887478948 5.253557205 6.355426788 -0.584575295 -0.562753141 -0.440862477 0.383693963
1403638201545096960.000000 1.371606350 5.220998764 6.366159439 -0.584571958 -0.560064197 -0.445522279 0.382248253
1403638201745096960.000000 0.855273545 5.182801247 6.346696377 -0.585281849 -0.556298375 -0.448662043 0.382987678
1403638202145096960.000000 -0.183627173 5.059779167 6.258141041 -0.583940744 -0.563602507 -0.431479216 0.393943191
1403638202345096960.000000 -0.696415663 4.980879784 6.238102436 -0.588190734 -0.568814516 -0.413260877 0.399621218
1403638202545096960.000000 -1.191304326 4.910075665 6.219768047 -0.588233232 -0.571965754 -0.407874614 0.400593430
1403638202745096960.000000 -1.665432811 4.848754883 6.174708366 -0.590065598 -0.572098792 -0.405009508 0.400615633
1403638203145096960.000000 -2.548518181 4.740799904 6.067671299 -0.587497771 -0.568471432 -0.411336273 0.403099328
1403638203545096960.000000 -3.355741978 4.623947620 6.025077820 -0.584016204 -0.563365519 -0.415922970 0.410551608
1403638203695097088.000000 -3.639612913 4.574656010 6.003376961 -0.585954428 -0.563358545 -0.412980705 0.410769552
1403638203895097088.000000 -3.998307467 4.501870632 5.998900890 -0.583794534 -0.564267397 -0.415194750 0.410365254
1403638204095097088.000000 -4.336647034 4.420846939 6.018031120 -0.585308433 -0.566621184 -0.410235882 0.409952432
1403638204295097088.000000 -4.656079769 4.336882591 6.064133644 -0.596066475 -0.565287411 -0.393288612 0.412891001
1403638204495097088.000000 -4.944036484 4.261342525 6.119300842 -0.609565377 -0.560985148 -0.375598371 0.415513724
1403638204795097088.000000 -5.305412769 4.175082684 6.165760517 -0.591015339 -0.576380491 -0.378873855 0.418259501
1403638204995097088.000000 -5.515002728 4.127830505 6.164175987 -0.547506630 -0.612565637 -0.380292207 0.424709082
1403638205195097088.000000 -5.725986958 4.083961964 6.147627831 -0.491298109 -0.656588793 -0.351774663 0.451411217
1403638205395097088.000000 -5.942873001 4.038372040 6.155363560 -0.420966119 -0.698942363 -0.310286522 0.487841666
1403638205595097088.000000 -6.156466961 3.984952688 6.194509029 -0.353747845 -0.728438556 -0.293817848 0.507849395
1403638205995097088.000000 -6.606149197 3.778923512 6.338646889 -0.281573564 -0.754353940 -0.263579071 0.531217933
1403638206195097088.000000 -6.848471642 3.613036156 6.440868378 -0.247408658 -0.766707897 -0.231807455 0.545172632
1403638206995097088.000000 -7.696116447 2.728853703 6.644412994 -0.196846694 -0.771041930 -0.155842960 0.585199594
1403638207245096960.000000 -7.878688335 2.418918610 6.618357182 -0.189552844 -0.768949091 -0.150210306 0.591797233
1403638207445096960.000000 -7.989587307 2.157096386 6.568349361 -0.167240515 -0.769520223 -0.135102704 0.601345718
1403638207645096960.000000 -8.059695244 1.881870866 6.532220364 -0.139251754 -0.781572163 -0.107542664 0.598488629
1403638208045096960.000000 -8.105886459 1.346439719 6.544449806 -0.125433922 -0.804563701 -0.076810874 0.575363994
1403638208245096960.000000 -8.105286598 1.100818038 6.555473328 -0.125589654 -0.796751916 -0.078364901 0.585894763
1403638208695097088.000000 -8.053464890 0.587006986 6.521956444 -0.108859360 -0.806555271 -0.065531775 0.577341974
1403638208895097088.000000 -8.014578819 0.377329290 6.535665989 -0.093523003 -0.806931198 -0.054137319 0.580676019
1403638209345096960.000000 -7.890025139 -0.045792043 6.490300655 -0.082937986 -0.808058560 -0.044006173 0.581572056
1403638209745096960.000000 -7.748092175 -0.369186997 6.305191517 -0.085821271 -0.805336714 -0.042433295 0.585035861
1403638210195097088.000000 -7.542531490 -0.684272051 5.876532078 -0.080088906 -0.790519297 -0.052942384 0.604865432
1403638210395097088.000000 -7.410488129 -0.818233967 5.705470562 -0.081074499 -0.791203260 -0.052174062 0.603905916
1403638210695097088.000000 -7.160118103 -1.012369156 5.429607391 -0.083956800 -0.788832068 -0.050304860 0.606765807
1403638210995097088.000000 -6.842903137 -1.196784019 5.170231819 -0.086643480 -0.795212924 -0.046637647 0.598292768
1403638211395097088.000000 -6.360780716 -1.406520128 4.930660725 -0.094081022 -0.802017093 -0.046781816 0.587987244
1403638211645096960.000000 -6.040072441 -1.507806182 4.780069828 -0.129949555 -0.797392607 -0.064858757 0.585723102
1403638211845096960.000000 -5.770612717 -1.571790218 4.638992786 -0.179364920 -0.789144993 -0.086019576 0.581101596
1403638212045096960.000000 -5.491519928 -1.613664746 4.515879154 -0.227624401 -0.777955592 -0.114456624 0.574344754
1403638212295097088.000000 -5.126451492 -1.635574579 4.408908844 -0.276220471 -0.762293041 -0.159549445 0.563165545
1403638212695097088.000000 -4.501422405 -1.638263702 4.340972900 -0.356181473 -0.730208457 -0.218824401 0.540413082
1403638212895097088.000000 -4.171941280 -1.632664680 4.350232124 -0.398398966 -0.709951878 -0.248061538 0.525083065
1403638213095097088.000000 -3.832411766 -1.621825933 4.379482746 -0.443685234 -0.685049653 -0.278158933 0.506436527
1403638213295097088.000000 -3.484762907 -1.604408860 4.404148102 -0.498887897 -0.658410549 -0.291450262 0.482351720
1403638213495097088.000000 -3.125609636 -1.569092512 4.403954983 -0.554384112 -0.626008034 -0.297717422 0.460582793
1403638213695097088.000000 -2.743391752 -1.504209399 4.393918991 -0.567490757 -0.599885166 -0.341612548 0.448768288
1403638213895097088.000000 -2.350540400 -1.425740719 4.402736664 -0.561944962 -0.591614664 -0.374576420 0.440343648
1403638214145096960.000000 -1.863571286 -1.330569983 4.441840172 -0.565748334 -0.601060510 -0.370763689 0.425663531
1403638214495097088.000000 -1.210160017 -1.172127604 4.495408535 -0.563382924 -0.617518783 -0.356577575 0.417280197
1403638217445096960.000000 2.708054781 -0.377021909 4.002177238 -0.589823604 -0.564385533 -0.416072786 0.400575340
1403638220295097088.000000 3.108422995 -1.187573910 4.039537430 -0.611421287 -0.543425262 -0.421903759 0.390960813
1403638221545096960.000000 3.148597956 -1.850105882 4.026076794 -0.619484901 -0.542739034 -0.421290934 0.379719347
1403638222045096960.000000 3.145767450 -2.056114197 4.010735035 -0.612969518 -0.540739894 -0.430115640 0.383235395
1403638222545096960.000000 3.140507936 -2.234817266 4.014174938 -0.622096062 -0.549602866 -0.417633951 0.369479537
1403638222895097088.000000 3.133761883 -2.311550140 3.968309164 -0.610521495 -0.538831472 -0.433884144 0.385575891
1403638223145096960.000000 3.123069525 -2.370668888 3.936679125 -0.611742854 -0.540237486 -0.431759477 0.384054750
1403638223395097088.000000 3.110269785 -2.436861992 3.925195456 -0.625604153 -0.542758644 -0.412626982 0.379172027
1403638223645096960.000000 3.113247633 -2.488004923 3.905360460 -0.623716950 -0.533874214 -0.415627986 0.391419202
1403638223895097088.000000 3.134441853 -2.533788919 3.875947714 -0.613890111 -0.545000434 -0.430170029 0.375589192
1403638224145096960.000000 3.145821810 -2.574206352 3.836642742 -0.617666304 -0.551949978 -0.424110889 0.366018444
1403638224395097088.000000 3.142731905 -2.594407082 3.801334620 -0.617872000 -0.546716094 -0.424507737 0.372999996
1403638224645096960.000000 3.132096529 -2.600816011 3.769937992 -0.613320291 -0.539791942 -0.430709481 0.383343458
1403638224895097088.000000 3.117855549 -2.607342720 3.747062922 -0.622326434 -0.544858754 -0.417688549 0.375998825
1403638225145096960.000000 3.106812239 -2.598324537 3.751195192 -0.616294324 -0.535351157 -0.424169451 0.391995788
1403638225395097088.000000 3.106858492 -2.591649294 3.761700869 -0.616789877 -0.547318518 -0.421866924 0.376883328
1403638225645096960.000000 3.104131937 -2.577978373 3.747441530 -0.598138928 -0.532117546 -0.447954029 0.398017585
1403638225895097088.000000 3.092700243 -2.588505983 3.674340963 -0.611637950 -0.546445608 -0.429245889 0.378211826
1403638226295097088.000000 3.056843996 -2.577994347 3.629281998 -0.624184132 -0.547225416 -0.412480921 0.375230670
1403638226445096960.000000 3.054756880 -2.575445890 3.633477211 -0.620507419 -0.556576312 -0.412886262 0.367039949
1403638226945096960.000000 3.058266401 -2.571285486 3.651633263 -0.620454788 -0.556581795 -0.412755847 0.367267251
1403638227445096960.000000 3.059058666 -2.571734428 3.659220457 -0.620894611 -0.556566000 -0.412089288 0.367296457
1403638227945096960.000000 3.059204102 -2.572759151 3.660356760 -0.621082664 -0.556680620 -0.411790848 0.367139548
1403638228445096960.000000 3.058786392 -2.571146727 3.659420490 -0.621327400 -0.556657732 -0.411521941 0.367061526
