1403637149738319104.000000 3.262318373 4.585386276 -0.872659683 -0.586893380 -0.551799476 -0.400521278 0.436642021
1403637151588318976.000000 3.520244360 4.919589996 -0.505480409 -0.596203089 -0.560879171 -0.408934265 0.403397202
1403637153488318976.000000 3.863934994 5.311974049 -0.326716274 -0.590143323 -0.568430305 -0.412770391 0.397791982
1403637156288318976.000000 4.632793903 6.280474663 -0.396688432 -0.724001527 -0.374795854 -0.489895195 0.308792293
1403637159038319104.000000 7.019451141 5.774200916 -0.694243968 -0.803625762 -0.169964030 -0.551213503 0.146497682
1403637160738319104.000000 8.849420547 4.486590862 -0.939365923 0.823620796 -0.006196068 0.567102075 -0.002361539
1403637163688318976.000000 10.294214249 1.616259813 -0.882838786 0.746879935 -0.311324447 0.562962770 0.168287009
1403637164738319104.000000 9.153650284 0.312922686 -0.709278524 0.755885184 -0.310013711 0.554141283 0.159550667
1403637167088318976.000000 6.798679829 -1.937254071 -0.923991263 0.760283709 -0.268283129 0.498613834 0.318397880
1403637168288318976.000000 7.474665165 -0.722532272 -1.036483169 0.776119471 -0.288934261 0.519892454 0.209445551
1403637171138319104.000000 9.627771378 3.779409885 -1.798030853 -0.759141684 -0.200276911 -0.598949909 0.157645196
1403637171288318976.000000 9.580572128 4.039795876 -1.811202645 -0.751738310 -0.225319982 -0.592571199 0.181603476
1403637173988318976.000000 7.022520542 5.902943611 -1.902254701 0.857943773 -0.018333120 0.506967962 -0.081117384
1403637174138319104.000000 7.069182396 5.806620121 -1.909557104 0.840234101 -0.005265513 0.540655732 -0.040870976
1403637174638319104.000000 7.268557072 5.410132408 -1.793177843 0.803263187 -0.040055797 0.592139244 -0.050349038
1403637177488318976.000000 5.546751499 1.366262555 -1.718723059 0.836726844 -0.192705333 0.502005517 0.103649661
1403637180438319104.000000 7.634331703 0.069741815 -2.213694096 0.777963817 -0.264313877 0.537090480 0.190903634
1403637182638319104.000000 10.191966057 2.750146866 -1.504896522 0.731085360 -0.276926726 0.587104261 0.210081980
1403637183638319104.000000 10.189219475 4.373849392 -1.424824595 0.718127728 -0.314821184 0.599822342 0.159353286
1403637184038319104.000000 9.768641472 4.901906967 -1.510960340 0.725918174 -0.338910967 0.585193396 0.125423402
1403637185438319104.000000 7.528749466 5.448358536 -1.618697882 0.798891544 -0.309636623 0.485787660 0.172938913
1403637185738319104.000000 7.228639126 5.332979679 -1.500301361 0.783309221 -0.303060979 0.509239435 0.187765270
1403637186038319104.000000 6.997268677 5.178633690 -1.413640141 0.769929826 -0.294248909 0.528783321 0.202519134
1403637186288318976.000000 6.831341743 5.053433418 -1.341638803 0.767487407 -0.292742699 0.532583833 0.204008296
1403637186988318976.000000 6.424061298 4.722950935 -1.051135063 0.756791294 -0.328496039 0.541974187 0.160066828
1403637187188318976.000000 6.288589478 4.599828243 -1.024504423 0.751260161 -0.328482240 0.548806369 0.162847295
1403637187388318976.000000 6.135652065 4.449154854 -1.022291422 0.764511406 -0.328575820 0.523503542 0.183041602
1403637187988318976.000000 5.754825592 3.867619276 -1.071182728 0.774228275 -0.337544203 0.498542786 0.195165709
1403637188188318976.000000 5.674307346 3.626426458 -1.102000594 0.771588504 -0.327098906 0.503087461 0.211093694
1403637191138319104.000000 4.588976860 0.341921747 -1.409766912 0.729413688 -0.348599911 0.538298428 0.238051951
1403637191738319104.000000 4.280303001 -0.037941355 -1.455519557 0.741724014 -0.341419220 0.521434247 0.247759357
1403637192188318976.000000 4.111310482 -0.219206735 -1.338690162 0.758870363 -0.340731561 0.489920199 0.260760188
1403637192638319104.000000 4.134287357 -0.340473831 -1.161054969 0.760453522 -0.355061740 0.485126555 0.245547771
1403637193088318976.000000 4.313308239 -0.479734540 -1.045305729 0.751450241 -0.357565641 0.500966728 0.237701073
1403637193538319104.000000 4.549913883 -0.695865512 -0.918812931 0.750337064 -0.357577920 0.502280712 0.238425016
1403637193938319104.000000 4.810490131 -0.944363117 -0.805312932 0.753384531 -0.346287459 0.499204755 0.251577944
1403637194338319104.000000 5.129954338 -1.167090297 -0.782372355 0.747395992 -0.347473443 0.507146418 0.251920611
1403637194938319104.000000 5.702169895 -1.453792930 -0.683174312 0.753236353 -0.356551826 0.495466530 0.244987160
1403637197538319104.000000 8.581560135 -0.235531896 -0.749736130 0.776241601 -0.225226939 0.561133623 0.178467944
1403637200138319104.000000 8.743323326 5.943384171 -0.500057817 -0.696583152 -0.258759648 -0.605403423 0.285135269
1403637200238319104.000000 8.616682053 6.126800060 -0.563774347 -0.686448753 -0.291855574 -0.593687475 0.301899940
1403637203138319104.000000 6.570198059 6.464224815 -0.763983846 -0.755881727 -0.313916683 -0.532008290 0.216947719
1403637205638319104.000000 6.649655819 5.737082481 -0.853844523 -0.750825822 -0.322005302 -0.533638299 0.218640044
1403637208138319104.000000 6.096010685 5.559394360 -0.770367622 -0.756829381 -0.312438011 -0.529655933 0.221486941
1403637208638319104.000000 6.023355961 5.479966164 -0.677798927 -0.756667852 -0.304327667 -0.533112705 0.225009754
1403637211188318976.000000 6.403182507 6.903776169 -1.006916761 -0.755038857 -0.349969089 -0.486862779 0.265335232
1403637212388318976.000000 7.748366833 8.675472260 -1.330589890 -0.735421240 -0.340266645 -0.524999738 0.260287464
1403637212588318976.000000 7.979544640 8.920483589 -1.300234318 -0.741581976 -0.341423362 -0.518722594 0.253797501
1403637212788318976.000000 8.203378677 9.155192375 -1.258370042 -0.748795629 -0.346106797 -0.509638548 0.244507462
1403637212988318976.000000 8.427649498 9.391540527 -1.207155585 -0.748169363 -0.352445066 -0.509666324 0.237203211
1403637213188318976.000000 8.648176193 9.633344650 -1.158232093 -0.749153435 -0.352441370 -0.505483329 0.242983192
1403637213388318976.000000 8.867597580 9.877675056 -1.131998539 -0.747284770 -0.352194160 -0.506793022 0.246344566
1403637213588318976.000000 9.083574295 10.119786263 -1.123874187 -0.740281641 -0.355149448 -0.516817510 0.242387682
1403637213788318976.000000 9.286828041 10.359252930 -1.138573766 -0.736146331 -0.366994172 -0.521677554 0.226398647
1403637213988318976.000000 9.467905998 10.606381416 -1.171729922 -0.733671129 -0.371369332 -0.523369789 0.223373160
1403637214188318976.000000 9.623052597 10.871479034 -1.187193036 -0.724057138 -0.372259647 -0.524575233 0.248967767
1403637214588318976.000000 9.846916199 11.389895439 -1.137181997 -0.666795671 -0.441627800 -0.528377295 0.284896255
1403637214788318976.000000 9.891225815 11.627608299 -1.078276038 -0.635695636 -0.474762410 -0.535442650 0.289470196
1403637214988318976.000000 9.870442390 11.851256371 -1.016059875 -0.627110958 -0.483121604 -0.533619463 0.297616661
1403637215188318976.000000 9.785278320 12.053297997 -0.976556361 -0.623085976 -0.479515940 -0.537302196 0.305179894
1403637216588318976.000000 8.121567726 12.443300247 -0.697546244 -0.541060686 -0.572629333 -0.415196538 0.454929650
1403637217038319104.000000 7.619870186 12.182944298 -0.654940605 -0.540151000 -0.554596245 -0.429621160 0.464849979
1403637217238319104.000000 7.431490421 11.980062485 -0.628312647 -0.561541677 -0.546966851 -0.405996531 0.469750106
1403637217438319104.000000 7.278384209 11.743577003 -0.630403519 -0.573161602 -0.539542973 -0.396528274 0.472381830
1403637217888318976.000000 7.067631721 11.105443001 -0.677269220 -0.505308449 -0.590712011 -0.415385485 0.472416729
1403637218088318976.000000 6.993899345 10.755905151 -0.673817217 -0.484189391 -0.618771851 -0.391635329 0.478856683
1403637218288318976.000000 6.925298691 10.374703407 -0.671407759 -0.475076705 -0.632341623 -0.377312958 0.481747925
1403637218488318976.000000 6.860552311 9.971463203 -0.689617574 -0.470581830 -0.635183573 -0.375949204 0.483484000
1403637218688318976.000000 6.796952724 9.547417641 -0.700595737 -0.473057002 -0.637943447 -0.375342339 0.477873802
1403637218888318976.000000 6.733332634 9.105378151 -0.713371575 -0.477348089 -0.642768264 -0.376048803 0.466449410
1403637220638319104.000000 5.629415035 5.387210369 -0.638067186 -0.517105043 -0.639576554 -0.337827861 0.457620531
1403637223238319104.000000 4.765191555 3.431340933 -0.879833937 -0.644380033 -0.531350255 -0.416706651 0.358882993
1403637225788318976.000000 4.658134460 3.478241682 -0.844862819 -0.616603851 -0.536242604 -0.440406948 0.371867359
1403637226188318976.000000 4.562658310 3.435201406 -0.744457781 -0.611292958 -0.531725824 -0.446483225 0.379791051
1403637227188318976.000000 4.228526115 3.374641418 -0.728312671 -0.635588229 -0.522680044 -0.414514065 0.388601780
1403637227588318976.000000 4.150815010 3.417285442 -0.704396844 -0.632466853 -0.528559446 -0.425311655 0.373792112
1403637228038319104.000000 4.119334698 3.488162518 -0.747621834 -0.622891366 -0.522432089 -0.441204756 0.380012542
1403637228488318976.000000 4.102409840 3.527995825 -0.786172926 -0.611229837 -0.524417460 -0.451913387 0.383612812
1403637229988318976.000000 3.914322376 3.352376938 -0.887483239 -0.709967554 -0.412170291 -0.491981506 0.289855152
1403637230388318976.000000 3.931169987 3.335046291 -0.943368018 -0.750684083 -0.347118855 -0.509857595 0.236700684
1403637230738319104.000000 3.944904566 3.356158257 -0.891825676 -0.746327698 -0.307755142 -0.542929471 0.231321141
1403637230988318976.000000 3.946124077 3.351837873 -0.841428518 -0.787446797 -0.255128980 -0.524920702 0.198229358
1403637231238319104.000000 3.970476866 3.334314346 -0.840801001 -0.815136492 -0.175833076 -0.531564951 0.148573011
1403637231488318976.000000 4.025986671 3.304685593 -0.934421659 -0.827589452 -0.074442729 -0.548332870 0.094260968
1403637231738319104.000000 4.102251530 3.247735023 -1.103252411 0.834298849 -0.027259951 0.549770474 -0.030901499
1403637232038319104.000000 4.236227036 3.132836342 -1.255909443 0.824066937 -0.121006556 0.552650332 0.029134555
1403637232288318976.000000 4.367825031 2.986792564 -1.313531876 0.796070099 -0.184043139 0.572326005 0.069594689
1403637232538319104.000000 4.472089291 2.800884724 -1.330719113 0.778858125 -0.238048762 0.569243312 0.112583145
1403637232788318976.000000 4.540922165 2.580253363 -1.319567323 0.772210598 -0.313732982 0.537710249 0.127004445
1403637233038319104.000000 4.588602543 2.292030811 -1.272643328 0.778815448 -0.343353570 0.502127707 0.153044701
1403637233288318976.000000 4.651687622 1.930676818 -1.215371132 0.791971385 -0.344025910 0.476858586 0.164418697
1403637236238319104.000000 8.768280029 1.607719779 -1.994449854 -0.804434001 -0.024950968 -0.586963475 -0.087962858
1403637239138319104.000000 7.032718658 5.351865768 -0.399642795 0.869062424 -0.169085488 0.462104738 -0.050988585
1403637239388318976.000000 6.855354309 4.887089252 -0.303802371 0.850463748 -0.167198554 0.498685151 0.008327701
1403637239638319104.000000 6.758185387 4.332809448 -0.282294571 0.830321312 -0.214276418 0.511726201 0.052807115
1403637239888318976.000000 6.704298496 3.716249466 -0.360324383 0.790337741 -0.255228668 0.542422950 0.126499370
1403637240138319104.000000 6.655415058 3.088683367 -0.498163074 0.753482640 -0.305062950 0.549948215 0.191722795
1403637240638319104.000000 6.536750317 1.890745282 -0.794018090 0.753349841 -0.376259416 0.480501622 0.244971365
1403637240888318976.000000 6.532883167 1.296007872 -0.871681154 0.742587328 -0.362823874 0.496783048 0.264819980
1403637241138319104.000000 6.568039417 0.727707207 -0.928572476 0.739019632 -0.352934927 0.508270025 0.266361862
1403637241388318976.000000 6.628305912 0.202464044 -1.019982219 0.745847762 -0.337285399 0.504665494 0.274340004
1403637241638319104.000000 6.725394726 -0.265243322 -1.106816649 0.746261418 -0.316425502 0.507576764 0.292120963
1403637241888318976.000000 6.871484280 -0.643339336 -1.154419541 0.730431676 -0.308855712 0.532984316 0.294966817
1403637242138319104.000000 7.029239178 -0.913253665 -1.166237354 0.717117608 -0.315824836 0.551845133 0.285419136
1403637242388318976.000000 7.176665306 -1.084191918 -1.151021481 0.724764347 -0.305188894 0.536091566 0.306891203
1403637242688318976.000000 7.366640091 -1.139738202 -1.157830834 0.725599766 -0.287196577 0.543898225 0.308541536
1403637242938319104.000000 7.536788940 -1.042126060 -1.133349180 0.728752255 -0.270641923 0.569255829 0.267620772
1403637243188318976.000000 7.686628342 -0.849528730 -1.096487284 0.740424871 -0.254855931 0.564523876 0.261021763
1403637243638319104.000000 7.917330742 -0.313139737 -1.105331182 0.754807413 -0.275330514 0.549867928 0.228263646
1403637244088318976.000000 8.119762421 0.307701260 -0.992377520 0.760450065 -0.312809825 0.536568701 0.189630941
1403637244538319104.000000 8.270929337 0.828581274 -0.725542665 0.769403994 -0.305056930 0.527201235 0.192397371
1403637244788318976.000000 8.358284950 1.073546767 -0.576890111 0.788695514 -0.265866548 0.520611465 0.190363467
1403637245038319104.000000 8.472610474 1.301544905 -0.468147099 0.798207998 -0.253894717 0.519035339 0.170305282
1403637245288318976.000000 8.618195534 1.495931983 -0.397448272 0.804677784 -0.261059105 0.511449158 0.150869295
1403637245538319104.000000 8.803737640 1.641477108 -0.348089159 0.804181337 -0.240432456 0.517730117 0.165651202
1403637245788318976.000000 9.029807091 1.772140861 -0.332523555 0.809893012 -0.206631899 0.529033005 0.146631062
1403637246038319104.000000 9.283770561 1.902806282 -0.346719533 0.806736708 -0.137263313 0.564426959 0.108429492
1403637246288318976.000000 9.533482552 2.049905062 -0.394222260 0.811819196 -0.043139134 0.580619335 0.044384439
1403637246538319104.000000 9.762675285 2.215200901 -0.466116965 -0.803710938 -0.069088146 -0.590837479 0.013661048
1403637246938319104.000000 10.017436981 2.536368370 -0.595144570 -0.769724309 -0.206319466 -0.594964683 0.104756035
1403637247138319104.000000 10.074144363 2.721372128 -0.632732153 -0.778159618 -0.241303399 -0.564492106 0.132623747
1403637247388318976.000000 10.108572006 2.962741613 -0.691980243 -0.771265805 -0.245561957 -0.566956341 0.152999580
1403637247788318976.000000 10.077566147 3.358077049 -0.823861659 -0.745869875 -0.268292516 -0.589272082 0.156383246
1403637248738319104.000000 9.369253159 4.275840759 -1.000687718 -0.736850500 -0.331581354 -0.546765208 0.219437778
1403637249488318976.000000 8.541603088 4.966486931 -0.894149423 -0.750241876 -0.316088557 -0.542304635 0.207679436
1403637249988318976.000000 7.935365200 5.445158958 -0.966164052 -0.735910058 -0.325929165 -0.547877371 0.228116423
1403637252538319104.000000 6.048743725 6.604173183 -0.607228637 -0.683240712 -0.434558183 -0.483811826 0.332065493
1403637254988318976.000000 5.543007374 6.061168194 -0.504823565 -0.657991230 -0.471303880 -0.479127228 0.339643002
1403637255838319104.000000 5.201573849 5.739698887 -0.510778069 -0.605569899 -0.545481980 -0.436869562 0.380630553
1403637256138319104.000000 5.061073780 5.614037514 -0.466138899 -0.578450561 -0.578762949 -0.415180862 0.397559226
1403637256388318976.000000 4.938123226 5.511074543 -0.425386012 -0.566353858 -0.581336677 -0.418194741 0.407926589
1403637257288318976.000000 4.453415394 5.115184784 -0.466926306 -0.561596751 -0.592046440 -0.399366438 0.417847484
1403637257588318976.000000 4.299043655 4.990278244 -0.432243288 -0.552947819 -0.605374217 -0.394219130 0.415165126
1403637257888318976.000000 4.132742882 4.879467010 -0.445364952 -0.554943323 -0.617557228 -0.373340487 0.413857281
1403637258138319104.000000 3.987703085 4.814164162 -0.476045966 -0.534216881 -0.636016130 -0.352990508 0.430689603
1403637258388318976.000000 3.841190338 4.778165817 -0.479502261 -0.495436460 -0.652162910 -0.349811107 0.454817057
1403637258638319104.000000 3.697268963 4.750804424 -0.513290823 -0.491718471 -0.655942559 -0.330010027 0.468023241
1403637259088318976.000000 3.480431795 4.714671135 -0.580077708 -0.490154088 -0.649832010 -0.332340747 0.476463050
1403637259538319104.000000 3.329190254 4.686919212 -0.527541041 -0.499572992 -0.639033914 -0.326061279 0.485537440
1403637260038319104.000000 3.278444767 4.656784058 -0.535587430 -0.497132689 -0.641963542 -0.332351714 0.479879409
1403637260288318976.000000 3.287347794 4.640608311 -0.574705005 -0.488931119 -0.651042879 -0.342970043 0.468466729
1403637260738319104.000000 3.289917469 4.600717545 -0.673516572 -0.489650339 -0.664038301 -0.339626372 0.451607883
1403637261138319104.000000 3.248333693 4.574636936 -0.764506876 -0.486166090 -0.658254147 -0.341771096 0.462100208
1403637261538319104.000000 3.188785076 4.555692673 -0.819478571 -0.491171360 -0.656807542 -0.335253328 0.463637501
1403637261738319104.000000 3.158532381 4.558029175 -0.824379206 -0.495779157 -0.665946543 -0.329600185 0.449535370
1403637262138319104.000000 3.092351198 4.594832897 -0.823580205 -0.489359617 -0.647729695 -0.343412459 0.472272426
1403637262538319104.000000 3.087055445 4.589774132 -0.860331535 -0.514485836 -0.607204854 -0.352961063 0.491960406
1403637262888318976.000000 3.089775562 4.589944839 -0.865200639 -0.516465783 -0.608950078 -0.354567498 0.486543775
1403637263388318976.000000 3.090164185 4.590330601 -0.865634859 -0.516145825 -0.608728230 -0.355544865 0.486447752
1403637263888318976.000000 3.089838743 4.590167046 -0.865077257 -0.516406476 -0.608495533 -0.355230421 0.486691773
1403637264388318976.000000 3.090066910 4.589706898 -0.865084708 -0.516404986 -0.608629465 -0.355214357 0.486537576
1403637264888318976.000000 3.090037346 4.590215683 -0.865065634 -0.516576767 -0.608530581 -0.355012834 0.486626029
1403637265388318976.000000 3.090138435 4.590012074 -0.864824891 -0.516640723 -0.608634651 -0.354902714 0.486508310
