1403637149738319104.000000 0.425925583 3.130631924 -0.363777697 -0.641884863 -0.486255020 -0.444446266 0.392437905
1403637152088318976.000000 0.837805986 3.485402107 0.105283394 -0.649306715 -0.500107050 -0.449972898 0.354708582
1403637154938319104.000000 1.562629700 4.006458759 0.139790192 -0.672462285 -0.491540313 -0.449692398 0.322427422
1403637156388318976.000000 2.180296898 4.520138741 0.093969837 -0.768709660 -0.272687107 -0.525597513 0.241815031
1403637159088318976.000000 4.400327682 3.466153860 -0.193745971 -0.817339778 -0.083043240 -0.563727379 0.085269779
1403637161188318976.000000 6.282289505 1.459370852 -0.460187733 0.817563713 -0.138326958 0.556199193 0.055656832
1403637164038319104.000000 6.327085018 -1.548595667 -0.372857481 0.702300370 -0.416783273 0.536450267 0.212807626
1403637164488318976.000000 5.702983379 -2.014781952 -0.244973212 0.714157522 -0.392054379 0.533236444 0.227884352
1403637167088318976.000000 2.526381254 -3.995223761 -0.435968101 0.727375865 -0.346551329 0.463211715 0.369136035
1403637169938319104.000000 5.426958084 -1.212697029 -0.937929749 0.785125732 -0.164121553 0.569078982 0.181082368
1403637171438319104.000000 6.487658501 1.518076897 -1.303715944 -0.763376772 -0.167007342 -0.612468958 0.119357347
1403637173638319104.000000 4.450009346 3.723346472 -1.287419915 0.837753117 -0.043154594 0.540771008 -0.062242694
1403637173938319104.000000 4.388021946 3.656833410 -1.392805815 0.849735975 -0.108891293 0.514248490 -0.040497068
1403637174088318976.000000 4.402074337 3.562653065 -1.415629029 0.843289614 -0.098725386 0.528304577 0.003193666
1403637174638319104.000000 4.524374485 3.095411301 -1.297622561 0.794223428 -0.124503985 0.594616055 0.011813848
1403637177488318976.000000 1.992305636 -0.506762028 -1.215935588 0.812025726 -0.279449999 0.488243580 0.155371234
1403637180188318976.000000 3.467282057 -2.350559473 -1.617801905 0.739949286 -0.328922391 0.519789457 0.272220522
1403637181788318976.000000 5.711880207 -1.154349089 -1.373061419 0.726553738 -0.361382216 0.515808225 0.274708033
1403637183738319104.000000 7.126087666 1.622272372 -0.945995033 0.680894613 -0.392462850 0.579269946 0.216337472
1403637185038319104.000000 5.325845242 2.995375633 -1.169445157 0.749729395 -0.392761230 0.485189319 0.219626486
1403637185338319104.000000 4.910694599 3.075977087 -1.141746759 0.756814897 -0.393852592 0.473333061 0.219241962
1403637185588318976.000000 4.616650105 3.064225197 -1.062698007 0.761518598 -0.388864279 0.465115726 0.229219183
1403637186088318976.000000 4.171043396 2.905045509 -0.901718259 0.733343542 -0.372390181 0.506923497 0.257995099
1403637186838319104.000000 3.653249502 2.651873350 -0.586647749 0.723029435 -0.392547965 0.517897844 0.234342352
1403637187538319104.000000 3.070210934 2.289164782 -0.521372378 0.732474625 -0.409268349 0.486208171 0.244094044
1403637187888318976.000000 2.784441471 2.000927210 -0.552969158 0.733882964 -0.419268489 0.476686090 0.241661131
1403637189538319104.000000 1.862042069 0.200611725 -1.044644594 0.672265351 -0.469591051 0.488618672 0.297985405
1403637191988318976.000000 0.325566262 -1.701979160 -0.909403265 0.712206364 -0.410000235 0.473266155 0.317302912
1403637192338319104.000000 0.231451184 -1.800943375 -0.772871137 0.723122180 -0.413390666 0.452403754 0.318642855
1403637192838319104.000000 0.303863913 -1.950449944 -0.620296836 0.717194736 -0.435475886 0.460337996 0.289967865
1403637193688318976.000000 0.654165328 -2.426522493 -0.388575315 0.711949050 -0.427397609 0.470911533 0.297829360
1403637194138319104.000000 0.917172372 -2.761520863 -0.280543298 0.705459833 -0.420247942 0.480788708 0.307506710
1403637194388318976.000000 1.091522455 -2.932077408 -0.284570009 0.707572937 -0.424433172 0.477070153 0.302656889
1403637194638319104.000000 1.287586451 -3.097149611 -0.250740677 0.709036589 -0.426618636 0.474018365 0.300948948
1403637197438319104.000000 4.490696430 -2.864557028 -0.260433018 0.729570329 -0.336288422 0.536884904 0.257666200
1403637199988318976.000000 6.180316925 2.960790634 0.086337090 -0.745138824 -0.145436928 -0.628879845 0.167709425
1403637200138319104.000000 6.079459667 3.313222170 0.002245499 -0.719595194 -0.183791324 -0.632480800 0.219935700
1403637200288318976.000000 5.947145462 3.613768816 -0.093178615 -0.712134540 -0.237929434 -0.616590083 0.236792311
1403637203138319104.000000 4.065780163 4.280447960 -0.260346949 -0.784604549 -0.232246935 -0.552209854 0.159754172
1403637205638319104.000000 3.986536741 3.551499367 -0.352451444 -0.780430257 -0.240785584 -0.553997278 0.161363080
1403637208138319104.000000 3.413002014 3.493689537 -0.266271532 -0.785608172 -0.230538025 -0.550036132 0.164718926
1403637209138319104.000000 3.230985165 3.356174707 -0.217545405 -0.776036739 -0.243562952 -0.564314306 0.141398057
1403637211938319104.000000 5.016043186 5.709484577 -0.811453640 -0.794198334 -0.260289937 -0.507480443 0.209670648
1403637212538319104.000000 5.889792919 6.341778278 -0.799653828 -0.770722806 -0.260811925 -0.546100438 0.199343532
1403637212738319104.000000 6.157417774 6.524431229 -0.760947824 -0.780795574 -0.263741404 -0.533127844 0.191242144
1403637212938319104.000000 6.425530910 6.707207203 -0.711972773 -0.781839550 -0.269243479 -0.531535149 0.183589667
1403637213138319104.000000 6.691988945 6.894995213 -0.659540713 -0.781990111 -0.271427512 -0.529258907 0.186288938
1403637213338319104.000000 6.957367897 7.086917400 -0.628674209 -0.781386793 -0.270769417 -0.528613389 0.191537395
1403637213638319104.000000 7.349158764 7.373483658 -0.617527604 -0.772000372 -0.277956009 -0.541815639 0.182186186
1403637213888318976.000000 7.651208401 7.616780758 -0.646797061 -0.770334542 -0.290193945 -0.542590499 0.167235985
1403637214138319104.000000 7.922029972 7.890116692 -0.678079844 -0.761958063 -0.292024046 -0.547851145 0.184393331
1403637214588318976.000000 8.300895691 8.408331871 -0.628020823 -0.709713280 -0.368689120 -0.555476546 0.227642596
1403637214738319104.000000 8.376363754 8.575008392 -0.585184634 -0.687756777 -0.398631483 -0.561478972 0.229837075
1403637215088318976.000000 8.408608437 8.962057114 -0.482364088 -0.672275603 -0.413455904 -0.563709795 0.243579909
1403637216438319104.000000 7.032178402 9.795015335 -0.206377283 -0.603262842 -0.516648352 -0.456487119 0.400958896
1403637216738319104.000000 6.652132034 9.777700424 -0.179000527 -0.596134841 -0.502216339 -0.465496838 0.419183522
1403637217388318976.000000 5.912389278 9.348882675 -0.112664349 -0.624860287 -0.477962136 -0.445430368 0.427426726
1403637217788318976.000000 5.597002983 8.859796524 -0.157917678 -0.583691239 -0.511441171 -0.466973126 0.423873335
1403637218138319104.000000 5.344372272 8.297792435 -0.157940075 -0.544019759 -0.568904638 -0.435498267 0.436727971
1403637218388318976.000000 5.159950256 7.839618206 -0.166412249 -0.536136746 -0.581444263 -0.425031781 0.440258980
1403637218838319104.000000 4.818487644 6.930081367 -0.193674117 -0.542731106 -0.586512625 -0.421184152 0.429010183
1403637219038319104.000000 4.657498837 6.505525589 -0.249522775 -0.538904011 -0.593390703 -0.430896193 0.414485753
1403637219188318976.000000 4.525176048 6.183398724 -0.306906223 -0.538764775 -0.593923509 -0.432339072 0.412395984
1403637220538319104.000000 3.018818378 3.564663649 -0.162603378 -0.581502974 -0.583880723 -0.383630991 0.416851282
1403637223488318976.000000 1.651706100 1.689418793 -0.278208911 -0.682539999 -0.460953057 -0.466365933 0.322744787
1403637226138319104.000000 1.464792132 1.733713865 -0.241764203 -0.664934218 -0.464641035 -0.482926816 0.329777092
1403637226838319104.000000 1.231082678 1.702588916 -0.187214524 -0.678572893 -0.475990087 -0.463206708 0.313706666
1403637227288318976.000000 1.091194034 1.756523609 -0.213405490 -0.685665786 -0.453178555 -0.456887931 0.340213358
1403637228288318976.000000 1.031124473 1.907350659 -0.272281885 -0.666917384 -0.454172850 -0.486460477 0.335118502
1403637229488318976.000000 0.847467422 1.848035097 -0.265568554 -0.691139698 -0.442137331 -0.476650536 0.315665603
1403637229788318976.000000 0.799697876 1.806536674 -0.329482645 -0.743778288 -0.374613404 -0.475475520 0.283516824
1403637230388318976.000000 0.820759416 1.767208099 -0.434039026 -0.783120573 -0.265875071 -0.531981587 0.181736678
1403637230788318976.000000 0.838601828 1.784559011 -0.373454690 -0.780004144 -0.218105465 -0.561616719 0.169145525
1403637231188318976.000000 0.853370309 1.761914849 -0.330404520 -0.826834619 -0.107548393 -0.542475939 0.102458797
1403637231488318976.000000 0.909318805 1.714875937 -0.431305945 0.830830395 -0.013091020 0.555190146 -0.036241904
1403637231988318976.000000 1.057310343 1.528202891 -0.734851420 0.814028084 -0.193051592 0.542102635 0.078829221
1403637232438319104.000000 1.215362787 1.210812926 -0.828266323 0.757826626 -0.291786373 0.560484529 0.162531897
1403637232788318976.000000 1.260320187 0.898239434 -0.822756350 0.734984279 -0.392936736 0.521497309 0.182864696
1403637233188318976.000000 1.239121199 0.396848261 -0.737631083 0.746021986 -0.425516963 0.465737849 0.213248119
1403637236088318976.000000 4.967032909 -1.109827995 -1.531918764 0.799067974 -0.091928080 0.571810305 0.161470115
1403637239038319104.000000 4.412755489 3.204893351 0.063049480 0.841832697 -0.266995877 0.468339771 -0.026243472
1403637239288318976.000000 4.103415489 2.854626656 0.162065729 0.836661279 -0.248670459 0.486227572 0.041757192
1403637239488318976.000000 3.917221785 2.472366571 0.217151910 0.819299996 -0.271443337 0.499195963 0.076612689
1403637239738319104.000000 3.720945120 1.919214129 0.194295943 0.788425148 -0.318145305 0.509757757 0.131591633
1403637239938319104.000000 3.579793930 1.436509848 0.112537704 0.749512434 -0.344581842 0.529656827 0.197378397
1403637240438319104.000000 3.205619335 0.266191989 -0.195115775 0.705862522 -0.442014366 0.475491256 0.283354193
1403637240838319104.000000 2.966343403 -0.657920599 -0.365407377 0.704606771 -0.444209307 0.458646744 0.309597671
1403637241238319104.000000 2.837735891 -1.552668810 -0.465920210 0.700914741 -0.424902201 0.476217866 0.318423212
1403637241438319104.000000 2.805893898 -1.963393569 -0.543343842 0.707813144 -0.410253674 0.471789837 0.328795940
1403637241838319104.000000 2.855112791 -2.669345617 -0.651228845 0.697953224 -0.382607728 0.492156595 0.352497667
1403637242288318976.000000 3.032640934 -3.168510675 -0.660668552 0.686354876 -0.386263877 0.506774068 0.350567102
1403637242688318976.000000 3.252153397 -3.328442335 -0.660684764 0.691225290 -0.361964434 0.508535206 0.364117175
1403637243088318976.000000 3.551060200 -3.185521603 -0.608170033 0.702043593 -0.333751261 0.540160954 0.322445422
1403637243338319104.000000 3.737501383 -2.976319551 -0.596087039 0.717528105 -0.338051975 0.527187884 0.304872513
1403637243788318976.000000 4.078480244 -2.446561575 -0.591065943 0.724717379 -0.368569553 0.517239809 0.267215878
1403637244238319104.000000 4.384815216 -1.903015018 -0.417391300 0.721355498 -0.391625255 0.513566911 0.250049859
1403637244488318976.000000 4.523320198 -1.644880891 -0.263064325 0.728863657 -0.390884876 0.505963683 0.244882911
1403637244738319104.000000 4.657848835 -1.418980837 -0.106299713 0.752747774 -0.353524864 0.497873604 0.245993331
1403637244988318976.000000 4.812405586 -1.215517282 0.011129355 0.765593588 -0.334394276 0.498827279 0.230690792
1403637245238319104.000000 4.990902424 -1.044111490 0.087116808 0.773073435 -0.348231316 0.491627693 0.198480710
1403637245688318976.000000 5.384054184 -0.861952007 0.165314198 0.781939030 -0.307527155 0.499588460 0.210736588
1403637246088318976.000000 5.817822456 -0.740138769 0.149465442 0.790489316 -0.205222577 0.555596411 0.155958250
1403637246288318976.000000 6.037349224 -0.665030777 0.108659886 0.802691936 -0.128648117 0.572818637 0.104948424
1403637246688318976.000000 6.435003281 -0.467789054 -0.015756873 -0.796289384 -0.042649046 -0.603232265 -0.014666257
1403637247088318976.000000 6.685856819 -0.165700614 -0.121879652 -0.795708418 -0.153258249 -0.582276821 0.065679498
1403637247438319104.000000 6.805538177 0.154926598 -0.203531027 -0.784123003 -0.161225498 -0.591666698 0.095330991
1403637247688318976.000000 6.846466541 0.399723530 -0.286859512 -0.774302006 -0.171900272 -0.601311982 0.096595876
1403637247938319104.000000 6.818006992 0.659576595 -0.358987451 -0.762334883 -0.206287831 -0.603819728 0.108132817
1403637248338319104.000000 6.619123459 1.102171779 -0.418488920 -0.772233069 -0.247981489 -0.564234853 0.154273421
1403637248588318976.000000 6.455234051 1.381069064 -0.474122584 -0.763463855 -0.251115978 -0.571452141 0.165850192
1403637248838319104.000000 6.259793758 1.653243780 -0.501309395 -0.773268759 -0.251196951 -0.560887277 0.156080171
1403637249288318976.000000 5.864644051 2.160660505 -0.429977626 -0.779714942 -0.238155887 -0.559171259 0.150512546
1403637250188318976.000000 4.967411518 3.225770712 -0.458129257 -0.770066679 -0.259192258 -0.550236523 0.192500323
1403637252838319104.000000 3.484907389 4.518761635 -0.148038477 -0.742714226 -0.358493179 -0.492352694 0.278293192
1403637254838319104.000000 3.022538900 4.127936363 0.007055135 -0.707205355 -0.400566250 -0.509207249 0.283046454
1403637256938319104.000000 1.906401634 3.505573034 0.052811030 -0.643905699 -0.507837832 -0.438835293 0.367300838
1403637257288318976.000000 1.698831677 3.396480083 0.048928507 -0.621053696 -0.529309928 -0.441220403 0.373427153
1403637257638319104.000000 1.491261363 3.293953180 0.084540129 -0.615070343 -0.544308424 -0.433122575 0.371243536
1403637257888318976.000000 1.335732698 3.235433340 0.069878109 -0.617122293 -0.555389345 -0.414939076 0.372194141
1403637258138319104.000000 1.180288792 3.202973127 0.038836773 -0.598485529 -0.575929701 -0.396482170 0.391052514
1403637258488318976.000000 0.969905317 3.200027466 0.024711519 -0.558858454 -0.598832965 -0.387097478 0.423357755
1403637258938319104.000000 0.730797291 3.211011648 -0.056597140 -0.553903699 -0.596000552 -0.381287873 0.438854963
1403637259438319104.000000 0.538358331 3.220339537 -0.022371354 -0.560977280 -0.587427616 -0.379570812 0.442898810
1403637259938319104.000000 0.457932353 3.205404758 -0.013262019 -0.564448535 -0.586262703 -0.378184974 0.441214204
1403637260288318976.000000 0.460304826 3.183311701 -0.060738470 -0.555062056 -0.595718205 -0.390466541 0.429606557
1403637260738319104.000000 0.454752684 3.144262791 -0.159361601 -0.557172775 -0.608590543 -0.385321885 0.413162440
1403637261038319104.000000 0.422157347 3.133168459 -0.226133242 -0.548889995 -0.600013733 -0.394613802 0.427765608
1403637261238319104.000000 0.394990891 3.123423576 -0.271561682 -0.557826519 -0.608694911 -0.381645709 0.415531814
1403637261538319104.000000 0.347294867 3.123456955 -0.303520769 -0.557897747 -0.601311862 -0.382172197 0.425580382
1403637261938319104.000000 0.288987160 3.158683538 -0.293691099 -0.554929078 -0.600397408 -0.388498098 0.425024629
1403637262288318976.000000 0.243221343 3.197509050 -0.337286085 -0.558285952 -0.588200748 -0.388744861 0.437280416
1403637262688318976.000000 0.257533222 3.179822445 -0.348425418 -0.577865124 -0.552892923 -0.403748393 0.444261968
1403637262988318976.000000 0.257970572 3.180457830 -0.349874735 -0.577713072 -0.550693512 -0.404352129 0.446635902
1403637263488318976.000000 0.257907987 3.180684566 -0.349653959 -0.577598989 -0.550929725 -0.404902339 0.445993274
1403637263988318976.000000 0.257894903 3.180240393 -0.349203169 -0.577887893 -0.550691307 -0.404517591 0.446262568
1403637264488318976.000000 0.257821858 3.179998875 -0.349410743 -0.577982247 -0.550676405 -0.404368550 0.446293682
1403637264988318976.000000 0.258032680 3.180026054 -0.349143267 -0.578205228 -0.550610125 -0.404102325 0.446327865
1403637265488318976.000000 0.257846028 3.180220604 -0.349403471 0.578212857 0.550636947 0.404046237 -0.446335733
