1413393889605760512.000000 2.313378096 0.400765538 -1.242590666 -0.566703141 -0.592058957 -0.387069345 0.422481984
1413393892155760384.000000 1.790588856 -0.137829691 -0.850694418 -0.557694077 -0.584283113 -0.408249080 0.425350785
1413393893005760512.000000 1.547196150 -1.213432789 -0.896087408 -0.607148647 -0.631693065 -0.343068808 0.338582814
1413393893505760512.000000 1.315934658 -1.232873559 -0.858174145 -0.607452571 -0.611732185 -0.343383908 0.372656256
1413393893755760384.000000 1.208898187 -1.061016798 -0.818583071 -0.612583101 -0.599954367 -0.334814966 0.390762955
1413393895455760384.000000 1.311406851 1.068887353 -0.839566052 -0.561189413 -0.577874243 -0.402123809 0.435228914
1413393895755760384.000000 1.399751663 1.387789726 -0.908859491 -0.578158021 -0.555894852 -0.421700954 0.422945261
1413393898005760512.000000 2.248430490 2.149993896 -0.825385392 -0.797469079 -0.187758461 -0.567772508 0.080152273
1413393899605760512.000000 2.360266924 2.914203167 -0.510822952 -0.673244953 -0.045427661 -0.733047962 0.085547701
1413393901655760384.000000 1.748099685 1.927119493 -0.748624504 -0.875122309 -0.091663949 -0.475072712 0.008048713
1413393904305760512.000000 3.673745155 2.917901516 -0.532236993 0.802863121 -0.126856387 0.581967771 0.025136873
1413393905105760512.000000 4.052113533 2.581802368 -0.396583349 0.792658687 -0.207058921 0.541754603 0.187938511
1413393907905760512.000000 4.717500210 1.845046878 -1.038644314 0.598704994 -0.538918972 0.451425076 0.383841366
1413393909805760512.000000 4.695863247 2.554980516 -1.277240038 0.610037088 -0.572721064 0.381305695 0.393003106
1413393910105760512.000000 4.731127739 2.655674934 -1.406765580 0.613930285 -0.597037256 0.352622062 0.377218395
1413393910605760512.000000 4.870563507 2.464506149 -1.423537493 0.602212191 -0.636060417 0.351335317 0.330652803
1413393910855760384.000000 4.915412426 2.183246613 -1.440130591 0.597640574 -0.611452579 0.386408359 0.345890343
1413393912305760512.000000 4.992014885 0.478005409 -1.399274707 0.610740900 -0.615261376 0.387300372 0.313763380
1413393912655760384.000000 4.939664364 -0.042553786 -1.176743507 0.581886888 -0.585160792 0.428754270 0.367647022
1413393913705760512.000000 4.400136471 -1.409513235 -1.142322540 0.360545367 -0.695122600 0.374968529 0.496195793
1413393914055760384.000000 4.036512852 -1.539228559 -1.101234198 0.262994766 -0.725872815 0.290760875 0.565155327
1413393914355760384.000000 3.753983736 -1.483657360 -1.041562438 0.208245307 -0.770044327 0.166587278 0.579581201
1413393914555760384.000000 3.599097729 -1.422253013 -0.989093065 0.147783130 -0.795315385 0.126109138 0.574221373
1413393917405760512.000000 1.653715611 -1.433885217 -0.405968249 -0.315887481 -0.757105768 -0.155316025 0.550347924
1413393917605760512.000000 1.616361260 -1.453248024 -0.388737887 -0.396494955 -0.732084453 -0.204492480 0.514807761
1413393919305760512.000000 2.321373940 -1.130950689 -0.328192770 -0.771980941 -0.090290375 -0.609879732 0.154725060
1413393922255760384.000000 1.965657234 -2.679034472 -1.633048177 0.824804544 -0.010410268 0.564589918 0.028764285
1413393922455760384.000000 1.978797674 -2.653277636 -1.743775964 0.852194548 -0.021535622 0.522309005 0.022225186
1413393922905760512.000000 2.193194151 -2.624096155 -1.918105483 0.836540520 -0.045640737 0.545944750 -0.007819958
1413393923355760384.000000 2.616425514 -2.675539494 -1.916886330 0.844483852 -0.029378172 0.534366131 0.020898981
1413393923505760512.000000 2.813073397 -2.685398102 -1.896296024 0.831767440 -0.038549270 0.553101003 -0.027500506
1413393924555760384.000000 4.276683331 -2.870342493 -1.706098795 -0.733894348 -0.378787756 -0.554754853 0.100826681
1413393924705760512.000000 4.420319080 -2.786744595 -1.655688047 -0.705808818 -0.396258384 -0.579694867 0.093632869
1413393924855760384.000000 4.497579575 -2.644686937 -1.578015327 -0.696874022 -0.389836371 -0.593818605 0.098861665
1413393925805760512.000000 4.463166237 -1.150499463 -0.736780465 -0.734820545 -0.377643943 -0.488526702 0.280651778
1413393928105760512.000000 5.082450390 1.307401657 -0.201600492 -0.556374311 -0.570614100 -0.499688864 0.339349717
1413393928255760384.000000 5.025169849 1.447324395 -0.142346650 -0.558837771 -0.568410873 -0.497806698 0.341757089
1413393928705760512.000000 4.702794552 1.798315167 -0.075609535 -0.593932331 -0.507417321 -0.462641746 0.419207186
1413393928755760384.000000 4.665347099 1.826988697 -0.071823925 -0.594319224 -0.506096542 -0.464140803 0.418597996
1413393929455760384.000000 4.060860157 1.954317451 0.033502735 -0.672789693 -0.431051970 -0.516407609 0.308012009
1413393930155760384.000000 3.299393654 1.878038764 0.209370285 -0.789943397 -0.199991405 -0.538066328 0.215586752
1413393932855760384.000000 2.291254997 0.284805328 -0.800898194 -0.779350698 -0.240820020 -0.559459507 0.147048771
1413393935405760512.000000 2.017237902 -1.465585113 -1.370563745 -0.739247739 -0.416921407 -0.462369502 0.256717563
1413393935805760512.000000 2.151368618 -1.573018193 -1.347015262 -0.638580680 -0.547453880 -0.461122960 0.282621086
1413393936105760512.000000 2.133165121 -1.512986660 -1.303449512 -0.596844912 -0.582916856 -0.420797944 0.356248736
1413393936355760384.000000 2.048505545 -1.405341387 -1.255901933 -0.558086038 -0.612685561 -0.338211149 0.445836008
1413393936505760512.000000 2.008410215 -1.325625658 -1.222571731 -0.512849629 -0.645067275 -0.305229694 0.477188051
1413393939105760512.000000 2.356155396 -1.650503516 -0.783560336 -0.022783570 -0.784206808 -0.014290793 0.619916379
1413393939705760512.000000 2.662024498 -2.007140160 -0.852761626 -0.006373869 -0.897288740 0.047455482 0.438839585
1413393940105760512.000000 2.501120567 -2.154772758 -0.904754341 -0.007539486 -0.747146904 0.027832074 0.664033234
1413393940505760512.000000 2.579393625 -2.218762398 -0.940888584 -0.014419171 -0.810252190 0.032724656 0.584989488
1413393940705760512.000000 2.685047388 -2.206444025 -0.947819948 -0.040398680 -0.878215551 0.053084269 0.473589897
1413393941105760512.000000 2.604381800 -2.027969360 -0.850852966 -0.033291984 -0.784018993 0.023679635 0.619390965
1413393943755760384.000000 2.256196260 -0.498761773 -0.708544433 -0.010062922 -0.829542935 -0.019672373 0.558005571
1413393946555760384.000000 2.198762894 -0.284355015 -0.620300233 -0.467354774 -0.655979574 -0.317896634 0.500212133
1413393949205760512.000000 2.111794710 -0.850897431 -0.952591002 -0.796134114 -0.145273089 -0.579170823 0.098119609
1413393952055760384.000000 2.201966524 -2.583888531 -1.153099060 0.816321254 -0.004485371 0.577220380 0.020398775
1413393953805760512.000000 3.097804785 -2.640650272 -1.061263919 -0.788898051 -0.078578867 -0.607206821 0.052585199
1413393954205760512.000000 3.198757172 -2.718846560 -1.077960730 -0.816281319 -0.122117206 -0.559924245 0.072505839
1413393955505760512.000000 4.108006477 -2.268196106 -0.936763763 -0.754538417 -0.306770086 -0.534751356 0.224955484
1413393955755760384.000000 4.332320213 -2.098623037 -0.921367526 -0.694676638 -0.387751907 -0.552455604 0.248728141
1413393956905760512.000000 4.693580627 -1.294005036 -0.968266249 -0.573577583 -0.587990105 -0.385084927 0.420697182
1413393957305760512.000000 4.750245094 -1.025956273 -0.950710416 -0.473888546 -0.673504770 -0.311821759 0.473907471
1413393960005760512.000000 4.744668007 -0.068727151 -1.387419701 -0.244523883 -0.770047426 -0.180465490 0.560952008
1413393960305760512.000000 4.789690018 -0.082962491 -1.413727522 -0.256211966 -0.804855525 -0.165606007 0.509055734
1413393961155760384.000000 4.606558323 -0.088419780 -1.713084340 -0.129276037 -0.822377801 -0.078865543 0.548418462
1413393961355760384.000000 4.527945042 -0.078194290 -1.714224935 -0.133281395 -0.764365017 -0.065602370 0.627437949
1413393961855760384.000000 4.562176704 -0.055290237 -1.492051125 -0.118628174 -0.795688450 -0.093688004 0.586540639
1413393962305760512.000000 4.677042961 -0.101649940 -0.985374689 -0.123568788 -0.825967789 -0.084447794 0.543485463
1413393962705760512.000000 4.648008347 -0.133868456 -0.589848995 -0.154135436 -0.853056848 -0.114705585 0.485158801
1413393962905760512.000000 4.547365665 -0.134239078 -0.469392896 -0.186764047 -0.819316387 -0.188609019 0.508199394
1413393963155760384.000000 4.358426571 -0.170050859 -0.378477216 -0.259771019 -0.766132832 -0.271021396 0.521638751
1413393963355760384.000000 4.172873497 -0.246417135 -0.356957704 -0.338296771 -0.719153225 -0.300140023 0.527532101
1413393963555760384.000000 3.976787567 -0.356948644 -0.379764587 -0.404050887 -0.683916748 -0.330112100 0.509928167
1413393965005760512.000000 2.564317465 -1.730161190 -1.097306967 -0.713571429 -0.432885677 -0.416575044 0.360404223
1413393965255760384.000000 2.506625891 -1.979807734 -1.161668777 -0.776585579 -0.385932833 -0.373919964 0.328868598
1413393966505760512.000000 3.040796757 -1.656306267 -0.977410376 -0.667566657 -0.438953757 -0.551841497 0.239051089
1413393969405760512.000000 1.676530480 -0.387231976 -1.033825755 -0.799146533 -0.064480543 -0.593615115 0.069485039
1413393971405760512.000000 1.566673279 -0.282008767 -0.823460758 -0.741085112 -0.007059455 -0.670171738 -0.040161960
1413393972405760512.000000 0.808400571 0.102478936 -0.850241303 0.823756456 -0.050580591 0.564675272 0.002978537
1413393973405760512.000000 0.404370368 0.127796263 -0.960558057 0.775750637 -0.013869553 0.628019810 0.060081270
1413393973905760512.000000 0.076757401 0.445146978 -1.021212339 0.792075396 -0.075656392 0.602781355 -0.059560560
1413393974105760512.000000 -0.121546805 0.513245940 -1.032027483 0.853372395 -0.099052027 0.502190292 -0.098737895
1413393974455760384.000000 -0.236310869 0.381202132 -0.960982680 0.915139258 -0.005752947 0.402369112 0.024211938
1413393974705760512.000000 0.011009183 0.293574661 -0.845367968 -0.871396065 -0.061072465 -0.479031503 -0.086417370
1413393975155760384.000000 0.684315145 0.437789798 -0.755186081 -0.789938450 -0.016292650 -0.612785459 -0.015029398
1413393978005760512.000000 1.741370797 1.476381660 -0.733024478 -0.816134334 -0.014787807 -0.577584088 -0.010135467
1413393980605760512.000000 1.378581405 0.930191815 -0.648918271 0.661843240 -0.496892631 0.429153055 0.361785710
1413393981555760384.000000 1.351031065 -0.079564363 -0.510289550 0.658041060 -0.512937188 0.444724172 0.325726837
1413393981905760512.000000 1.357922077 -0.557241619 -0.505695164 0.674244165 -0.482833177 0.439483136 0.345139861
1413393984055760384.000000 2.750200510 -1.676195860 -0.503905058 -0.704852581 -0.397557467 -0.555256665 0.191887975
1413393984805760512.000000 2.363798857 -0.824269235 -0.353699714 -0.607676387 -0.529579341 -0.468480736 0.361664116
1413393985055760384.000000 2.119713306 -0.548715770 -0.390903205 -0.656213641 -0.493820339 -0.426810414 0.378626496
1413393987805760512.000000 1.634562969 1.351080894 -0.597790420 0.811112046 -0.054135054 0.579953134 0.053113353
1413393990555760384.000000 2.328149319 2.959409237 -0.749727488 0.703729630 -0.413932115 0.535626948 0.215705231
1413393993205760512.000000 2.133114338 2.681686401 -0.578777313 0.707512200 -0.439783901 0.462191850 0.303966016
1413393994505760512.000000 2.217076778 2.954773426 -0.480805516 0.692643225 -0.463151157 0.484845400 0.265821993
1413393994705760512.000000 2.154048443 3.133449078 -0.525102794 0.742568672 -0.501994848 0.388212293 0.214205891
1413393995205760512.000000 2.172947168 3.115245342 -0.635027766 0.678480327 -0.462246060 0.491109580 0.291212112
1413393995505760512.000000 2.208621740 3.011059761 -0.731911063 0.691804826 -0.423342615 0.536903799 0.232210249
1413393995955760384.000000 2.131317139 2.810395241 -0.816336989 0.750617206 -0.235357329 0.592764974 0.172657505
1413393996205760512.000000 2.022338629 2.728097439 -0.856824517 0.762453496 -0.172706991 0.612124562 0.118913509
1413393996655760384.000000 1.723312616 2.596655846 -0.996805668 0.812586308 -0.149365857 0.555739462 0.092450075
1413393997055760384.000000 1.518483043 2.478178501 -1.126424074 0.821997881 -0.103853643 0.554174423 0.080154516
1413393997405760512.000000 1.424894452 2.395080328 -1.189307451 0.814435899 -0.077487722 0.571037769 0.067865960
1413393997705760512.000000 1.372278214 2.350257874 -1.307543755 0.808981478 -0.072085127 0.579807758 0.064619005
1413393997955760384.000000 1.333927155 2.339378357 -1.375379562 0.812994301 -0.073722847 0.573630869 0.067475677
1413393998205760512.000000 1.308059573 2.353349686 -1.419359565 0.814029157 -0.078701869 0.570703268 0.073895015
1413393998505760512.000000 1.297962546 2.403212309 -1.443301558 0.816990495 -0.096528932 0.564315796 0.068966053
1413393998905760512.000000 1.318170071 2.475236416 -1.458513141 0.805822313 -0.121902905 0.578157425 0.039038509
1413393999205760512.000000 1.325553179 2.488012552 -1.491074562 0.810959041 -0.092702754 0.572168827 0.079840630
1413393999605760512.000000 1.358708143 2.520529270 -1.552876353 0.813792288 -0.121656239 0.566618919 0.043417200
1413394000055760384.000000 1.425957799 2.480475903 -1.640564084 0.804034472 -0.105373777 0.581226587 0.067828655
1413394000455760384.000000 1.414848566 2.483042479 -1.635417581 0.796812296 -0.113008179 0.588335872 0.078614041
1413394000555760384.000000 1.414550424 2.482121944 -1.638765335 0.796496332 -0.114096358 0.588720202 0.077358477
1413394000955760384.000000 1.415441513 2.482638597 -1.639683247 0.796121359 -0.114653043 0.589213014 0.076639868
1413394001455760384.000000 1.415741444 2.482336283 -1.639933825 0.795972645 -0.115161687 0.589397430 0.076001190
1413394001955760384.000000 1.414647818 2.482786655 -1.640144944 0.795934021 -0.115455784 0.589467585 0.075412795
1413394002455760384.000000 1.414798737 2.482744694 -1.640129089 0.795879126 -0.115740575 0.589505732 0.075257309
1413394002955760384.000000 1.414538383 2.482859135 -1.639987111 0.795943379 -0.116006702 0.589392960 0.075050905
