#LBA time[ms],KF opt[#],KF fixed[#],MP[#],Edges[#]
0.004764,3,1,0,2067
0.003516,4,1,0,2563
0.485939,5,1,0,3085
0.589805,6,1,0,3722
0.716348,7,1,0,4168
1.306795,8,1,0,4651
1.701789,9,1,0,4914
1.434732,10,1,0,5397
2.469448,0,0,0,0
71.503365,0,0,0,0
2.596610,0,0,0,0
2.827939,0,0,0,0
2.940439,0,0,0,0
3.295989,0,0,0,0
3.987189,0,0,0,0
4.338451,0,0,0,0
5.631150,0,0,0,0
4.536467,0,0,0,0
5.669638,0,0,0,0
4.844821,0,0,0,0
5.555245,0,0,0,0
5.813962,0,0,0,0
6.008693,0,0,0,0
6.094335,0,0,0,0
6.343317,0,0,0,0
6.220317,0,0,0,0
5.768233,0,0,0,0
5.671259,0,0,0,0
5.193799,0,0,0,0
6.392994,0,0,0,0
5.447545,0,0,0,0
8.115288,0,0,0,0
5.422906,0,0,0,0
4.742102,0,0,0,0
7.553826,0,0,0,0
6.655828,0,0,0,0
6.559312,0,0,0,0
4.466879,0,0,0,0
5.532092,0,0,0,0
6.036798,0,0,0,0
6.075932,0,0,0,0
3.691804,0,0,0,0
6.209731,0,0,0,0
4.596162,0,0,0,0
3.752198,0,0,0,0
5.858484,0,0,0,0
2.830417,0,0,0,0
5.610312,0,0,0,0
4.782767,0,0,0,0
4.425405,0,0,0,0
5.200174,0,0,0,0
3.460359,0,0,0,0
3.571794,0,0,0,0
3.983301,0,0,0,0
3.550455,0,0,0,0
4.817294,0,0,0,0
3.978706,0,0,0,0
5.168582,0,0,0,0
4.194834,0,0,0,0
7.020266,0,0,0,0
4.866567,0,0,0,0
4.198700,0,0,0,0
4.185234,0,0,0,0
5.331825,0,0,0,0
4.407057,0,0,0,0
5.866228,0,0,0,0
5.286049,0,0,0,0
6.748415,0,0,0,0
5.375655,0,0,0,0
6.298215,0,0,0,0
4.320749,0,0,0,0
8.297251,0,0,0,0
4.867017,0,0,0,0
6.467322,0,0,0,0
7.293331,0,0,0,0
5.923798,0,0,0,0
7.251479,0,0,0,0
6.628985,0,0,0,0
8.154480,0,0,0,0
6.243190,0,0,0,0
6.955844,0,0,0,0
6.682278,0,0,0,0
6.041541,0,0,0,0
7.372274,0,0,0,0
5.338795,0,0,0,0
4.401120,0,0,0,0
7.890018,0,0,0,0
4.921615,0,0,0,0
5.323661,0,0,0,0
4.760935,0,0,0,0
6.013534,0,0,0,0
3.070358,0,0,0,0
3.922137,0,0,0,0
3.233697,0,0,0,0
4.802831,0,0,0,0
4.710845,0,0,0,0
3.391895,0,0,0,0
5.816494,0,0,0,0
4.315677,0,0,0,0
8.101109,0,0,0,0
10.384968,0,0,0,0
9.304381,0,0,0,0
4.376940,0,0,0,0
5.567016,0,0,0,0
6.064579,0,0,0,0
8.107256,0,0,0,0
8.642684,0,0,0,0
7.101381,0,0,0,0
8.083310,0,0,0,0
5.760946,0,0,0,0
6.745864,0,0,0,0
7.981483,0,0,0,0
6.676544,0,0,0,0
9.010208,0,0,0,0
6.223899,0,0,0,0
8.853462,0,0,0,0
9.562838,0,0,0,0
7.885654,0,0,0,0
9.374188,0,0,0,0
7.494385,0,0,0,0
2.803503,0,0,0,0
3.231367,0,0,0,0
3.361895,0,0,0,0
3.263064,0,0,0,0
2.464946,0,0,0,0
5.131344,0,0,0,0
3.298855,0,0,0,0
2.462442,0,0,0,0
4.511581,0,0,0,0
3.727390,0,0,0,0
4.082737,0,0,0,0
5.294568,0,0,0,0
4.949090,0,0,0,0
4.874804,0,0,0,0
5.053808,0,0,0,0
6.704271,0,0,0,0
5.565672,0,0,0,0
4.217920,0,0,0,0
1.105866,0,0,0,0
1.128849,0,0,0,0
2.355488,0,0,0,0
1.029970,0,0,0,0
3.467664,0,0,0,0
1.168295,0,0,0,0
4.322286,0,0,0,0
1.215035,0,0,0,0
1.673803,0,0,0,0
1.259715,0,0,0,0
1.559545,0,0,0,0
3.396635,0,0,0,0
4.448727,0,0,0,0
5.051875,0,0,0,0
4.326350,0,0,0,0
5.752923,0,0,0,0
3.257320,0,0,0,0
2.380447,0,0,0,0
4.153511,0,0,0,0
3.194380,0,0,0,0
4.111246,0,0,0,0
5.048039,0,0,0,0
3.701444,0,0,0,0
4.935886,0,0,0,0
7.150473,0,0,0,0
7.262951,0,0,0,0
6.346739,0,0,0,0
7.311503,0,0,0,0
5.846834,0,0,0,0
6.460316,0,0,0,0
7.092140,0,0,0,0
8.159345,0,0,0,0
8.882897,0,0,0,0
7.490806,0,0,0,0
8.066619,0,0,0,0
6.271620,0,0,0,0
9.393033,0,0,0,0
8.156832,0,0,0,0
5.385394,0,0,0,0
4.828297,0,0,0,0
5.509806,0,0,0,0
5.610327,0,0,0,0
8.210268,0,0,0,0
4.514538,0,0,0,0
6.534796,0,0,0,0
6.103908,0,0,0,0
8.015089,0,0,0,0
8.661635,0,0,0,0
4.095176,0,0,0,0
6.980258,0,0,0,0
6.819809,0,0,0,0
7.085511,0,0,0,0
6.005704,0,0,0,0
4.880952,0,0,0,0
3.735615,0,0,0,0
2.532214,0,0,0,0
4.673951,0,0,0,0
3.978672,0,0,0,0
4.255565,0,0,0,0
6.234983,0,0,0,0
5.080702,0,0,0,0
3.775075,0,0,0,0
6.506624,0,0,0,0
6.472510,0,0,0,0
5.293157,0,0,0,0
6.671620,0,0,0,0
7.951025,0,0,0,0
5.005573,0,0,0,0
7.326985,0,0,0,0
8.259370,0,0,0,0
12.780238,0,0,0,0
7.026289,0,0,0,0
8.797775,0,0,0,0
9.757197,0,0,0,0
11.686178,0,0,0,0
9.436472,0,0,0,0
11.343532,0,0,0,0
13.655337,0,0,0,0
10.786871,0,0,0,0
14.902093,0,0,0,0
12.647006,0,0,0,0
10.603487,0,0,0,0
10.365187,0,0,0,0
13.830617,0,0,0,0
10.098868,0,0,0,0
11.675293,0,0,0,0
11.181475,0,0,0,0
11.067524,0,0,0,0
9.383021,0,0,0,0
11.728736,0,0,0,0
8.075461,0,0,0,0
9.098011,0,0,0,0
7.520616,0,0,0,0
8.196068,0,0,0,0
9.315136,0,0,0,0
3.593198,0,0,0,0
7.189530,0,0,0,0
4.318918,0,0,0,0
5.422375,0,0,0,0
7.207617,0,0,0,0
10.470794,0,0,0,0
4.928183,0,0,0,0
3.689223,0,0,0,0
5.118136,0,0,0,0
6.935342,0,0,0,0
3.311006,0,0,0,0
7.653564,0,0,0,0
4.707785,0,0,0,0
5.446857,0,0,0,0
6.691736,0,0,0,0
5.530597,0,0,0,0
7.018884,0,0,0,0
5.837402,0,0,0,0
4.462496,0,0,0,0
8.489019,0,0,0,0
10.639562,0,0,0,0
5.913334,0,0,0,0
6.318916,0,0,0,0
5.858679,0,0,0,0
7.036572,0,0,0,0
9.300588,0,0,0,0
6.771045,0,0,0,0
8.056725,0,0,0,0
6.525950,0,0,0,0
11.414278,0,0,0,0
10.320999,0,0,0,0
7.161259,0,0,0,0
11.147943,0,0,0,0
9.151800,0,0,0,0
12.944140,0,0,0,0
9.427227,0,0,0,0
9.777428,0,0,0,0
8.722250,0,0,0,0
10.525967,0,0,0,0
8.587552,0,0,0,0
11.178637,0,0,0,0
8.378236,0,0,0,0
13.995578,0,0,0,0
24.213379,0,0,0,0
14.710722,0,0,0,0
13.980198,0,0,0,0
5.935423,0,0,0,0
14.156931,0,0,0,0
21.325163,0,0,0,0
15.173636,0,0,0,0
14.453768,0,0,0,0
15.039389,0,0,0,0
16.046010,0,0,0,0
14.363951,0,0,0,0
13.831345,0,0,0,0
14.739422,0,0,0,0
15.183673,0,0,0,0
16.629119,0,0,0,0
19.456777,0,0,0,0
14.941362,0,0,0,0
12.855320,0,0,0,0
15.049545,0,0,0,0
17.940159,0,0,0,0
13.623692,0,0,0,0
15.819134,0,0,0,0
11.856754,0,0,0,0
14.195630,0,0,0,0
16.311735,0,0,0,0
17.286166,0,0,0,0
18.220106,0,0,0,0
19.340626,0,0,0,0
13.332092,0,0,0,0
17.927243,0,0,0,0
15.205547,0,0,0,0
19.173919,0,0,0,0
14.673229,0,0,0,0
19.648133,0,0,0,0
22.986143,0,0,0,0
16.908885,0,0,0,0
21.016802,0,0,0,0
19.756561,0,0,0,0
13.204820,0,0,0,0
19.297670,0,0,0,0
12.637683,0,0,0,0
12.979272,0,0,0,0
9.593391,0,0,0,0
10.773388,0,0,0,0
10.532724,0,0,0,0
8.522357,0,0,0,0
8.491152,0,0,0,0
13.883129,0,0,0,0
12.954529,0,0,0,0
12.137673,0,0,0,0
10.903086,0,0,0,0
12.165638,0,0,0,0
9.861993,0,0,0,0
13.245066,0,0,0,0
14.244880,0,0,0,0
14.464730,0,0,0,0
11.185209,0,0,0,0
12.176123,0,0,0,0
13.689977,0,0,0,0
13.777075,0,0,0,0
15.507846,0,0,0,0
17.159902,0,0,0,0
18.340117,0,0,0,0
20.470525,0,0,0,0
21.650813,0,0,0,0
26.626787,0,0,0,0
24.050219,0,0,0,0
20.106610,0,0,0,0
20.459122,0,0,0,0
22.452665,0,0,0,0
24.675023,0,0,0,0
21.876775,0,0,0,0
17.834905,0,0,0,0
18.605595,0,0,0,0
21.868986,0,0,0,0
18.651942,0,0,0,0
24.839835,0,0,0,0
15.497724,0,0,0,0
19.292533,0,0,0,0
19.317933,0,0,0,0
19.180117,0,0,0,0
20.084866,0,0,0,0
22.198231,0,0,0,0
17.058868,0,0,0,0
16.313641,0,0,0,0
20.316699,0,0,0,0
15.712104,0,0,0,0
17.826863,0,0,0,0
24.596097,0,0,0,0
18.706776,0,0,0,0
18.942966,0,0,0,0
19.310789,0,0,0,0
23.849374,0,0,0,0
20.917999,0,0,0,0
23.120645,0,0,0,0
22.396611,0,0,0,0
21.786035,0,0,0,0
23.339109,0,0,0,0
21.935581,0,0,0,0
24.354591,0,0,0,0
20.056097,0,0,0,0
20.948502,0,0,0,0
19.531897,0,0,0,0
24.078000,0,0,0,0
23.119139,0,0,0,0
20.339649,0,0,0,0
24.391315,0,0,0,0
24.327460,0,0,0,0
23.480146,0,0,0,0
20.296582,0,0,0,0
23.623554,0,0,0,0
15.866262,0,0,0,0
25.243909,0,0,0,0
18.227223,0,0,0,0
19.963210,0,0,0,0
19.357290,0,0,0,0
21.602982,0,0,0,0
19.500673,0,0,0,0
22.470787,0,0,0,0
15.674468,0,0,0,0
19.581545,0,0,0,0
15.917462,0,0,0,0
14.003123,0,0,0,0
19.287846,0,0,0,0
14.934062,0,0,0,0
15.909664,0,0,0,0
13.095143,0,0,0,0
15.608289,0,0,0,0
12.029497,0,0,0,0
12.450636,0,0,0,0
12.562798,0,0,0,0
16.283245,0,0,0,0
18.303800,0,0,0,0
17.510078,0,0,0,0
19.916665,0,0,0,0
17.658479,0,0,0,0
23.246389,0,0,0,0
18.709358,0,0,0,0
22.189228,0,0,0,0
24.980264,0,0,0,0
17.304229,0,0,0,0
22.956096,0,0,0,0
17.797009,0,0,0,0
11.925419,0,0,0,0
14.701208,0,0,0,0
21.125832,0,0,0,0
24.423025,0,0,0,0
25.120141,0,0,0,0
20.094100,0,0,0,0
18.998379,0,0,0,0
16.308324,0,0,0,0
20.302178,0,0,0,0
24.857529,0,0,0,0
25.288870,0,0,0,0
24.437244,0,0,0,0
20.362932,0,0,0,0
24.620856,0,0,0,0
19.286840,0,0,0,0
19.572659,0,0,0,0
17.260701,0,0,0,0
22.557226,0,0,0,0
24.411703,0,0,0,0
19.854713,0,0,0,0
19.550397,0,0,0,0
20.797877,0,0,0,0
19.002166,0,0,0,0
21.011947,0,0,0,0
21.857490,0,0,0,0
17.730328,0,0,0,0
17.343898,0,0,0,0
19.208273,0,0,0,0
19.918881,0,0,0,0
19.068922,0,0,0,0
17.748237,0,0,0,0
25.915064,0,0,0,0
17.034283,0,0,0,0
19.709050,0,0,0,0
19.711554,0,0,0,0
24.099448,0,0,0,0
16.717596,0,0,0,0
18.394392,0,0,0,0
17.088156,0,0,0,0
19.204263,0,0,0,0
19.482307,0,0,0,0
18.424211,0,0,0,0
20.052537,0,0,0,0
23.080797,0,0,0,0
16.459728,0,0,0,0
20.667053,0,0,0,0
23.139080,0,0,0,0
21.387240,0,0,0,0
23.604706,0,0,0,0
17.989374,0,0,0,0
17.220173,0,0,0,0
21.887812,0,0,0,0
17.338183,0,0,0,0
18.009388,0,0,0,0
21.809699,0,0,0,0
12.042570,0,0,0,0
15.560627,0,0,0,0
13.375931,0,0,0,0
15.450741,0,0,0,0
12.763097,0,0,0,0
14.708424,0,0,0,0
12.382639,0,0,0,0
15.385500,0,0,0,0
13.398848,0,0,0,0
16.836379,0,0,0,0
14.250165,16,-1425828720,0,21
16.724449,30241,30241,0,30241
