1403638538777829376.000000 -0.038998082 5.736070633 -6.031951427 -0.576117575 -0.608938396 -0.372501403 0.398152292
1403638539027829504.000000 -0.040722273 5.746068001 -6.031070709 -0.570868492 -0.603211045 -0.380549133 0.406728446
1403638539277829376.000000 -0.044117361 5.764773369 -6.004789829 -0.563255370 -0.593258142 -0.391781181 0.421064913
1403638539777829376.000000 -0.050198354 5.808238506 -5.871624947 -0.563059568 -0.600924850 -0.385058045 0.416633576
1403638541177829376.000000 -0.218125463 6.306208611 -5.774471283 -0.446186304 -0.693985462 -0.324617237 0.462520987
1403638541527829504.000000 -0.358822763 6.464272022 -5.761029243 -0.435104221 -0.700534523 -0.317900658 0.467840791
1403638541827829504.000000 -0.531818867 6.593562126 -5.685926914 -0.422376722 -0.705270648 -0.302898228 0.482124388
1403638542177829376.000000 -0.768416286 6.721214771 -5.594756603 -0.374090791 -0.734521747 -0.259572297 0.503146231
1403638542577829376.000000 -1.057307601 6.853100300 -5.556400776 -0.285978407 -0.758318543 -0.243980139 0.532581449
1403638542877829376.000000 -1.290857911 6.895885944 -5.510052681 -0.285290629 -0.766091228 -0.221227601 0.531763077
1403638543327829504.000000 -1.657648683 6.890451908 -5.394624710 -0.300365865 -0.766550064 -0.207903653 0.528164327
1403638544177829376.000000 -2.427766323 6.845250607 -5.271269798 -0.185204297 -0.803989112 -0.127380297 0.550522625
1403638544527829504.000000 -2.770767212 6.830915928 -5.226664066 -0.177879244 -0.805345953 -0.118639275 0.552902937
1403638544777829376.000000 -3.018803120 6.826835155 -5.190647602 -0.172281578 -0.798242569 -0.118259192 0.564926982
1403638545227829504.000000 -3.447928905 6.824193954 -5.165467739 -0.170338392 -0.803537369 -0.114749573 0.558699369
1403638545677829376.000000 -3.862489462 6.818949699 -5.217784882 -0.149017796 -0.806430340 -0.097310051 0.563910127
1403638546127829504.000000 -4.267003536 6.805057049 -5.166289330 -0.053753905 -0.822132051 -0.047054537 0.564796805
1403638546277829376.000000 -4.402366638 6.797617912 -5.152624130 -0.038448088 -0.823413074 -0.034916990 0.565060675
1403638546727829504.000000 -4.823204994 6.763452530 -5.154208183 -0.019675534 -0.824391067 -0.015199455 0.565474451
1403638546927829504.000000 -5.022027969 6.741961479 -5.115783215 -0.007472883 -0.825166464 -0.013635395 0.564675510
1403638547677829376.000000 -5.798498631 6.565391541 -5.110944271 -0.009925399 -0.826677680 -0.008531441 0.562523544
1403638547827829504.000000 -5.961813927 6.515238762 -5.137907982 -0.006655142 -0.826674044 -0.015639380 0.562424362
1403638548527829504.000000 -6.772705078 6.206611633 -5.134109974 0.047989454 -0.827148139 0.029107701 0.559174120
1403638548727829504.000000 -7.015501499 6.105935097 -5.108858109 0.064511977 -0.825570822 0.040651347 0.559122920
1403638548927829504.000000 -7.262756348 6.003692150 -5.077690601 0.070865482 -0.824968338 0.046383895 0.558796883
1403638549077829376.000000 -7.448818207 5.925678730 -5.037919044 0.072078034 -0.825207531 0.047409412 0.558202088
1403638549577829376.000000 -8.081547737 5.661952496 -4.848427773 0.063530631 -0.822661996 0.054016467 0.562381923
1403638550027829504.000000 -8.668045998 5.441591263 -4.688773155 0.061449204 -0.823468387 0.053346649 0.561496317
1403638550477829376.000000 -9.286934853 5.244808197 -4.410458565 0.061323542 -0.823422372 0.057071131 0.561211050
1403638550827829504.000000 -9.771977425 5.120336533 -4.242101192 0.055950634 -0.814920425 0.064696893 0.573226392
1403638551027829504.000000 -10.039753914 5.069110394 -4.167223930 0.054100130 -0.803804457 0.066201642 0.588718176
1403638551227829504.000000 -10.283090591 5.035836220 -4.096288681 0.050923973 -0.800806761 0.071930103 0.592403054
1403638551427829504.000000 -10.496473312 5.029569149 -4.013968945 0.035660885 -0.807509124 0.067288332 0.584918499
1403638553827829504.000000 -11.598259926 6.744649887 -3.499851227 -0.047709715 -0.790213048 -0.033174742 0.610071063
1403638556327829504.000000 -9.987431526 8.757633209 -3.182311535 -0.099704295 -0.822515428 -0.051314827 0.557578921
1403638558927829504.000000 -9.526480675 11.540996552 -2.752855778 -0.110443167 -0.826992095 -0.045757350 0.549356580
1403638560927829504.000000 -10.376362801 13.520123482 -3.025846004 -0.315534621 -0.741246939 -0.189037204 0.561476469
1403638561727829504.000000 -10.235585213 14.065963745 -3.056079388 -0.370796353 -0.723367810 -0.253902137 0.524197280
1403638562127829504.000000 -10.077260017 14.269936562 -3.139880180 -0.385337561 -0.714859188 -0.271942914 0.516273558
1403638563827829504.000000 -8.986830711 14.637204170 -3.229990482 -0.564087927 -0.571932673 -0.378850400 0.459532529
1403638564027829504.000000 -8.767596245 14.600108147 -3.219608545 -0.560936213 -0.573292613 -0.374532521 0.465200633
1403638564427829504.000000 -8.257506371 14.472501755 -3.219096422 -0.543792903 -0.582566798 -0.377455056 0.471628070
1403638564827829504.000000 -7.663448811 14.258770943 -3.193043470 -0.549700797 -0.582149565 -0.363999426 0.475852281
1403638565027829504.000000 -7.334759235 14.126772881 -3.240579844 -0.551563621 -0.579158723 -0.362019628 0.478847235
1403638565177829376.000000 -7.074410915 14.022419930 -3.319365025 -0.552604735 -0.579461813 -0.360350519 0.478539079
1403638566277829376.000000 -4.953965664 13.060986519 -3.879237175 -0.542493939 -0.594107866 -0.391885191 0.446275979
1403638566727829504.000000 -4.159034252 12.583892822 -4.210839748 -0.552304387 -0.611179352 -0.369930416 0.429617465
1403638567027829504.000000 -3.666997194 12.303890228 -4.481542110 -0.556963086 -0.627399743 -0.354347706 0.413036793
1403638567177829376.000000 -3.434786558 12.190261841 -4.616862297 -0.542432368 -0.614527702 -0.374112874 0.433776945
1403638567477829376.000000 -2.994146824 11.972282410 -4.912423134 -0.534674823 -0.607724607 -0.389177024 0.439698666
1403638567827829504.000000 -2.526205063 11.706842422 -5.194736958 -0.544287264 -0.614918947 -0.384260803 0.421864659
1403638568027829504.000000 -2.289766312 11.569726944 -5.315201759 -0.547684848 -0.614511251 -0.381687403 0.420395017
1403638569177829376.000000 -1.394290805 11.023043633 -5.462042332 -0.553944767 -0.625027120 -0.378991693 0.398562014
1403638569677829376.000000 -1.232373595 10.932436943 -5.566361427 -0.550390065 -0.622410178 -0.385850579 0.400993556
1403638571477829376.000000 -0.860562265 10.796655655 -6.001417160 -0.678819001 -0.451464653 -0.455387503 0.357780367
1403638572477829376.000000 0.117804579 10.307918549 -6.122541428 -0.765101135 -0.326707631 -0.496924520 0.246877491
1403638572727829504.000000 0.418566197 10.173094749 -6.138100147 -0.772352934 -0.313448280 -0.505240798 0.223501608
1403638572977829376.000000 0.736564517 10.062794685 -6.110019207 -0.773986638 -0.319114119 -0.504743993 0.210581109
1403638573227829504.000000 1.063241124 9.986490250 -6.088010311 -0.773830533 -0.324543387 -0.501268506 0.211158291
1403638573427829504.000000 1.332218647 9.950586319 -6.074674606 -0.773929417 -0.327166349 -0.499844223 0.210122228
1403638574077829376.000000 2.236351013 10.001509666 -5.928766727 -0.776545167 -0.259925634 -0.541299582 0.190816969
1403638574427829504.000000 2.694394112 10.037856102 -5.910498142 -0.795493662 -0.165862992 -0.560644507 0.159239307
1403638574627829504.000000 2.943540096 10.025061607 -5.905759811 -0.803272247 -0.132116586 -0.565871775 0.130721256
1403638574827829504.000000 3.185415506 9.998296738 -5.873644829 -0.808066308 -0.127010390 -0.566141367 0.101888590
1403638575227829504.000000 3.653987885 9.941454887 -5.839117050 -0.818507910 -0.116024017 -0.551584065 0.111078396
1403638575627829504.000000 4.142650127 9.855862617 -5.869413853 -0.824666917 -0.132994801 -0.539447129 0.105989747
1403638576427829504.000000 5.274910450 9.761875153 -5.693285942 -0.821788728 -0.155984387 -0.541340172 0.085341327
1403638576827829504.000000 5.890511036 9.838907242 -5.641290665 -0.813655794 -0.164906085 -0.552802920 0.071966216
1403638577177829376.000000 6.408627033 9.995861053 -5.637777328 -0.809085548 -0.148530617 -0.560729802 0.094347484
1403638577627829504.000000 7.033239365 10.258953094 -5.550622940 -0.808820486 -0.156870961 -0.560567558 0.083456770
1403638578077829376.000000 7.610272884 10.599754333 -5.525313854 -0.809035301 -0.155797452 -0.559522033 0.090134807
1403638578477829376.000000 8.105242729 10.943947792 -5.464437008 -0.810035586 -0.141332775 -0.557941377 0.112111129
1403638578677829376.000000 8.346866608 11.104407310 -5.456744671 -0.809233248 -0.141119093 -0.559524775 0.110267565
1403638578877829376.000000 8.582576752 11.257958412 -5.462496281 -0.807248652 -0.149767905 -0.562487960 0.097603068
1403638579327829504.000000 9.084397316 11.627914429 -5.420758724 -0.805843055 -0.151723877 -0.563744307 0.098940343
1403638580077829376.000000 9.792422295 12.242557526 -5.402145386 -0.760364771 -0.263788193 -0.564510703 0.183273271
1403638580427829504.000000 9.999367714 12.495100021 -5.475268364 -0.713379622 -0.373453379 -0.524087965 0.277405918
1403638580827829504.000000 10.178611755 12.704676628 -5.585224628 -0.693252683 -0.437271744 -0.479205608 0.313936740
1403638581577829376.000000 10.475299835 12.999758720 -5.540477276 -0.687730432 -0.444054335 -0.483734965 0.309585422
1403638584227829504.000000 10.235460281 13.514441490 -4.766697884 -0.673821688 -0.431368411 -0.512983203 0.311020643
1403638586877829376.000000 8.320821762 13.321133614 -4.542316914 -0.686199307 -0.431850523 -0.497740567 0.308042347
1403638587127829504.000000 8.113767624 13.307960510 -4.593354702 -0.686292648 -0.431231052 -0.497402936 0.309245050
1403638587577829376.000000 7.725753784 13.273558617 -4.607963085 -0.691310644 -0.432753712 -0.490394562 0.307126909
1403638590427829504.000000 5.133920670 12.826850891 -4.900138378 -0.692846358 -0.426376849 -0.492996275 0.308417737
1403638591527829504.000000 4.250180721 12.588212967 -4.912518978 -0.719274402 -0.436050415 -0.455459565 0.291652262
1403638591777829376.000000 4.110801697 12.605673790 -4.950489044 -0.719836831 -0.435271561 -0.454866558 0.292352468
1403638592227829504.000000 3.949543953 12.739587784 -4.946064472 -0.706034541 -0.429569900 -0.468900591 0.311636269
1403638594577829376.000000 3.896396160 13.729399681 -4.064478874 -0.626844764 -0.501829863 -0.468567818 0.368343204
1403638595627829504.000000 3.663732290 13.760432243 -3.865424633 -0.638388038 -0.499622673 -0.455711722 0.367647588
1403638595877829376.000000 3.607124329 13.739035606 -3.858007193 -0.635413706 -0.503530264 -0.460094541 0.361966580
1403638596277829376.000000 3.488647938 13.694478989 -3.947140694 -0.619420171 -0.520203352 -0.481776178 0.337044388
1403638597177829376.000000 2.426738501 13.585909843 -3.540162086 -0.597003460 -0.542903602 -0.509099007 0.299434245
1403638597327829504.000000 2.131554127 13.597614288 -3.525685310 -0.598578334 -0.536871493 -0.509341240 0.306666821
1403638597477829376.000000 1.803207755 13.609654427 -3.523220778 -0.603136837 -0.527161419 -0.505793214 0.320156455
1403638597627829504.000000 1.449704528 13.618774414 -3.530767202 -0.608401716 -0.514668524 -0.500448823 0.338400185
1403638597777829376.000000 1.081176877 13.621191025 -3.548583269 -0.605701685 -0.517504215 -0.502264738 0.336221546
1403638597927829504.000000 0.695662379 13.616665840 -3.575833321 -0.595074713 -0.530943751 -0.505057752 0.330002457
1403638598077829376.000000 0.288003713 13.606241226 -3.600979567 -0.590170324 -0.535323262 -0.501316071 0.337357670
1403638598227829504.000000 -0.141746461 13.585997581 -3.613051891 -0.601311684 -0.527869105 -0.479733020 0.360048264
1403638598377829376.000000 -0.577743173 13.557241440 -3.623383522 -0.610525489 -0.524303973 -0.463711083 0.370588899
1403638598527829504.000000 -1.010608673 13.523107529 -3.645370245 -0.612945080 -0.525232494 -0.457382351 0.373136252
1403638598677829376.000000 -1.438649416 13.484066010 -3.683920622 -0.607538104 -0.534526646 -0.451040208 0.376485735
1403638598827829504.000000 -1.861369371 13.442211151 -3.720721960 -0.594960928 -0.547486901 -0.443422675 0.386853784
1403638598977829376.000000 -2.278069496 13.395771027 -3.747608662 -0.578709602 -0.565159917 -0.433183134 0.397544920
1403638599127829504.000000 -2.690501690 13.344838142 -3.763228655 -0.560173869 -0.582755923 -0.421574384 0.410945117
1403638599527829504.000000 -3.770562172 13.173449516 -3.755474091 -0.516137600 -0.629332840 -0.387765914 0.432642877
1403638599677829376.000000 -4.165201664 13.101588249 -3.759797335 -0.511673808 -0.635725141 -0.380846977 0.434740126
1403638599877829376.000000 -4.683659077 13.005009651 -3.800689459 -0.512777925 -0.634360850 -0.379062444 0.436986148
1403638600527829504.000000 -6.160081387 12.703351974 -3.560936213 -0.563763797 -0.618566334 -0.320166439 0.443891495
1403638600677829376.000000 -6.453940392 12.693547249 -3.571054697 -0.567019165 -0.617518187 -0.317454308 0.443151563
1403638600827829504.000000 -6.718404293 12.705936432 -3.563446045 -0.567402482 -0.624247730 -0.316124350 0.434090495
1403638600977829376.000000 -6.958045959 12.739784241 -3.549250841 -0.554991126 -0.638930678 -0.331889331 0.416655779
1403638601127829504.000000 -7.186974525 12.794275284 -3.545284033 -0.546137810 -0.645025432 -0.342678845 0.410179228
1403638601277829376.000000 -7.412541866 12.866963387 -3.550079584 -0.532984614 -0.647022545 -0.360279113 0.409253120
1403638601427829504.000000 -7.643163681 12.953481674 -3.555772305 -0.523708403 -0.643871784 -0.361275285 0.425016254
1403638601577829376.000000 -7.878118515 13.045673370 -3.549053907 -0.505983829 -0.650146902 -0.353750288 0.442888349
1403638601777829376.000000 -8.192844391 13.169098854 -3.520308018 -0.467257828 -0.674749315 -0.337785631 0.460743248
1403638601977829376.000000 -8.511641502 13.282292366 -3.468650341 -0.421540588 -0.701732934 -0.316198885 0.479471415
1403638602327829504.000000 -9.074677467 13.450955391 -3.418255806 -0.365154654 -0.724057853 -0.294691563 0.505528629
1403638602527829504.000000 -9.399824142 13.511229515 -3.378137827 -0.329489917 -0.702151954 -0.263523966 0.573562801
1403638603627829504.000000 -10.110947609 13.176052094 -3.057358503 -0.207358763 -0.780200660 -0.132459804 0.575103104
1403638603977829376.000000 -10.097867966 12.997540474 -3.092755795 -0.176981464 -0.769239366 -0.167479426 0.590676665
1403638604827829504.000000 -9.845820427 12.195760727 -3.135363817 -0.198972970 -0.786384702 -0.138582885 0.568158031
1403638605227829504.000000 -9.678629875 11.779915810 -3.098498583 -0.205671623 -0.805461466 -0.129477769 0.540524244
1403638605677829376.000000 -9.563093185 11.368149757 -3.054990530 -0.172855943 -0.795524657 -0.173703402 0.554155707
1403638606077829376.000000 -9.525700569 10.915530205 -2.997208357 -0.167677090 -0.797872066 -0.183856711 0.549073219
1403638606277829376.000000 -9.533321381 10.642498016 -2.979763985 -0.166807294 -0.799911559 -0.187757805 0.545035660
1403638606677829376.000000 -9.609365463 10.033647537 -3.030853987 -0.197175071 -0.814567685 -0.139504254 0.527389884
1403638606877829376.000000 -9.688122749 9.738430977 -3.083106995 -0.177955657 -0.825736940 -0.117941596 0.522092104
1403638607077829376.000000 -9.803853989 9.464150429 -3.117462158 -0.144853860 -0.832610905 -0.090126753 0.526928604
1403638607277829376.000000 -9.948197365 9.216091156 -3.124313831 -0.121217310 -0.822021723 -0.071587317 0.551780701
1403638607577829376.000000 -10.178101540 8.883913994 -3.179392099 -0.111139856 -0.813947320 -0.057616249 0.567290068
1403638607827829504.000000 -10.360234261 8.640047073 -3.260079384 -0.109612793 -0.812125921 -0.059688836 0.569976985
1403638608077829376.000000 -10.535171509 8.425304413 -3.367372036 -0.118565589 -0.810895562 -0.054861311 0.570421636
1403638608727829504.000000 -10.914385796 7.975162506 -3.770203114 -0.113294564 -0.795128584 -0.071880087 0.591412127
1403638609127829504.000000 -11.037772179 7.729223728 -3.971886158 -0.118146010 -0.806482077 -0.063924074 0.575796843
1403638609377829376.000000 -11.084752083 7.602222919 -4.071583271 -0.123663247 -0.802270710 -0.056488495 0.581272960
1403638609827829504.000000 -11.119411469 7.432750225 -4.340035439 -0.118745476 -0.805683613 -0.065026119 0.576667190
1403638610077829376.000000 -11.122313499 7.362972260 -4.458802700 -0.119189523 -0.801037073 -0.064890727 0.583028793
1403638610477829376.000000 -11.079624176 7.281988621 -4.639412403 -0.118142590 -0.793481886 -0.067504115 0.593187928
1403638610777829376.000000 -10.983845711 7.234825611 -4.808526993 -0.116967462 -0.787823737 -0.067523047 0.600910068
1403638611027829504.000000 -10.860302925 7.204208374 -4.914420128 -0.118404768 -0.794157863 -0.061926275 0.592839539
1403638611327829504.000000 -10.672775269 7.185601711 -5.047782898 -0.114030324 -0.792627692 -0.064407259 0.595474720
1403638611577829376.000000 -10.478164673 7.173430443 -5.130833149 -0.097372651 -0.797842741 -0.090685271 0.587998211
1403638611877829376.000000 -10.223804474 7.127382278 -5.211461544 -0.112456471 -0.803159297 -0.072423197 0.580554485
1403638612327829504.000000 -9.837771416 7.066120625 -5.332076550 -0.120269008 -0.805486381 -0.065040432 0.576625466
1403638612727829504.000000 -9.494518280 7.045664787 -5.418597698 -0.114059709 -0.802352369 -0.083468467 0.579874277
1403638613127829504.000000 -9.139363289 7.003822327 -5.529857635 -0.120122097 -0.800548255 -0.084197961 0.581036925
1403638613527829504.000000 -8.777543068 6.934449196 -5.549572468 -0.123372465 -0.800061226 -0.085202381 0.580880344
1403638613777829376.000000 -8.550408363 6.884745598 -5.588629246 -0.136437386 -0.789949834 -0.085559621 0.591644943
1403638613977829376.000000 -8.352907181 6.845520973 -5.649143219 -0.155698493 -0.784902215 -0.099517807 0.591424346
1403638614227829504.000000 -8.082122803 6.796895981 -5.739747047 -0.194976583 -0.782519102 -0.130251274 0.576786518
1403638614477829376.000000 -7.800641537 6.743057728 -5.798264503 -0.224474326 -0.778814316 -0.144558802 0.567593515
1403638614727829504.000000 -7.514547348 6.693557262 -5.806582928 -0.255474269 -0.771488726 -0.150005460 0.563059807
1403638614977829376.000000 -7.214819908 6.665382862 -5.763776302 -0.306682378 -0.762682617 -0.164257213 0.545234621
1403638615177829376.000000 -6.964455605 6.671183586 -5.705842495 -0.346621394 -0.743588984 -0.205781817 0.533463120
1403638615377829376.000000 -6.708645821 6.692265511 -5.637569427 -0.386345088 -0.718239307 -0.254626393 0.519649088
1403638615577829376.000000 -6.455982685 6.714397430 -5.590278625 -0.429013997 -0.691160738 -0.290312797 0.503946900
1403638615777829376.000000 -6.210712433 6.732110500 -5.550729275 -0.454067379 -0.675165534 -0.308364213 0.492834568
1403638616027829504.000000 -5.905963898 6.745673656 -5.483500957 -0.478803068 -0.658599615 -0.321974397 0.483039051
1403638616227829504.000000 -5.659619808 6.751332760 -5.466607094 -0.502438843 -0.641699493 -0.337339431 0.471146673
1403638616427829504.000000 -5.409700394 6.754671097 -5.512006283 -0.532403171 -0.618583560 -0.356465071 0.454789907
1403638616627829504.000000 -5.160673618 6.755538464 -5.582955837 -0.555004120 -0.604630351 -0.365705222 0.438921690
1403638617027829504.000000 -4.660535336 6.793539524 -5.734657764 -0.576383054 -0.604672015 -0.354858279 0.419797570
1403638617227829504.000000 -4.400761604 6.851763725 -5.765160561 -0.564065039 -0.609882295 -0.367397070 0.418202847
1403638617877829376.000000 -3.637733221 7.178246021 -5.664504528 -0.552077055 -0.628105223 -0.363738447 0.410352588
1403638618277829376.000000 -3.249775887 7.481250286 -5.534923553 -0.548779011 -0.629359484 -0.361402124 0.414893687
1403638618677829376.000000 -2.917067051 7.834043503 -5.467176437 -0.547476113 -0.628000081 -0.366518795 0.414185703
1403638618877829376.000000 -2.771426201 8.027713776 -5.424067974 -0.550242364 -0.622357368 -0.373170078 0.413096696
1403638619077829376.000000 -2.635378838 8.228032112 -5.380243778 -0.562058985 -0.602270365 -0.392885447 0.408657789
1403638620277829376.000000 -1.987400413 9.302126884 -5.532048225 -0.649973094 -0.484932482 -0.448312879 0.376020074
1403638622027829504.000000 -0.826336682 10.001440048 -5.676209450 -0.620010495 -0.506834567 -0.464740336 0.377785772
1403638624877829376.000000 -0.304557145 8.269252777 -5.705626011 -0.629466355 -0.507270038 -0.457705587 0.370074183
1403638625127829504.000000 -0.291965157 7.993313789 -5.700478554 -0.630307853 -0.512238920 -0.442323685 0.380359262
1403638625377829376.000000 -0.275004297 7.718371868 -5.713635921 -0.629069030 -0.515119314 -0.437804043 0.383734047
1403638625727829504.000000 -0.235940099 7.339805603 -5.690664291 -0.631035030 -0.518498242 -0.434083760 0.380165488
1403638625977829376.000000 -0.197958738 7.080149651 -5.671072006 -0.635215461 -0.521745622 -0.429643810 0.373749971
1403638626227829504.000000 -0.150568977 6.838274479 -5.682241917 -0.637398422 -0.521423817 -0.427960366 0.372411519
1403638626527829504.000000 -0.087197766 6.569404125 -5.726685047 -0.628332496 -0.525387228 -0.440936238 0.367071986
1403638626777829376.000000 -0.044927016 6.361075401 -5.768052578 -0.634262085 -0.529242754 -0.431674510 0.362313211
1403638627077829376.000000 -0.001615152 6.156350613 -5.771502495 -0.636326551 -0.532404542 -0.427034467 0.359549135
1403638627427829504.000000 0.043097146 5.973894119 -5.798302650 -0.633306265 -0.534509242 -0.429901689 0.358340114
1403638627727829504.000000 0.073013827 5.862123013 -5.841198444 -0.628601849 -0.531400681 -0.437734842 0.361747712
1403638627977829376.000000 0.086012833 5.789628029 -5.882280827 -0.628667474 -0.532380223 -0.438609064 0.359124929
1403638628227829504.000000 0.085599810 5.732051373 -5.915531635 -0.630682349 -0.533116221 -0.437732995 0.355551362
1403638628477829376.000000 0.071187682 5.696830750 -5.931997299 -0.634145081 -0.527639747 -0.434169948 0.361874104
1403638628977829376.000000 0.048336193 5.648806572 -5.957161903 -0.630911767 -0.518702984 -0.440172702 0.373022437
1403638629327829504.000000 0.042525291 5.617470741 -5.977806091 -0.628353953 -0.525673091 -0.443432659 0.363602191
1403638629577829376.000000 0.025821909 5.605133057 -5.981000423 -0.638260067 -0.529928207 -0.430366486 0.355787843
1403638629927829504.000000 0.010292552 5.623135567 -5.980409622 -0.636935711 -0.509105861 -0.434272170 0.382794708
1403638630177829376.000000 0.018893957 5.632415771 -6.030113697 -0.624309540 -0.514813006 -0.452569574 0.374681234
1403638630427829504.000000 0.014860429 5.639132500 -6.080513954 -0.638130605 -0.523068786 -0.430275798 0.366129965
1403638630577829376.000000 0.010472335 5.656984329 -6.070305347 -0.627349019 -0.519092023 -0.445439517 0.372236907
1403638630827829504.000000 0.013727531 5.664022446 -6.091514111 -0.637616515 -0.540887356 -0.422642976 0.349655479
1403638631077829376.000000 0.012751788 5.653795242 -6.090632439 -0.636670172 -0.543000937 -0.421585798 0.349380106
1403638631577829376.000000 0.009106427 5.638834953 -6.081985950 0.637267172 0.542757094 0.420689791 -0.349750489
