1413393216555760384.000000 -0.016017690 0.196350336 -0.239368066 -0.592564225 -0.544464111 -0.429604441 0.409715235
1413393219155760384.000000 -0.538805723 -0.235077411 0.016304577 -0.620570064 -0.548436522 -0.409699231 0.382435441
1413393221855760384.000000 -0.742646873 -0.197366878 0.493907988 -0.602971435 -0.546088636 -0.434655666 0.386376917
1413393223555760384.000000 -0.781193137 0.252304316 0.524153948 -0.593994856 -0.561022222 -0.423230708 0.391535312
1413393224005760512.000000 -0.816848218 0.476410180 0.421518028 -0.597159147 -0.550380707 -0.435692936 0.388141245
1413393224455760384.000000 -0.894984841 0.685398221 0.341784388 -0.601797640 -0.538851380 -0.443456948 0.388361603
1413393224905760512.000000 -0.980838776 0.851148546 0.148491666 -0.648192525 -0.489264339 -0.450509757 0.370820522
1413393227605760512.000000 -0.685859144 1.623776436 0.000453670 -0.767318368 -0.277426749 -0.536824584 0.214654177
1413393230255760384.000000 0.394488633 2.167485714 -0.108957253 -0.813091636 -0.123442844 -0.563892663 0.075292364
1413393231605760512.000000 1.368026614 2.488541842 -0.096512437 0.801467836 -0.011204795 0.597754240 -0.014620231
1413393231955760384.000000 1.590208530 2.557965040 -0.153029308 0.806738555 -0.046968054 0.588895261 -0.013010961
1413393232605760512.000000 1.907095432 2.489303827 -0.222905084 0.805331469 -0.147897437 0.569779038 0.070138060
1413393233655760384.000000 2.427730560 2.091870546 -0.214304820 0.784932375 -0.194784686 0.570398629 0.143476278
1413393233805760512.000000 2.495409250 2.037251472 -0.149644181 0.780585110 -0.218395695 0.561792135 0.165468693
1413393234005760512.000000 2.583011866 1.976614356 -0.057617895 0.763747394 -0.247278839 0.567783892 0.182111084
1413393234205760512.000000 2.659195900 1.927417397 0.021290625 0.755376875 -0.285251260 0.558862984 0.188970149
1413393236955760384.000000 2.613321781 1.607401729 0.103039026 0.537746012 -0.621811450 0.399376690 0.405805409
1413393239905760512.000000 2.758151054 0.587963581 0.226623043 0.527572453 -0.625945151 0.398803413 0.413298637
1413393242405760512.000000 2.640931606 -0.469791889 0.049333289 0.516631305 -0.603297770 0.404987037 0.452890068
1413393245355760384.000000 2.561282396 -0.395105898 0.051563635 0.647477388 -0.503065765 0.456142634 0.345878392
1413393247855760384.000000 2.676077843 -0.113887437 -0.342698842 0.680429280 -0.475525260 0.482745260 0.279013813
1413393250555760384.000000 2.508644581 -0.237972945 -0.452940613 0.648977160 -0.471546412 0.492248237 0.337882221
1413393251355760384.000000 2.606502771 -0.201795042 -0.465548962 0.615790129 -0.526293933 0.454287171 0.370729625
1413393253305760512.000000 2.582701206 0.031974405 -0.294719845 0.385416895 -0.733491778 0.257471979 0.497143775
1413393254755760384.000000 2.469729424 -0.372292072 -0.033489883 0.304819614 -0.758881450 0.214620888 0.533967972
1413393256155760384.000000 2.292996168 -0.756498814 0.110004403 0.297140658 -0.764515877 0.205163091 0.533976614
1413393257155760384.000000 1.998895764 -1.060269833 0.089580089 0.303183585 -0.760363042 0.225008205 0.528487444
1413393258055760384.000000 1.656330466 -1.427653432 -0.017179359 0.298343688 -0.759490311 0.207085475 0.539704740
1413393260455760384.000000 1.244575381 -2.409041882 0.059792902 0.687045693 -0.396996945 0.518366098 0.318839103
1413393262155760384.000000 1.464067578 -2.353983164 0.043958031 0.762584209 -0.282813638 0.550227940 0.189026818
1413393264955760384.000000 1.940195799 -2.892865419 -0.315338314 0.785472095 -0.228258848 0.554140568 0.154466435
1413393267205760512.000000 2.073042631 -2.784213543 -0.110690370 -0.796530545 -0.158656433 -0.567987025 0.133259565
1413393269655760384.000000 1.958417773 -2.871360302 -0.189523682 -0.785215080 -0.176945150 -0.574068069 0.150245070
1413393270105760512.000000 1.909082532 -2.882346869 -0.336240798 -0.796404958 -0.198260114 -0.554916143 0.136015579
1413393270605760512.000000 1.899427176 -2.890739202 -0.457129568 -0.801296771 -0.178554446 -0.555441737 0.132387400
1413393272605760512.000000 1.906543016 -2.493479013 -0.368390530 0.809133351 -0.014928349 0.587198555 0.016682312
1413393275455760384.000000 1.665233731 -1.753510952 -0.085871831 0.608162463 -0.529672384 0.457284808 0.374801636
1413393278305760512.000000 1.111039400 -1.818723321 -0.092646576 0.473047853 -0.657791555 0.371411324 0.453419983
1413393279155760384.000000 0.669187009 -1.826108217 -0.043205496 0.466727108 -0.667118192 0.322017819 0.483139515
1413393279655760384.000000 0.427715242 -1.880455375 -0.070127599 0.483478516 -0.662622213 0.322322577 0.472534239
1413393280155760384.000000 0.271795809 -1.997857571 -0.083849207 0.477250904 -0.651595235 0.352289408 0.472807974
1413393280655760384.000000 0.141097873 -2.059901476 -0.059740871 0.469744116 -0.658358216 0.383720696 0.445716828
1413393281005760512.000000 -0.023670748 -2.051151991 -0.107472837 0.476745784 -0.665146053 0.379451454 0.431637347
1413393281405760512.000000 -0.290175676 -2.046355724 -0.096637152 0.499182761 -0.646770716 0.345824629 0.461421251
1413393281755760384.000000 -0.491914511 -2.070630074 -0.060626023 0.487825572 -0.647023380 0.344634235 0.473934829
1413393282255760384.000000 -0.704038262 -2.101225853 0.019452438 0.465806335 -0.670154631 0.355589747 0.455492169
1413393282755760384.000000 -0.912552357 -2.127071857 0.086272605 0.480400443 -0.645645976 0.344463587 0.483426958
1413393283255760384.000000 -1.029724598 -2.142399788 0.093658693 0.550528884 -0.607564747 0.377001375 0.430874854
1413393283655760384.000000 -1.056935787 -2.188914061 0.088158995 0.614017785 -0.544988394 0.422257930 0.384276062
1413393284155760384.000000 -1.014893055 -2.270063400 -0.016918790 0.683885157 -0.448227793 0.476331532 0.323266625
1413393287055760384.000000 -0.302418411 -2.854285002 -0.074026957 -0.815209866 -0.032070454 -0.578070641 -0.015450477
1413393290005760512.000000 0.407507002 -2.819064379 -0.068587884 -0.760352194 -0.281519920 -0.547868371 0.206036896
1413393292505760512.000000 0.872651815 -2.798520565 -0.298178881 -0.728616953 -0.330829144 -0.549713790 0.239758730
1413393295205760512.000000 -0.264542669 -2.793787241 -0.057460919 -0.734850824 -0.358956158 -0.519278944 0.247980341
1413393296055760384.000000 -0.646600842 -2.683963537 -0.068771876 -0.733060479 -0.365254730 -0.519744933 0.243056774
1413393296505760512.000000 -0.806893349 -2.576352835 -0.069140501 -0.741683424 -0.356661618 -0.511698127 0.246704876
1413393297905760512.000000 -0.992844105 -2.108325958 -0.254273504 -0.761553586 -0.284588695 -0.531254530 0.238357216
1413393298405760512.000000 -0.908016264 -1.999333382 -0.299009770 -0.761333704 -0.311356932 -0.526838541 0.214170739
1413393300655760384.000000 -0.742740154 -1.413388371 -0.211224511 -0.735602617 -0.346013099 -0.507061303 0.286448151
1413393301005760512.000000 -0.745989442 -1.370276451 -0.192699730 -0.693417251 -0.412113309 -0.505937159 0.305553138
1413393302955760384.000000 -1.233693600 -1.338331938 -0.320508242 -0.639546871 -0.507907927 -0.432419628 0.382129014
1413393303305760512.000000 -1.313332558 -1.315216541 -0.258304417 -0.634420276 -0.512514234 -0.439259708 0.376684278
1413393304205760512.000000 -1.503768921 -1.223053098 -0.060954168 -0.642362416 -0.507905006 -0.436783880 0.372320861
1413393304655760384.000000 -1.563465357 -1.151185513 -0.096231632 -0.629649818 -0.525897920 -0.445525587 0.358440399
1413393305355760384.000000 -1.678628445 -0.955075741 -0.090277791 -0.625577450 -0.529515922 -0.446724296 0.358752400
1413393306955760384.000000 -2.237850904 -0.249086767 0.024027606 -0.718018591 -0.387897551 -0.482041746 0.318780035
1413393307905760512.000000 -2.281950474 0.092004269 0.070463784 -0.789249778 -0.228591457 -0.546990871 0.160099477
1413393308255760384.000000 -2.246789694 0.243212715 0.109132834 -0.800423980 -0.159065321 -0.568966389 0.101474293
1413393310655760384.000000 -1.983462691 0.911683679 -0.066476703 0.811909735 -0.068542972 0.578518867 0.037685983
1413393311555760384.000000 -1.742941856 0.858697414 -0.169233605 0.820597410 -0.076696739 0.563350856 0.058080554
1413393314405760512.000000 -1.022837162 0.673394978 -0.173306271 0.816604555 -0.048592322 0.573809028 0.039231554
1413393317355760384.000000 -0.435743719 1.335451841 0.081770681 -0.794521391 -0.110392317 -0.592175663 0.076664120
1413393317805760512.000000 -0.439665198 1.539857268 0.008778056 -0.795081258 -0.102089226 -0.593047976 0.075615279
1413393318205760512.000000 -0.503471017 1.721961737 -0.080671579 -0.807503700 -0.087245062 -0.579395473 0.068023019
1413393318505760512.000000 -0.559059620 1.854958177 -0.159278870 -0.808873236 -0.068415537 -0.578563213 0.079423115
1413393318805760512.000000 -0.610006928 1.957506180 -0.238697201 -0.807726204 -0.066182829 -0.580310881 0.080234401
1413393319205760512.000000 -0.693459988 2.041035175 -0.280226052 -0.803795874 -0.071426339 -0.585115612 0.080312684
1413393319655760384.000000 -0.798189104 2.079292774 -0.331885517 -0.828900933 -0.069641910 -0.547664762 0.090202555
1413393320055760384.000000 -0.800442696 2.073385715 -0.445877552 -0.813374937 -0.095141374 -0.570257545 0.064619265
1413393320455760384.000000 -0.784951270 2.091501474 -0.544766426 -0.810546458 -0.088120990 -0.575296164 0.065448225
1413393320855760384.000000 -0.780176640 2.139670372 -0.619818389 -0.803395212 -0.083019830 -0.586693108 0.058780473
1413393321205760512.000000 -0.803738594 2.117034197 -0.607868373 -0.791993856 -0.083082907 -0.602127314 0.057320323
1413393321355760384.000000 -0.802146435 2.117048025 -0.618246555 -0.805218279 -0.075453408 -0.585381269 0.057088818
1413393321855760384.000000 -0.801302135 2.116322756 -0.614877045 -0.800498843 -0.076408342 -0.591916025 0.054762248
1413393322355760384.000000 -0.800956011 2.116256237 -0.615082383 -0.800343990 -0.076363668 -0.592108130 0.055010401
1413393322855760384.000000 -0.801483691 2.116142750 -0.615236998 -0.800410986 -0.076285303 -0.592017472 0.055119116
1413393323355760384.000000 -0.802096784 2.115975142 -0.614434302 -0.800402641 -0.076165579 -0.592016101 0.055419989
1413393323855760384.000000 -0.801711679 2.115992308 -0.615536273 -0.800460398 -0.075964071 -0.591945827 0.055611674
1413393324355760384.000000 -0.801619828 2.116088867 -0.615225673 -0.800542533 -0.075793356 -0.591850340 0.055679578
1413393324855760384.000000 -0.801941156 2.115985155 -0.614675045 -0.800608277 -0.075836234 -0.591743231 0.055814624
1413393325355760384.000000 -0.802353144 2.116168499 -0.614983439 -0.800650895 -0.075806379 -0.591657400 0.056151450
1413393325855760384.000000 -0.801646590 2.115845442 -0.615115762 -0.800633311 -0.075434275 -0.591728270 0.056158066
