1403715278412143104.000000 -0.093304411 0.179925606 0.011103379 -0.601411879 -0.571190596 -0.406592488 0.383050263
1403715278662142976.000000 -0.095885530 0.198260888 0.026714595 -0.597729504 -0.561699748 -0.415995806 0.392632574
1403715279912143104.000000 -0.114912905 0.322168291 0.162391752 -0.596924782 -0.557976425 -0.415956765 0.399153054
1403715282712143104.000000 -0.152597100 0.897664666 0.252033859 -0.798121214 -0.196431354 -0.554075658 0.131975740
1403715285012143104.000000 0.009346306 1.435357094 0.021918485 0.810668826 -0.007080784 0.585430205 -0.006112965
1403715285912143104.000000 0.063644335 1.417589068 0.228100866 0.820230305 -0.095151730 0.562612057 0.040450152
1403715288862142976.000000 0.629325628 0.947445095 0.638841033 0.764292181 -0.284191877 0.546983123 0.189478323
1403715289812143104.000000 0.635434926 0.808300614 0.378062636 0.739324450 -0.369244248 0.502192855 0.254677147
1403715290312143104.000000 0.736615956 0.746748328 0.371523470 0.748083651 -0.356316596 0.504715919 0.242221624
1403715291562142976.000000 1.155634761 0.469619393 0.407440782 0.714789748 -0.407356620 0.517210364 0.235859424
1403715291862142976.000000 1.187172771 0.354897738 0.377331704 0.712553620 -0.420029998 0.500106156 0.256390452
1403715294512143104.000000 1.739481807 -0.523556411 0.572793663 -0.807784617 -0.044823088 -0.585958242 0.046130203
1403715297362142976.000000 1.825661659 -1.092627883 0.162464023 -0.704772234 -0.451639980 -0.445639551 0.317368597
1403715300012143104.000000 2.211256504 -0.812941968 0.210627109 -0.400238156 -0.717358291 -0.259532601 0.507788718
1403715302812143104.000000 2.357603312 -1.068892717 0.137044296 -0.398793280 -0.725419283 -0.260225385 0.497004688
1403715305562142976.000000 1.986799836 -1.496994615 0.023649186 -0.176919609 -0.801059961 -0.116813965 0.559782982
1403715308112143104.000000 2.606995821 -1.544153690 0.251532137 -0.504036665 -0.659272909 -0.352603346 0.432408631
1403715309362142976.000000 2.673996925 -1.401171446 0.190851241 -0.546238840 -0.599524379 -0.366201252 0.456169158
1403715311262142976.000000 3.284042358 -1.277590275 0.272958249 -0.598363340 -0.569957197 -0.392178059 0.404112101
1403715313012143104.000000 3.968098640 -0.880523264 0.337440908 -0.574448466 -0.558347762 -0.446122080 0.399038523
1403715315412143104.000000 3.752298594 -0.848525345 0.568938196 -0.671837509 -0.467868596 -0.473826587 0.324379146
1403715317712143104.000000 3.304021835 -0.568854094 0.316576272 -0.816356242 -0.084296338 -0.567279875 0.068192862
1403715318212143104.000000 3.233431578 -0.482269734 0.259356558 0.821757674 -0.021829410 0.568759441 -0.027395960
1403715318712143104.000000 3.195863724 -0.524729967 0.198850080 0.835888386 -0.055124950 0.544857621 0.037177250
1403715320062142976.000000 3.716124535 -0.610171914 0.212750345 0.791083038 -0.220976844 0.545541465 0.166557908
1403715320362142976.000000 3.899935484 -0.569999278 0.288745701 0.762523651 -0.269635022 0.551781237 0.203450471
1403715320712143104.000000 4.084773540 -0.491895616 0.361296266 0.715343237 -0.378380239 0.537645698 0.236747921
1403715321212143104.000000 4.199874878 -0.394068360 0.428399861 0.692044437 -0.440744102 0.512791932 0.252712339
1403715321712143104.000000 4.129758358 -0.406749457 0.470817059 0.695754230 -0.432150543 0.512346268 0.258211881
1403715324612143104.000000 3.363625288 -1.333366394 0.581986248 0.648189008 -0.501910985 0.479648709 0.312847346
1403715327412143104.000000 2.762267590 -1.042858720 0.523643553 0.641601861 -0.518973291 0.466824979 0.317943871
1403715328612143104.000000 2.165500879 -1.092259765 0.449806392 0.690883756 -0.424099714 0.490372241 0.319928318
1403715331562142976.000000 1.906510234 -0.988302827 0.455274493 0.804116368 -0.160789415 0.563718379 0.098818727
1403715334312143104.000000 1.636383057 -2.039330482 0.597898066 0.820588946 -0.082631893 0.564387977 0.035663132
1403715336912143104.000000 1.850723386 -3.126543760 0.565354824 -0.818899989 -0.008076451 -0.573809981 0.008930492
1403715338712143104.000000 2.399839878 -3.593351364 0.702265501 -0.810100913 -0.103567638 -0.569452524 0.093456633
1403715339512143104.000000 2.695664644 -3.848249197 0.714930594 -0.803683579 -0.155873924 -0.562652946 0.114969030
1403715339762142976.000000 2.791538477 -3.914843559 0.692848206 -0.806927800 -0.155906364 -0.561032772 0.099009946
1403715340212143104.000000 2.936416626 -3.950873852 0.654069006 -0.795208454 -0.199962005 -0.564092934 0.097251646
1403715341412143104.000000 3.260594845 -3.661493063 0.774071574 -0.772876978 -0.255250037 -0.548350751 0.191885874
1403715342412143104.000000 3.489318848 -3.439442396 0.830463231 -0.785824835 -0.260933936 -0.528130829 0.188336715
1403715342712143104.000000 3.551426888 -3.346093178 0.831623554 -0.762913585 -0.320012808 -0.527095497 0.194229126
1403715343112143104.000000 3.634251833 -3.175682306 0.831995368 -0.745642900 -0.342062801 -0.520564556 0.236690298
1403715344012143104.000000 3.824518919 -2.732181787 0.781207085 -0.740675151 -0.348848581 -0.525323272 0.231820077
1403715344262142976.000000 3.855958223 -2.582758904 0.777037680 -0.721763909 -0.374324709 -0.525117874 0.251374453
1403715346062142976.000000 3.058980942 -1.625283480 0.627152145 -0.720041811 -0.412523657 -0.483324528 0.278857380
1403715347512143104.000000 2.341438532 -1.033020377 0.657141685 -0.693469405 -0.432566196 -0.498580784 0.288797289
1403715350162142976.000000 2.294498205 -0.600195348 0.285779029 -0.510358095 -0.642058969 -0.349040091 0.453283489
1403715353012143104.000000 1.646783829 0.034575544 0.228683665 -0.433358192 -0.682278991 -0.302096963 0.505404294
1403715355812143104.000000 1.315185905 0.370731682 0.376116991 -0.309150100 -0.759490967 -0.213308468 0.531130135
1403715357112143104.000000 1.039242387 0.568380415 0.473811328 -0.262345582 -0.782547116 -0.160529688 0.541317940
1403715357562142976.000000 0.877430141 0.693680048 0.543797255 -0.197739452 -0.799132705 -0.145212874 0.548816264
1403715358062142976.000000 0.674451828 0.799932837 0.578376412 -0.177575290 -0.805910647 -0.162845656 0.540792406
1403715359312143104.000000 -0.138630286 0.734780669 0.509890020 -0.136552855 -0.795705140 -0.097111449 0.582044721
1403715360112143104.000000 -0.443115115 0.536575735 0.500871480 -0.145881951 -0.802995443 -0.099463999 0.569230914
1403715360562142976.000000 -0.548986495 0.404726952 0.520236671 -0.192173660 -0.794621706 -0.092315607 0.568439603
1403715361712143104.000000 -0.645153761 0.356183112 0.591279864 -0.398161024 -0.719991028 -0.286198676 0.491091818
1403715362262142976.000000 -0.777440667 0.358067095 0.553163230 -0.487870336 -0.667022288 -0.341918170 0.447387785
1403715363412143104.000000 -1.188581109 0.506112337 0.505512297 -0.685064912 -0.446467429 -0.438869327 0.372487158
1403715363712143104.000000 -1.159749150 0.507016003 0.534336090 -0.704181135 -0.414991796 -0.477100074 0.322933912
1403715365362142976.000000 -0.800902128 0.201042891 0.762953281 -0.777715385 -0.242582828 -0.556066692 0.164627686
1403715368062142976.000000 -0.368989080 -0.864190102 0.928134561 -0.810313463 -0.134321719 -0.560011506 0.108336836
1403715370762142976.000000 0.957524657 -2.044293404 0.893430173 -0.769730270 -0.280511945 -0.532833934 0.211935014
1403715373462142976.000000 2.842992306 -1.984610200 0.914813042 -0.747003198 -0.329070210 -0.523965597 0.243226662
1403715376212143104.000000 3.604698181 -1.106474161 0.890206039 -0.662929356 -0.473283887 -0.470764577 0.338980556
1403715377062142976.000000 3.472857475 -0.789924622 0.802513063 -0.635604799 -0.482873142 -0.487670809 0.353577793
1403715379762142976.000000 2.200796127 -0.691321909 0.701536894 -0.647974670 -0.518421829 -0.452785760 0.326117754
1403715380662142976.000000 1.656779885 -0.398933738 0.772776186 -0.645671010 -0.502565503 -0.459438443 0.345620006
1403715383612143104.000000 -0.109798968 0.491971791 0.728515685 -0.767573059 -0.304962486 -0.515370369 0.228523135
1403715383962142976.000000 -0.162397414 0.669098914 0.701381505 -0.783620656 -0.247245237 -0.537303388 0.190035209
1403715386862142976.000000 0.269163847 0.797590077 0.790816069 0.811968863 -0.029042525 0.582170665 -0.030667432
1403715389212143104.000000 0.548872650 -0.869077444 0.618592620 -0.817293227 -0.024676867 -0.575367630 0.019363593
1403715389962142976.000000 0.738897502 -1.336195111 0.665305853 -0.819645524 -0.061948773 -0.567036927 0.053034980
1403715391462142976.000000 1.462820888 -1.720655918 0.565845788 -0.789228678 -0.254451454 -0.523653865 0.195343986
1403715394262142976.000000 3.326488018 -1.521533489 0.805722773 -0.483445764 -0.662218571 -0.339972138 0.460614532
1403715394762142976.000000 3.324443102 -1.511544585 0.791577697 -0.356656164 -0.731097758 -0.265408903 0.517542839
1403715395112143104.000000 3.295068979 -1.554961085 0.779370129 -0.256915629 -0.780223250 -0.186743259 0.538862765
1403715395412143104.000000 3.250103712 -1.607150078 0.763917625 -0.176670775 -0.805171967 -0.129644006 0.551069796
1403715396262142976.000000 3.030340195 -1.747261763 0.651201427 -0.097133465 -0.815563917 -0.034864377 0.569390059
1403715399212143104.000000 1.986160517 -1.425312400 0.351962984 -0.045651250 -0.798776209 -0.059307624 0.596955061
1403715399712143104.000000 2.065693378 -1.560532331 0.337610036 -0.050671920 -0.824675679 -0.049098965 0.561187744
1403715400212143104.000000 2.103700876 -1.775460482 0.362232834 -0.078414671 -0.827780366 -0.073631227 0.550644457
1403715400512143104.000000 2.059423923 -1.935060978 0.385338455 -0.127800256 -0.820899904 -0.119421214 0.543625832
1403715400762142976.000000 1.986095548 -2.092202902 0.391369492 -0.202422902 -0.809658706 -0.143818915 0.531783760
1403715401012143104.000000 1.883000374 -2.246377707 0.385606617 -0.274482131 -0.791866541 -0.160051033 0.521527112
1403715401762142976.000000 1.408989549 -2.497833490 0.434367836 -0.313486874 -0.761691093 -0.187067330 0.535311520
1403715402012143104.000000 1.235611439 -2.514041901 0.461644530 -0.319811970 -0.753946543 -0.205474600 0.535784662
1403715402462142976.000000 0.975433528 -2.523134947 0.487788796 -0.320142865 -0.743346632 -0.248685628 0.532071412
1403715402662142976.000000 0.875377476 -2.545267582 0.492092460 -0.329447955 -0.733264923 -0.277328908 0.526189446
1403715402912143104.000000 0.744742155 -2.608846426 0.490671515 -0.360318571 -0.727072954 -0.261300743 0.522740245
1403715403162142976.000000 0.621036470 -2.682389736 0.489385247 -0.388589561 -0.734769344 -0.234770447 0.503979325
1403715403562142976.000000 0.436230361 -2.716561556 0.511659026 -0.396756619 -0.731886506 -0.252489001 0.493128508
1403715403762142976.000000 0.344534427 -2.695436954 0.518061697 -0.428459316 -0.718738437 -0.266102612 0.478567660
1403715404162142976.000000 0.166933626 -2.572191477 0.541256785 -0.489987373 -0.672354043 -0.318570316 0.454274714
1403715404412143104.000000 0.054419190 -2.456978083 0.555163026 -0.503477693 -0.653880179 -0.359810978 0.435301185
1403715405012143104.000000 -0.301870257 -2.194698095 0.537233472 -0.533578575 -0.615299761 -0.371548563 0.445703685
1403715405412143104.000000 -0.503354430 -2.058355808 0.503981948 -0.611026525 -0.545210719 -0.403865218 0.407780260
1403715405612143104.000000 -0.573204577 -2.001830578 0.487992346 -0.647932887 -0.508778572 -0.427812696 0.371892154
1403715405862142976.000000 -0.640917659 -1.928398132 0.466835469 -0.685587525 -0.470735967 -0.454902858 0.318497926
1403715406262142976.000000 -0.728171766 -1.780332685 0.419364542 -0.731761396 -0.373724639 -0.502583206 0.268822134
1403715406662142976.000000 -0.788338363 -1.631016254 0.341004550 -0.779507875 -0.280323356 -0.515216053 0.219860598
1403715406862142976.000000 -0.793129623 -1.564243078 0.300490558 -0.791010797 -0.239586562 -0.530152738 0.189310476
1403715407262142976.000000 -0.763106227 -1.447048903 0.234798685 -0.818248153 -0.167314857 -0.534265339 0.130522788
1403715407462142976.000000 -0.721938014 -1.388113499 0.214781597 -0.826632321 -0.155070469 -0.528859794 0.113751844
1403715407662142976.000000 -0.651447773 -1.321388841 0.209604010 -0.821353972 -0.152539179 -0.539204419 0.106621146
1403715410362142976.000000 0.099781767 -0.464596540 0.532652974 -0.761358440 -0.307776064 -0.528678119 0.214724854
1403715410862142976.000000 0.169606268 -0.335661381 0.509994149 -0.745467544 -0.313187212 -0.546244264 0.218653232
1403715411362142976.000000 0.170303136 -0.220330626 0.479345649 -0.749027133 -0.317777395 -0.527527571 0.244316652
1403715411612143104.000000 0.161679298 -0.190086082 0.467538744 -0.742639720 -0.320028007 -0.532059133 0.250961006
1403715411912143104.000000 0.144710124 -0.184284270 0.451768100 -0.743622005 -0.330077320 -0.527439058 0.244710863
1403715412412143104.000000 0.100967422 -0.210175544 0.425056905 -0.748393714 -0.331394643 -0.521035910 0.242087111
1403715412762142976.000000 0.073560245 -0.233810946 0.409167647 -0.753558695 -0.334073931 -0.514319062 0.236685365
1403715413262142976.000000 0.048482362 -0.244853184 0.363146305 -0.749056518 -0.332772017 -0.522028327 0.235931367
1403715413512143104.000000 0.036350191 -0.246496081 0.288010508 -0.750509202 -0.323304147 -0.519761980 0.249114320
1403715413762142976.000000 0.029107075 -0.260436326 0.240282476 -0.747062802 -0.327997476 -0.525571346 0.241017863
1403715414012143104.000000 0.019925609 -0.280743808 0.183426097 -0.745744884 -0.331737757 -0.527745008 0.235159218
1403715414462142976.000000 -0.015131764 -0.297493696 0.184581742 -0.761496663 -0.338682503 -0.506201625 0.221758574
1403715414862142976.000000 -0.032557555 -0.248360574 0.156952888 -0.754039884 -0.322364748 -0.519013762 0.241100714
1403715415262142976.000000 -0.034718864 -0.215182424 0.081024840 -0.759763718 -0.299304336 -0.517131090 0.256420493
1403715415612143104.000000 -0.012565475 -0.226332456 0.045928478 -0.750985861 -0.317098528 -0.537490666 0.215806752
1403715416012143104.000000 -0.017162483 -0.221945196 0.028589237 -0.750630200 -0.317464083 -0.539261818 0.212055594
1403715416412143104.000000 -0.013673127 -0.220255494 0.029352278 -0.752932668 -0.316089839 -0.537013650 0.211650714
1403715416762142976.000000 -0.012978338 -0.221056312 0.027671941 -0.753432870 -0.315712392 -0.536392808 0.212007791
1403715417262142976.000000 -0.014006190 -0.221689373 0.026582496 -0.753489077 -0.315388978 -0.536345840 0.212408319
1403715417412143104.000000 -0.014283165 -0.221717805 0.026648110 -0.753634810 -0.315296888 -0.536175430 0.212457597
1403715417762142976.000000 -0.015125308 -0.222267359 0.026596509 -0.753592789 -0.315071076 -0.536254168 0.212743014
1403715418262142976.000000 -0.015730523 -0.222497076 0.026866805 -0.753710985 -0.314933360 -0.536194086 0.212679952
1403715418762142976.000000 -0.016153235 -0.222909600 0.027221275 -0.753882527 -0.314754546 -0.536029100 0.212752089
