1403715529262142976.000000 0.422101825 -0.114627495 -0.682577133 -0.598677754 -0.565278113 -0.413320810 0.388859183
1403715531912143104.000000 -0.620996118 0.461463034 0.126963407 -0.493019074 -0.644739926 -0.343290299 0.472646207
1403715532662142976.000000 -0.777871907 0.628247738 0.105678715 -0.497106194 -0.634681821 -0.318624675 0.498540550
1403715532762142976.000000 -0.779605806 0.634604990 0.099289253 -0.499515831 -0.628185570 -0.311375201 0.508834362
1403715532862142976.000000 -0.768098354 0.638087571 0.090285763 -0.502297640 -0.623513997 -0.309180111 0.513161838
1403715535212143104.000000 1.981451750 0.238317370 -0.034763351 -0.691588104 -0.493214369 -0.434979379 0.298727959
1403715537912143104.000000 3.324341059 1.720749497 -0.117421031 -0.604312599 -0.507080734 -0.449526459 0.419048101
1403715540312143104.000000 2.105227709 -0.576557517 -0.301373363 -0.831584334 -0.184218168 -0.496902138 0.166191280
1403715542962142976.000000 4.638441563 -1.238980412 0.067196973 -0.734351397 -0.323979110 -0.546148717 0.239764884
1403715543462142976.000000 4.769814968 -1.178082347 -0.008923348 -0.732525349 -0.308914304 -0.550432026 0.254957438
1403715545362142976.000000 3.520902634 -1.642673969 -0.470370293 0.814826012 -0.007387247 0.579655588 0.001874619
1403715546762142976.000000 1.951887131 -2.118196964 -0.368252754 -0.781074524 -0.289832354 -0.518810272 0.191717401
1403715547112143104.000000 1.623002052 -2.206518888 -0.329406828 -0.733091712 -0.432217181 -0.458117068 0.256697416
1403715547412143104.000000 1.386668563 -2.186758041 -0.293847144 -0.668300092 -0.531309247 -0.422437787 0.304354787
1403715547562142976.000000 1.270539165 -2.137037277 -0.283005059 -0.643645465 -0.571166337 -0.394072324 0.322795093
1403715547712143104.000000 1.150797963 -2.055593014 -0.275336653 -0.609745562 -0.611883402 -0.370294243 0.341601133
1403715547862142976.000000 1.023619294 -1.940208435 -0.267221153 -0.573454142 -0.647236884 -0.347656250 0.362450033
1403715548012143104.000000 0.888236642 -1.792326689 -0.257693201 -0.536817908 -0.665513337 -0.335598856 0.395337760
1403715548162142976.000000 0.745350122 -1.622647166 -0.247774661 -0.505765378 -0.666728795 -0.342859596 0.426756918
1403715548812143104.000000 0.058842845 -0.881710708 -0.342360258 -0.505003452 -0.650033891 -0.352525234 0.445144385
1403715548962142976.000000 -0.108203724 -0.718676925 -0.372705698 -0.508505762 -0.645371497 -0.354098201 0.446690053
1403715549112143104.000000 -0.276721150 -0.558644474 -0.400608420 -0.499146998 -0.646479070 -0.352227002 0.457004696
1403715551112143104.000000 -0.446785927 0.904537618 -0.391810387 -0.766017199 -0.309312433 -0.480111390 0.295019507
1403715551262142976.000000 -0.266234070 0.959038079 -0.373785317 -0.781054437 -0.263742417 -0.499315143 0.266605288
1403715551512143104.000000 0.082231268 0.996941507 -0.319007128 -0.803799152 -0.174308509 -0.521883667 0.226188183
1403715551862142976.000000 0.625342965 0.911906004 -0.237834990 -0.793720305 -0.073076114 -0.590169489 0.127937481
1403715552112143104.000000 0.964731097 0.766708374 -0.185480237 -0.782635391 -0.005403841 -0.620075524 0.054395750
1403715552312143104.000000 1.173380017 0.621756792 -0.151090831 0.774106443 -0.044888329 0.631416142 0.007617444
1403715552462142976.000000 1.288285494 0.509962738 -0.130262271 0.765053988 -0.090523928 0.635370851 0.052932173
1403715552662142976.000000 1.378486276 0.371056110 -0.107675016 0.745060146 -0.170519665 0.636998534 0.100206800
1403715552862142976.000000 1.392946243 0.246098846 -0.097887591 0.724998474 -0.262806594 0.620196223 0.143758997
1403715553162142976.000000 1.273166180 0.068384841 -0.113276124 0.684193611 -0.400503099 0.578311801 0.192436785
1403715555162142976.000000 -0.266251951 -0.269783348 -0.475428283 0.644781232 -0.467425525 0.420116216 0.435055166
1403715555912143104.000000 0.811991453 0.125818908 -0.268266976 0.606869459 -0.560306668 0.478839487 0.297453821
1403715556662142976.000000 0.782677770 0.132000834 0.059086546 0.640169978 -0.522317946 0.462254584 0.322004884
1403715558912143104.000000 0.321656227 -1.769142032 0.069454946 0.627882123 -0.477991611 0.475240141 0.389146358
1403715559262142976.000000 0.400996029 -1.949926257 0.065741137 0.669534624 -0.413451493 0.497893751 0.364531428
1403715560062142976.000000 0.741543412 -1.897289753 -0.098018140 0.766062200 -0.304085404 0.501698136 0.262640089
1403715560462142976.000000 1.067192435 -1.753177166 -0.128102377 0.793040335 -0.243981108 0.527452350 0.182631537
1403715562112143104.000000 2.859646320 -1.001317024 -0.047657467 -0.775940716 -0.107881285 -0.618854463 0.057416908
1403715562412143104.000000 3.038564444 -0.838269651 -0.017153285 -0.774992108 -0.148252696 -0.612696111 0.044852756
1403715563212143104.000000 3.072247267 -0.078053698 0.022488134 -0.774550557 -0.226507947 -0.567497492 0.163438722
1403715566112143104.000000 1.529735684 0.272345215 0.216652349 0.097358763 -0.791699111 0.069300652 0.599108815
1403715566312143104.000000 1.552738547 0.166206509 0.276271790 0.194015175 -0.773756385 0.138963357 0.586812079
1403715566712143104.000000 1.698585272 -0.005035236 0.312526375 0.357568443 -0.708228886 0.257359892 0.551654458
1403715568212143104.000000 2.931354523 0.139699116 -0.038478479 0.797252715 -0.083039641 0.590534151 0.093605995
1403715568412143104.000000 3.065562248 0.254717052 -0.106048666 -0.799953103 -0.006417525 -0.599642754 -0.021503987
1403715568562142976.000000 3.144613981 0.354137152 -0.146892890 -0.796069741 -0.074195869 -0.599960923 0.028547686
1403715568712143104.000000 3.201655149 0.463278025 -0.175445288 -0.788090885 -0.142179579 -0.594118178 0.075640455
1403715569012143104.000000 3.253242016 0.697685480 -0.211395919 -0.767218292 -0.264466554 -0.561175048 0.162838191
1403715569212143104.000000 3.252254248 0.857879400 -0.235524043 -0.748785079 -0.328453809 -0.534693897 0.213404670
1403715571912143104.000000 1.791284442 0.859821260 -0.529427767 -0.315345138 -0.796164870 -0.059249498 0.512999594
1403715572412143104.000000 1.540395260 1.061421871 -0.657454610 -0.192066967 -0.817947805 -0.163977474 0.516897380
1403715572612143104.000000 1.363504529 1.189984560 -0.704254270 -0.130003527 -0.802470148 -0.156943560 0.560811460
1403715572762142976.000000 1.225723147 1.251187086 -0.739651918 -0.089542694 -0.805907190 -0.131053329 0.570369065
1403715574262142976.000000 0.010789864 1.124479890 -0.485183865 0.329916507 -0.774638653 0.210813224 0.496636659
1403715574412143104.000000 -0.137556285 1.071562052 -0.447853446 0.385868877 -0.733649135 0.226436585 0.511459351
1403715575662142976.000000 -0.681677639 0.207737729 -0.229875237 0.433588147 -0.678039670 0.252147436 0.537294388
1403715575962142976.000000 -0.576959014 -0.016458154 -0.163708404 0.424537152 -0.685835242 0.241488487 0.539519787
1403715576112143104.000000 -0.477362424 -0.137161463 -0.135725111 0.409477711 -0.699109137 0.260710776 0.524980426
1403715576262142976.000000 -0.358097464 -0.258537829 -0.111745968 0.400013536 -0.704321980 0.274539202 0.518216133
1403715576412143104.000000 -0.227996588 -0.377233863 -0.083059154 0.395208150 -0.693227291 0.284719765 0.531207263
1403715576562142976.000000 -0.086597748 -0.484390765 -0.048790868 0.387985051 -0.677617431 0.294263691 0.551100016
1403715576712143104.000000 0.073507033 -0.568654716 -0.014396029 0.381927788 -0.672780395 0.289368570 0.563705206
1403715578762142976.000000 2.358399153 -0.455047458 -0.393586010 0.149750903 -0.866273344 0.083670475 0.469195575
1403715578912143104.000000 2.362281084 -0.399414182 -0.460162371 0.140097752 -0.871898711 0.066552013 0.464474052
1403715579212143104.000000 2.232043982 -0.387251019 -0.528780997 0.179334611 -0.817474484 0.006336233 0.547297418
1403715579412143104.000000 2.129231215 -0.483830154 -0.540236712 0.183740929 -0.799921572 -0.001719897 0.571280897
1403715582112143104.000000 1.405941248 -2.498187065 -0.569118381 0.152850777 -0.795263648 0.081851393 0.580941200
1403715583862142976.000000 0.827556014 -3.022631884 -0.765371978 -0.128411695 0.683004320 -0.148743391 -0.703484893
1403715584212143104.000000 1.204184651 -2.909296989 -0.708303928 0.118683755 -0.741875112 0.176214337 0.635990560
1403715587112143104.000000 2.496967316 -1.941525698 -0.485031992 0.153253689 -0.811142266 0.115867361 0.552391529
1403715587512143104.000000 2.579317331 -1.960416794 -0.432142615 0.149322152 -0.793506563 0.136372343 0.573979735
1403715587862142976.000000 2.665887356 -1.905885696 -0.385415852 0.074791364 -0.815296173 0.126894861 0.559996545
1403715588112143104.000000 2.712177753 -1.783375502 -0.349002481 0.008472236 -0.805528164 0.047320947 0.590604186
1403715588312143104.000000 2.765145779 -1.660763621 -0.378636599 -0.053636603 -0.790908575 -0.009867121 0.609499335
1403715588462142976.000000 2.828463316 -1.566460609 -0.436527342 -0.100340880 -0.783786714 -0.045754667 0.611160040
1403715588612143104.000000 2.915073156 -1.470265031 -0.493302613 -0.144025728 -0.780641079 -0.076741286 0.603296757
1403715588762142976.000000 3.020658731 -1.373269200 -0.550451040 -0.185687795 -0.787217915 -0.103753909 0.578829110
1403715588912143104.000000 3.135241508 -1.274364352 -0.610044241 -0.223529711 -0.802720845 -0.134599566 0.536243021
1403715589112143104.000000 3.267760754 -1.133965254 -0.681622863 -0.273489863 -0.813419819 -0.168322399 0.484994024
1403715589462142976.000000 3.350718021 -0.827177465 -0.688035905 -0.346804351 -0.801605999 -0.203552008 0.442404032
1403715589762142976.000000 3.253319263 -0.458575398 -0.607267439 -0.374529153 -0.785991430 -0.229076192 0.435281128
1403715589962142976.000000 3.102092266 -0.154715151 -0.482028514 -0.356918603 -0.746671498 -0.258650631 0.498187423
1403715591262142976.000000 1.594117403 1.198951364 0.055694271 -0.038362827 -0.831047058 -0.073063366 0.550046206
1403715591462142976.000000 1.293899298 1.282328725 0.114558242 0.052543182 -0.832637131 -0.032436606 0.550365925
1403715591612143104.000000 1.064570546 1.311942935 0.141742885 0.107544281 -0.831184685 0.010277776 0.545399487
1403715591762142976.000000 0.831607640 1.316783667 0.142012209 0.158669621 -0.820758402 0.047662284 0.546724737
1403715591962142976.000000 0.524571478 1.286839724 0.098076433 0.225661039 -0.802944422 0.082861185 0.545427799
1403715592412143104.000000 -0.066148415 1.010371566 -0.036351454 0.386275500 -0.723660052 0.159858033 0.549138308
1403715592712143104.000000 -0.272722334 0.662349224 -0.045317616 0.486878842 -0.658274353 0.212990746 0.533159256
1403715592862142976.000000 -0.299248159 0.453105986 -0.050980359 0.520872533 -0.638053715 0.261886001 0.502986193
1403715593062142976.000000 -0.278807014 0.164611682 -0.051302105 0.545709014 -0.621530354 0.351844013 0.438300759
1403715593212143104.000000 -0.237869859 -0.066740349 -0.064976715 0.576513052 -0.586941481 0.396722198 0.407116562
1403715593362142976.000000 -0.197724745 -0.289221823 -0.072307363 0.616301894 -0.541887403 0.417330325 0.390340060
1403715593812143104.000000 0.009175692 -0.895822167 -0.091268182 0.701112270 -0.391267508 0.483462930 0.348733395
1403715594312143104.000000 0.426304847 -1.311318278 -0.109882109 0.784352899 -0.244460016 0.524774373 0.222804338
1403715594762142976.000000 0.914968550 -1.452260494 -0.110232107 0.833350718 -0.083356433 0.531884849 0.125206813
1403715594962142976.000000 1.176365972 -1.442925453 -0.117028423 0.851187587 -0.029768376 0.521964192 0.046334747
1403715595162142976.000000 1.474811792 -1.414964914 -0.123204879 -0.851718068 -0.033182785 -0.522748649 0.014458829
1403715595362142976.000000 1.807827473 -1.377076983 -0.128803357 -0.835005999 -0.099796414 -0.536241591 0.072462395
1403715596412143104.000000 2.846408844 -1.126230478 -0.040774528 -0.693596482 -0.395161450 -0.559813917 0.222215623
1403715596662142976.000000 2.693992138 -1.088208318 0.031710044 -0.745790601 -0.435298145 -0.449353218 0.228896514
1403715596962142976.000000 2.540212393 -0.904564798 0.116665222 -0.751321077 -0.482819378 -0.377871394 0.244162619
1403715597212143104.000000 2.492799044 -0.588776350 0.182304904 -0.733129084 -0.490361392 -0.383992910 0.273161083
1403715597462142976.000000 2.508650064 -0.160484448 0.250204086 -0.680846572 -0.478772044 -0.429719150 0.350095212
1403715597712143104.000000 2.555062771 0.266297966 0.299582511 -0.625920534 -0.514341414 -0.436778337 0.391025871
1403715597962142976.000000 2.616991758 0.654368579 0.329665691 -0.593539417 -0.543530226 -0.426788956 0.412476718
1403715600062142976.000000 3.176581383 1.005989671 -0.252464950 -0.596358895 -0.550168276 -0.428230464 0.397856206
1403715600412143104.000000 3.293064356 0.807067871 -0.398100019 -0.529579043 -0.627633214 -0.431126148 0.373835355
1403715600612143104.000000 3.275262356 0.699031174 -0.483291388 -0.509325445 -0.667554736 -0.360159129 0.406501889
1403715600812143104.000000 3.216169357 0.613600492 -0.533830822 -0.463377088 -0.703855455 -0.307974517 0.441611648
1403715601062142976.000000 3.105888844 0.543834507 -0.518627167 -0.395259738 -0.735145807 -0.276057720 0.476573914
1403715601412143104.000000 2.900259733 0.480006635 -0.384975076 -0.352951258 -0.748765826 -0.276080430 0.488420665
1403715601912143104.000000 2.494418621 0.369847834 -0.211911693 -0.359024197 -0.731420100 -0.272006094 0.511995077
1403715602162142976.000000 2.280151367 0.293276966 -0.141968369 -0.376603723 -0.685371935 -0.309264898 0.541100919
1403715602562142976.000000 2.011032104 0.064026654 -0.086239345 -0.470627487 -0.665007174 -0.334266692 0.473857522
1403715603012143104.000000 1.740085125 -0.233409718 -0.153282166 -0.550369620 -0.612978339 -0.393400460 0.408150762
1403715603212143104.000000 1.603341222 -0.358231783 -0.242091954 -0.582685590 -0.581500351 -0.415032774 0.387405097
1403715603612143104.000000 1.293673158 -0.565810263 -0.398206860 -0.633405805 -0.536360145 -0.416030407 0.371528924
1403715604012143104.000000 1.040251255 -0.703111291 -0.469372571 -0.666806102 -0.516146719 -0.378864944 0.381344378
1403715604262142976.000000 0.971326351 -0.739189863 -0.471382201 -0.647884190 -0.535581112 -0.407777071 0.356534362
1403715604562142976.000000 0.915814638 -0.724656224 -0.494354427 -0.638526917 -0.534437060 -0.422214895 0.358322442
1403715604812143104.000000 0.871685147 -0.684458971 -0.516820431 -0.628855407 -0.529310763 -0.436964482 0.365284979
1403715605262142976.000000 0.776937485 -0.591255665 -0.534582555 -0.626610458 -0.532057822 -0.435178190 0.367278814
1403715605662142976.000000 0.695722342 -0.489969701 -0.570001066 -0.630995572 -0.528171539 -0.419201374 0.383600980
1403715606112143104.000000 0.642430425 -0.369214922 -0.656506240 -0.615007937 -0.537865043 -0.436636448 0.376583368
1403715606562142976.000000 0.576962590 -0.252930284 -0.731163979 -0.617643952 -0.533320308 -0.422118366 0.394843608
1403715607012143104.000000 0.558324158 -0.168849453 -0.773275018 -0.602606714 -0.533481002 -0.431631416 0.407378972
1403715607462142976.000000 0.558744788 -0.151771545 -0.828768134 -0.599630058 -0.546733499 -0.434409410 0.390915364
1403715607862142976.000000 0.518864751 -0.173744991 -0.854148686 -0.606562555 -0.543737352 -0.431285501 0.387845874
1403715608262142976.000000 0.512054980 -0.178208679 -0.863715947 -0.600779712 -0.550979257 -0.433818996 0.383779407
1403715608662142976.000000 0.511913836 -0.178790748 -0.864172876 -0.601849079 -0.551411092 -0.432521075 0.382947713
1403715608962142976.000000 0.511383653 -0.181947112 -0.863419235 -0.601815462 -0.551089466 -0.432618141 0.383353829
