1413393216555760384.000000 -0.194861859 0.418597817 -0.111779876 -0.598699689 -0.538942397 -0.434201807 0.403198034
1413393219155760384.000000 -0.718875825 -0.007023685 0.138247490 -0.626211643 -0.542049944 -0.413862020 0.377834678
1413393221755760384.000000 -0.922287107 0.020332459 0.600501716 -0.612516522 -0.541277409 -0.435079068 0.377555907
1413393223405760512.000000 -0.945870519 0.409432560 0.668450832 -0.603928506 -0.558401823 -0.420610905 0.382811129
1413393223755760384.000000 -0.957070291 0.586973071 0.573564708 -0.598664105 -0.549760580 -0.434933037 0.387553811
1413393224555760384.000000 -1.074370146 0.963570416 0.416360110 -0.614729583 -0.523691654 -0.448527575 0.382985115
1413393225005760512.000000 -1.149480939 1.113779664 0.246628851 -0.659880817 -0.477482498 -0.456546754 0.357956529
1413393227755760384.000000 -0.784192741 1.899338722 0.121903807 -0.775051355 -0.255934745 -0.541547060 0.201294780
1413393229605760512.000000 -0.084488660 2.231227875 0.031863235 -0.809247851 -0.096627340 -0.573935688 0.079867937
1413393231555760384.000000 1.214736938 2.661811113 0.033669084 0.806575716 -0.014400199 0.590932131 -0.005239089
1413393232055760384.000000 1.529722810 2.745436668 -0.037140734 0.809798360 -0.069510438 0.582576036 -0.000327616
1413393232355760384.000000 1.676796079 2.719241858 -0.050610270 0.806913674 -0.114343956 0.577522278 0.047789302
1413393232905760512.000000 1.932766199 2.573617220 -0.167080626 0.801487505 -0.170673832 0.565903962 0.090780102
1413393233705760512.000000 2.326890230 2.241608381 -0.069282331 0.783957183 -0.210050955 0.563175082 0.155317917
1413393233855760384.000000 2.393497467 2.188974380 -0.000067579 0.774448097 -0.230278388 0.561875641 0.177476466
1413393234005760512.000000 2.457309008 2.144456148 0.068284363 0.761704504 -0.253297627 0.566188931 0.187287599
1413393234155760384.000000 2.514209747 2.106784821 0.129818246 0.755516469 -0.282849193 0.558642447 0.192638904
1413393236855760384.000000 2.479546547 1.786676168 0.230943754 0.542194188 -0.623707414 0.395707279 0.400537550
1413393239605760512.000000 2.597374678 0.902829289 0.326305926 0.537732065 -0.614955485 0.371784359 0.440965295
1413393242555760384.000000 2.486718178 -0.316420019 0.174500033 0.513692558 -0.627176106 0.400553942 0.426997244
1413393245405760512.000000 2.397612572 -0.217090502 0.175936759 0.643487036 -0.507108867 0.452438563 0.352227896
1413393248055760384.000000 2.511583567 -0.002110161 -0.230682522 0.660007000 -0.456830561 0.510741830 0.307960272
1413393250955760384.000000 2.427000523 -0.043889139 -0.350216419 0.654224038 -0.487903863 0.477748334 0.325111330
1413393253305760512.000000 2.426723719 0.198621467 -0.164010644 0.379040986 -0.736490667 0.253758132 0.499516100
1413393254655760384.000000 2.316951752 -0.159466922 0.073351383 0.305748910 -0.764340043 0.203585863 0.529957294
1413393255005760512.000000 2.285886049 -0.312142700 0.151073113 0.293172598 -0.753596127 0.223072812 0.544409156
1413393256855760384.000000 1.927057505 -0.770513058 0.258297056 0.298477173 -0.764247000 0.206076562 0.533263981
1413393258255760384.000000 1.401129007 -1.335094333 0.103207484 0.297119766 -0.757051408 0.210121781 0.542624891
1413393260505760512.000000 1.035379410 -2.236801624 0.190308332 0.684070945 -0.387093425 0.522241175 0.330862373
1413393263355760384.000000 1.513313532 -2.440193892 0.108596288 0.766892970 -0.280944109 0.550549746 0.172744632
1413393266105760512.000000 1.858741164 -2.704931021 -0.196109667 0.800199449 -0.150393873 0.570401549 0.108188502
1413393267255760384.000000 1.862325430 -2.606775522 0.035720132 -0.798532188 -0.151302651 -0.567823350 0.130500898
1413393267605760512.000000 1.834719777 -2.657625914 0.046850007 -0.800751328 -0.144230008 -0.570548713 0.111666203
1413393269605760512.000000 1.758776784 -2.688337088 -0.042443853 -0.785326838 -0.170191333 -0.577830434 0.142859325
1413393270105760512.000000 1.703319907 -2.696201086 -0.205388084 -0.797038317 -0.192253008 -0.557075918 0.132042840
1413393272455760384.000000 1.721013188 -2.350017309 -0.253210574 0.809381962 -0.003065262 0.587263107 -0.003696163
1413393275205760512.000000 1.514245033 -1.620023847 0.049487866 0.635314465 -0.490476519 0.476000249 0.359488577
1413393278155760384.000000 0.968439400 -1.624469757 0.051886778 0.490680695 -0.636090457 0.386564165 0.452978432
1413393279005760512.000000 0.572962999 -1.619679213 0.074182183 0.455536813 -0.672761559 0.320787400 0.486799240
1413393279505760512.000000 0.306734473 -1.646139145 0.068520784 0.477053493 -0.674361110 0.312757254 0.468871057
1413393280005760512.000000 0.120916754 -1.755222559 0.051704057 0.474454015 -0.654353023 0.338592768 0.481736928
1413393280505760512.000000 -0.001287490 -1.842231989 0.070909463 0.461691469 -0.655821979 0.379780620 0.460983008
1413393280955760384.000000 -0.182681561 -1.839997768 0.032578759 0.467769712 -0.670639336 0.381582141 0.431079447
1413393281355760384.000000 -0.446035981 -1.828033328 0.033111103 0.493584961 -0.651549637 0.344256669 0.461892128
1413393281755760384.000000 -0.679919124 -1.850588083 0.073355295 0.482868224 -0.650641799 0.340998471 0.476679832
1413393282255760384.000000 -0.892213464 -1.877812982 0.153374314 0.460668653 -0.673619628 0.352106929 0.458303124
1413393282755760384.000000 -1.100854158 -1.900716305 0.220229670 0.475473791 -0.649183214 0.340752006 0.486182958
1413393283255760384.000000 -1.218202114 -1.914642811 0.228118971 0.545922339 -0.611690462 0.373637676 0.433818609
1413393283655760384.000000 -1.245977998 -1.959671974 0.222391754 0.609856009 -0.549648345 0.419244736 0.387551516
1413393284655760384.000000 -1.080617309 -2.099917889 0.078937531 0.740014613 -0.337227851 0.528078079 0.244518563
1413393287505760512.000000 -0.427496493 -2.623248339 0.096145183 -0.810598016 -0.091361098 -0.573867619 0.072526477
1413393290155760384.000000 0.233854041 -2.618150711 0.060538411 -0.763644278 -0.271444172 -0.549721599 0.202414915
1413393293005760512.000000 0.592201591 -2.603844881 -0.062662765 -0.725129187 -0.346988201 -0.541746438 0.245555937
1413393295355760384.000000 -0.545112967 -2.557676554 0.086898744 -0.740292490 -0.348334879 -0.516860783 0.251961887
1413393295755760384.000000 -0.739453435 -2.498045683 0.091880597 -0.746026874 -0.336025596 -0.507315516 0.270484209
1413393296655760384.000000 -1.049938321 -2.302308321 0.037914317 -0.751516521 -0.333986908 -0.513738573 0.244434625
1413393299305760512.000000 -0.898198664 -1.483524561 -0.186169595 -0.748417914 -0.296211690 -0.552425623 0.216691390
1413393300205760512.000000 -0.874781072 -1.282290697 -0.130139619 -0.754235148 -0.300909400 -0.544504523 0.209994704
1413393301005760512.000000 -0.922917366 -1.141922712 -0.061749563 -0.696609437 -0.407097012 -0.508103967 0.301392853
1413393302705760512.000000 -1.330545187 -1.116397977 -0.230133608 -0.637825072 -0.508009136 -0.437334359 0.379268616
1413393303505760512.000000 -1.524178982 -1.060953379 -0.088452257 -0.633156836 -0.515350342 -0.451031715 0.360689461
1413393303805760512.000000 -1.589976549 -1.027633548 -0.006272718 -0.633865893 -0.508744657 -0.456097484 0.362447381
1413393304205760512.000000 -1.678426862 -0.983159065 0.067448810 -0.646387339 -0.502884805 -0.439974099 0.368392736
1413393306855760384.000000 -2.363029957 -0.048867002 0.157936901 -0.713005781 -0.397984684 -0.481633991 0.318213135
1413393307155760384.000000 -2.431580067 0.076539129 0.152324051 -0.734748840 -0.359282613 -0.498619705 0.287121117
1413393308155760384.000000 -2.403264761 0.445447028 0.226148009 -0.798371017 -0.173325717 -0.565622509 0.112396814
1413393310455760384.000000 -2.163972378 1.138761878 0.061143044 0.812273204 -0.064615570 0.576944709 0.056319788
1413393310955760384.000000 -2.050691366 1.155629277 0.053653397 0.814077199 -0.084095500 0.573431790 0.037180759
1413393311455760384.000000 -1.912736773 1.106296182 -0.026006566 0.818727732 -0.084332019 0.564832926 0.059470370
1413393313805760512.000000 -1.149553895 1.019735336 -0.047545899 0.790810108 -0.052349977 0.609543502 0.018321028
1413393316505760512.000000 -0.689486146 1.202180266 0.132341266 -0.804164231 -0.087998979 -0.584626913 0.061543163
1413393317455760384.000000 -0.565244079 1.591982126 0.196439490 -0.794193804 -0.103683025 -0.594635248 0.070107631
1413393317805760512.000000 -0.575748146 1.751621366 0.131494179 -0.795708239 -0.095713384 -0.593897760 0.070519067
1413393318155760384.000000 -0.629610896 1.910881996 0.052869834 -0.806237817 -0.084741019 -0.582276344 0.061268926
1413393318555760384.000000 -0.702571809 2.088893414 -0.054137506 -0.808678985 -0.061029669 -0.580334365 0.074335419
1413393318755760384.000000 -0.735806823 2.158272982 -0.109116100 -0.808485210 -0.058601759 -0.580619872 0.076146394
1413393319105760512.000000 -0.799566329 2.241910696 -0.156692997 -0.798202693 -0.064599298 -0.594397783 0.073421553
1413393319555760384.000000 -0.911198497 2.292871237 -0.192836493 -0.823526919 -0.065862298 -0.557736397 0.079972990
1413393319905760512.000000 -0.936424315 2.293793917 -0.275148898 -0.822199285 -0.080674276 -0.559351206 0.067869447
1413393320305760512.000000 -0.916068494 2.297965765 -0.402708620 -0.802903354 -0.086365700 -0.586825311 0.059357803
1413393320455760384.000000 -0.915639579 2.309602976 -0.419327229 -0.811459780 -0.081740610 -0.575528920 0.060148742
1413393320555760384.000000 -0.915665030 2.320046186 -0.416302711 -0.815308511 -0.081368059 -0.570430636 0.057098862
1413393321005760512.000000 -0.923952520 2.344926834 -0.465033352 -0.819350719 -0.087589055 -0.565498114 0.034703329
1413393321455760384.000000 -0.935151041 2.335483551 -0.488243669 -0.800321341 -0.069021113 -0.593458235 0.050291892
1413393321955760384.000000 -0.931901753 2.335005283 -0.489918292 -0.801726580 -0.069928274 -0.591536701 0.049284246
1413393322455760384.000000 -0.932034969 2.334608316 -0.490088820 -0.801303506 -0.069779254 -0.592118979 0.049384642
1413393322955760384.000000 -0.932700992 2.334687710 -0.489962816 -0.801313043 -0.069698565 -0.592095077 0.049629480
1413393323455760384.000000 -0.933349788 2.334617615 -0.489363223 -0.801350236 -0.069558501 -0.592036068 0.049926434
1413393323955760384.000000 -0.933070242 2.334739685 -0.490328699 -0.801401019 -0.069404013 -0.591976643 0.050030980
1413393324455760384.000000 -0.932988822 2.334755421 -0.489865690 -0.801469028 -0.069202803 -0.591898918 0.050141014
1413393324955760384.000000 -0.933212340 2.334607363 -0.489225417 -0.801565468 -0.069239303 -0.591757119 0.050223593
1413393325455760384.000000 -0.933902204 2.334942102 -0.489851236 -0.801571071 -0.069068149 -0.591752887 0.050418466
1413393325955760384.000000 -0.933636546 2.334846258 -0.489725798 -0.801566243 -0.068851531 -0.591773033 0.050553311
