#LBA time[ms],KF opt[#],KF fixed[#],MP[#],Edges[#]
0.009107,3,1,0,2443
0.001708,4,1,0,3070
0.578732,5,1,0,3742
0.676997,6,1,0,4424
0.948194,7,1,0,4961
1.425024,8,1,0,5542
1.752171,9,1,0,6047
1.830313,10,1,0,6480
2.795306,0,0,0,0
112.424919,0,0,0,0
2.512251,0,0,0,0
3.112896,0,0,0,0
3.460796,0,0,0,0
3.480061,0,0,0,0
4.141380,0,0,0,0
5.319663,0,0,0,0
6.114581,0,0,0,0
5.908219,0,0,0,0
9.611531,0,0,0,0
6.215220,0,0,0,0
8.181430,0,0,0,0
9.328590,0,0,0,0
8.733798,0,0,0,0
8.272873,0,0,0,0
7.249914,0,0,0,0
9.189641,0,0,0,0
7.388815,0,0,0,0
10.448036,0,0,0,0
7.578011,0,0,0,0
10.383087,0,0,0,0
8.407046,0,0,0,0
9.191465,0,0,0,0
7.393812,0,0,0,0
8.974669,0,0,0,0
11.582238,0,0,0,0
7.397650,0,0,0,0
8.719229,0,0,0,0
8.692846,0,0,0,0
8.418071,0,0,0,0
7.146819,0,0,0,0
7.441915,0,0,0,0
8.098282,0,0,0,0
8.104148,0,0,0,0
5.736356,0,0,0,0
9.037734,0,0,0,0
7.254361,0,0,0,0
8.886163,0,0,0,0
7.215456,0,0,0,0
6.922410,0,0,0,0
8.792474,0,0,0,0
5.454821,0,0,0,0
7.908781,0,0,0,0
5.301317,0,0,0,0
7.621421,0,0,0,0
5.998176,0,0,0,0
6.964579,0,0,0,0
5.558320,0,0,0,0
5.821132,0,0,0,0
5.612173,0,0,0,0
8.814822,0,0,0,0
7.574872,0,0,0,0
6.124433,0,0,0,0
4.560201,0,0,0,0
4.518818,0,0,0,0
7.051941,0,0,0,0
5.775419,0,0,0,0
6.049229,0,0,0,0
6.116791,0,0,0,0
4.790354,0,0,0,0
8.394206,0,0,0,0
8.211468,0,0,0,0
5.684709,0,0,0,0
5.895236,0,0,0,0
7.202570,0,0,0,0
4.780271,0,0,0,0
9.514359,0,0,0,0
4.352533,0,0,0,0
3.757359,0,0,0,0
3.877278,0,0,0,0
7.196365,0,0,0,0
5.614817,0,0,0,0
6.923855,0,0,0,0
4.061590,0,0,0,0
3.975472,0,0,0,0
1.964761,0,0,0,0
2.868026,0,0,0,0
4.625607,0,0,0,0
3.048140,0,0,0,0
4.311409,0,0,0,0
4.044739,0,0,0,0
4.124909,0,0,0,0
5.097726,0,0,0,0
4.084020,0,0,0,0
5.056320,0,0,0,0
5.334999,0,0,0,0
4.364369,0,0,0,0
4.962816,0,0,0,0
5.698448,0,0,0,0
7.946191,0,0,0,0
7.561526,0,0,0,0
9.035172,0,0,0,0
12.119989,0,0,0,0
7.830356,0,0,0,0
13.645690,0,0,0,0
7.641573,0,0,0,0
7.567337,0,0,0,0
8.188330,0,0,0,0
9.311287,0,0,0,0
8.980922,0,0,0,0
10.534844,0,0,0,0
10.026658,0,0,0,0
12.260560,0,0,0,0
7.211687,0,0,0,0
10.733291,0,0,0,0
12.415451,0,0,0,0
12.112380,0,0,0,0
8.462586,0,0,0,0
10.532960,0,0,0,0
9.194843,0,0,0,0
10.896240,0,0,0,0
9.514383,0,0,0,0
9.071069,0,0,0,0
11.469047,0,0,0,0
8.152935,0,0,0,0
11.853394,0,0,0,0
12.120923,0,0,0,0
9.902083,0,0,0,0
9.899439,0,0,0,0
8.818112,0,0,0,0
9.871703,0,0,0,0
7.741124,0,0,0,0
8.347577,0,0,0,0
7.612867,0,0,0,0
7.429683,0,0,0,0
10.033537,0,0,0,0
9.300797,0,0,0,0
8.195235,0,0,0,0
7.487205,0,0,0,0
6.939078,0,0,0,0
6.834097,0,0,0,0
9.203893,0,0,0,0
11.178849,0,0,0,0
6.991101,0,0,0,0
6.796952,0,0,0,0
8.573759,0,0,0,0
7.051030,0,0,0,0
8.602185,0,0,0,0
9.122144,0,0,0,0
6.972072,0,0,0,0
7.813628,0,0,0,0
8.507321,0,0,0,0
4.833997,0,0,0,0
5.538763,0,0,0,0
7.375570,0,0,0,0
5.394616,0,0,0,0
4.700393,0,0,0,0
4.775764,0,0,0,0
4.543371,0,0,0,0
6.413379,0,0,0,0
7.362987,0,0,0,0
5.233798,0,0,0,0
11.123472,0,0,0,0
5.829643,0,0,0,0
7.315516,0,0,0,0
7.968070,0,0,0,0
7.007082,0,0,0,0
9.460761,0,0,0,0
7.036133,0,0,0,0
7.200128,0,0,0,0
7.559561,0,0,0,0
7.150216,0,0,0,0
11.616798,0,0,0,0
8.131551,0,0,0,0
9.834525,0,0,0,0
8.143391,0,0,0,0
10.537437,0,0,0,0
7.324977,0,0,0,0
11.521982,0,0,0,0
12.075400,0,0,0,0
10.174944,0,0,0,0
10.242349,0,0,0,0
8.943623,0,0,0,0
10.813653,0,0,0,0
8.654026,0,0,0,0
6.083758,0,0,0,0
9.831742,0,0,0,0
7.999645,0,0,0,0
11.387051,0,0,0,0
11.335997,0,0,0,0
11.158138,0,0,0,0
11.172614,0,0,0,0
11.847519,0,0,0,0
9.273443,0,0,0,0
9.231828,0,0,0,0
10.162810,0,0,0,0
9.358671,0,0,0,0
11.546642,0,0,0,0
11.780003,0,0,0,0
11.750361,0,0,0,0
7.224779,0,0,0,0
16.284137,0,0,0,0
12.635589,0,0,0,0
11.988792,0,0,0,0
12.068189,0,0,0,0
7.164294,0,0,0,0
6.549281,0,0,0,0
5.849484,0,0,0,0
4.963427,0,0,0,0
6.308082,0,0,0,0
7.634963,0,0,0,0
5.210945,0,0,0,0
6.573372,0,0,0,0
6.975406,0,0,0,0
5.836011,0,0,0,0
4.606602,0,0,0,0
6.949321,0,0,0,0
4.730826,0,0,0,0
6.199841,0,0,0,0
8.207827,0,0,0,0
7.588521,0,0,0,0
9.642894,0,0,0,0
5.752997,0,0,0,0
10.535783,0,0,0,0
14.510130,0,0,0,0
18.896204,0,0,0,0
10.763997,0,0,0,0
11.155237,0,0,0,0
11.981584,0,0,0,0
8.026097,0,0,0,0
10.932077,0,0,0,0
8.104807,0,0,0,0
7.779224,0,0,0,0
6.283433,0,0,0,0
4.033380,0,0,0,0
6.828907,0,0,0,0
6.643633,0,0,0,0
4.199858,0,0,0,0
4.932571,0,0,0,0
4.979428,0,0,0,0
6.694445,0,0,0,0
7.195471,0,0,0,0
4.883944,0,0,0,0
7.428944,0,0,0,0
9.628064,0,0,0,0
6.189801,0,0,0,0
8.675496,0,0,0,0
8.924023,0,0,0,0
8.492234,0,0,0,0
9.400801,0,0,0,0
9.329724,0,0,0,0
11.059074,0,0,0,0
10.796678,0,0,0,0
8.850363,0,0,0,0
11.818965,0,0,0,0
7.050421,0,0,0,0
9.752745,0,0,0,0
9.645249,0,0,0,0
9.075202,0,0,0,0
8.552424,0,0,0,0
7.934396,0,0,0,0
9.695712,0,0,0,0
8.853793,0,0,0,0
8.430993,0,0,0,0
8.934116,0,0,0,0
6.379603,0,0,0,0
7.701492,0,0,0,0
8.191707,0,0,0,0
7.357836,0,0,0,0
5.582648,0,0,0,0
7.366765,0,0,0,0
9.454641,0,0,0,0
7.124607,0,0,0,0
10.110415,0,0,0,0
7.971134,0,0,0,0
5.083887,0,0,0,0
6.254826,0,0,0,0
6.647738,0,0,0,0
7.457925,0,0,0,0
7.424745,0,0,0,0
8.089365,0,0,0,0
8.858704,0,0,0,0
7.521313,0,0,0,0
4.884864,0,0,0,0
8.554749,0,0,0,0
4.738641,0,0,0,0
11.641655,0,0,0,0
7.516201,0,0,0,0
9.108949,0,0,0,0
5.837117,0,0,0,0
7.489922,0,0,0,0
8.595634,0,0,0,0
5.921913,0,0,0,0
9.239484,0,0,0,0
5.638789,0,0,0,0
8.840938,0,0,0,0
6.524149,0,0,0,0
6.932966,0,0,0,0
10.040730,0,0,0,0
7.503502,0,0,0,0
16.545829,0,0,0,0
22.766103,0,0,0,0
16.483067,0,0,0,0
14.823235,0,0,0,0
15.948981,0,0,0,0
15.596335,0,0,0,0
14.270080,0,0,0,0
12.050597,0,0,0,0
13.489776,0,0,0,0
10.150025,0,0,0,0
13.908751,0,0,0,0
15.245619,0,0,0,0
12.717581,0,0,0,0
14.869597,0,0,0,0
12.366517,0,0,0,0
15.745099,0,0,0,0
11.963956,0,0,0,0
12.610103,0,0,0,0
13.732706,0,0,0,0
14.531828,0,0,0,0
13.743677,0,0,0,0
12.002880,0,0,0,0
19.178122,0,0,0,0
12.529167,0,0,0,0
17.948040,0,0,0,0
14.139434,0,0,0,0
14.975214,0,0,0,0
14.444183,0,0,0,0
13.174817,0,0,0,0
15.968286,0,0,0,0
15.315487,0,0,0,0
12.885796,0,0,0,0
18.493520,0,0,0,0
13.192537,0,0,0,0
16.217016,0,0,0,0
14.628410,0,0,0,0
15.420220,0,0,0,0
12.384727,0,0,0,0
14.590809,0,0,0,0
12.394429,0,0,0,0
13.697206,0,0,0,0
11.042254,0,0,0,0
11.755018,0,0,0,0
13.489012,0,0,0,0
15.108573,0,0,0,0
12.067456,0,0,0,0
11.873576,0,0,0,0
15.127128,0,0,0,0
11.303915,0,0,0,0
13.329894,0,0,0,0
9.519719,0,0,0,0
13.563064,-1674546944,81,68,-88235808
13.973957,28671,0,0,1079813496
