1403637149738319104.000000 1.272097588 -0.529432178 -1.421674728 -0.583397627 -0.555201530 -0.397743642 0.439543396
1403637152088318976.000000 1.595933676 -0.104044192 -0.959842324 -0.589089513 -0.569847107 -0.407416046 0.402815133
1403637154338319104.000000 2.009666204 0.374307156 -0.838555098 -0.607837260 -0.563995898 -0.380089134 0.409847349
1403637156738319104.000000 2.893072844 1.246592879 -1.034757257 -0.762781739 -0.285987735 -0.525456011 0.245501742
1403637159388318976.000000 5.377195358 0.472346842 -1.263835430 -0.805061460 -0.163659081 -0.547038317 0.160751134
1403637161038319104.000000 7.166802406 -0.758377194 -1.537583470 0.830234051 -0.031039037 0.556482971 0.008643944
1403637163888318976.000000 8.177184105 -3.605966330 -1.449028730 0.750098109 -0.330494672 0.551882684 0.153465673
1403637166088318976.000000 5.396373272 -6.537734509 -1.256840587 0.744296014 -0.350419164 0.480414510 0.304025888
1403637168188318976.000000 5.450179577 -5.891209602 -1.567915559 0.780492485 -0.288486451 0.514648974 0.206745028
1403637171138319104.000000 7.644764423 -1.251129508 -2.355094433 -0.757583439 -0.205196723 -0.598126709 0.161883458
1403637171788318976.000000 7.267436981 -0.272127002 -2.322667837 -0.734427989 -0.265732855 -0.600142777 0.172714770
1403637172088318976.000000 6.932487011 0.098094873 -2.333020449 -0.732304394 -0.257084131 -0.609523535 0.161614388
1403637173138319104.000000 5.391531467 0.874685228 -2.248235226 -0.834325016 -0.167525440 -0.495327860 0.174606055
1403637173288318976.000000 5.244423866 0.910650015 -2.273540258 -0.839960933 -0.136557281 -0.500344157 0.159603894
1403637174338319104.000000 5.155200481 0.597649693 -2.436147451 0.810642123 -0.002222912 0.584202647 -0.039518390
1403637174488318976.000000 5.216432571 0.483273923 -2.399549484 0.805293918 -0.019116640 0.589562476 -0.059601966
1403637174638319104.000000 5.266403198 0.346461475 -2.350992203 0.803369582 -0.035175122 0.591920078 -0.054687418
1403637177038319104.000000 4.004194260 -2.995456934 -2.160420179 0.805736780 -0.184648544 0.555126727 0.092344604
1403637179688318976.000000 4.892413616 -5.419230938 -2.455612183 0.773764372 -0.247210741 0.546520054 0.203694448
1403637182288318976.000000 7.932528496 -2.801478863 -2.191784143 0.743405938 -0.286126584 0.570593417 0.199755967
1403637183888318976.000000 7.961514473 -0.301518917 -2.042737961 0.725081980 -0.324811041 0.592297852 0.133929759
1403637185288318976.000000 5.708365917 0.421361864 -2.206990004 0.793104708 -0.308380395 0.499225318 0.163280576
1403637185488318976.000000 5.464866161 0.372491986 -2.153818846 0.802641034 -0.303023070 0.484177500 0.171803638
1403637185788318976.000000 5.179893017 0.242674753 -2.031404257 0.782273233 -0.295382261 0.515068710 0.188419819
1403637186238319104.000000 4.855853081 0.009167209 -1.909069657 0.769248068 -0.288438737 0.534119964 0.199440047
1403637186688318976.000000 4.595690250 -0.204286709 -1.696375012 0.760784924 -0.297811091 0.544375360 0.190184623
1403637186888318976.000000 4.479056358 -0.296294391 -1.624704242 0.761824369 -0.314825147 0.540555656 0.168250501
1403637187288318976.000000 4.208971024 -0.547134817 -1.570464611 0.759062350 -0.324086547 0.538874924 0.168541506
1403637187888318976.000000 3.808772326 -1.096268415 -1.607270122 0.776073873 -0.335242748 0.500318766 0.187090755
1403637188488318976.000000 3.609021187 -1.817567945 -1.719477296 0.758228898 -0.313393086 0.526123941 0.223757535
1403637190938319104.000000 2.721793413 -4.596827984 -1.964407682 0.729853213 -0.352685839 0.532252252 0.244201794
1403637191938319104.000000 2.237055779 -5.229511261 -1.976078987 0.752288699 -0.330546975 0.508157909 0.258023202
1403637192338319104.000000 2.148443937 -5.368377209 -1.824214220 0.764817715 -0.330292016 0.484983236 0.265993118
1403637192538319104.000000 2.166521549 -5.420239925 -1.745546579 0.762873054 -0.340891361 0.487244844 0.253792077
1403637192738319104.000000 2.217848778 -5.468550205 -1.693870068 0.762784541 -0.353856027 0.486886173 0.236405656
1403637193738319104.000000 2.730957508 -5.914404392 -1.426413417 0.756098628 -0.343353838 0.500096738 0.245614275
1403637194138319104.000000 3.028642893 -6.149154186 -1.331274033 0.748162568 -0.338956475 0.511774540 0.251889318
1403637194538319104.000000 3.368861437 -6.346601486 -1.319485068 0.751774728 -0.344416827 0.505623162 0.246083513
1403637196538319104.000000 5.502698898 -6.727648258 -1.155184865 0.733354270 -0.268476605 0.544088900 0.306723326
1403637199488318976.000000 7.348357677 -0.698924601 -0.878323913 -0.769901097 -0.143006966 -0.616780043 0.079898454
1403637199838319104.000000 7.059771061 0.209715456 -0.897802770 -0.745989859 -0.205594406 -0.609170377 0.173613608
1403637199988318976.000000 6.903943062 0.572939694 -0.969072700 -0.724145293 -0.228300348 -0.605961263 0.237283662
1403637200138319104.000000 6.728720665 0.893297315 -1.053980470 -0.694531143 -0.263503790 -0.603665054 0.289449066
1403637200238319104.000000 6.600655556 1.074938774 -1.117323279 -0.684075594 -0.296512365 -0.591947377 0.306136310
1403637203038319104.000000 4.531215191 1.447155595 -1.324319839 -0.753546238 -0.320277810 -0.530544519 0.219345838
1403637205688318976.000000 4.640354156 0.662126780 -1.411159515 -0.747485757 -0.328293145 -0.532622278 0.223164275
1403637208438319104.000000 4.054672241 0.430018634 -1.249647260 -0.756748617 -0.307520330 -0.527270973 0.233982891
1403637209238319104.000000 3.929017067 0.294413954 -1.291392803 -0.743777931 -0.334174395 -0.537058353 0.216079324
1403637211738319104.000000 4.953243256 2.699640989 -1.819872379 -0.748799920 -0.350149930 -0.497621953 0.262804329
1403637212538319104.000000 5.882732391 3.810249090 -1.862818241 -0.736390114 -0.345726937 -0.520684838 0.259016901
1403637212938319104.000000 6.326247692 4.287501812 -1.774736881 -0.746483207 -0.355354518 -0.507930338 0.241852835
1403637213138319104.000000 6.545196056 4.530947685 -1.721826792 -0.746458292 -0.357444614 -0.505330682 0.244283363
1403637213338319104.000000 6.762134075 4.778580666 -1.690277696 -0.745926023 -0.356709003 -0.504112065 0.249447584
1403637213538319104.000000 6.976952553 5.025341988 -1.677399755 -0.740960062 -0.356557399 -0.511015296 0.250416487
1403637213738319104.000000 7.182899475 5.268821716 -1.684800267 -0.733394384 -0.369226664 -0.521103859 0.232927591
1403637213938319104.000000 7.367008686 5.516352177 -1.715733886 -0.733160555 -0.375645339 -0.519847274 0.226108775
1403637214138319104.000000 7.526371956 5.781550407 -1.737472534 -0.724263728 -0.375631005 -0.523955643 0.244568810
1403637214538319104.000000 7.760857582 6.311836720 -1.698808789 -0.672661781 -0.434360623 -0.526183188 0.286335886
1403637214738319104.000000 7.815966129 6.553330898 -1.645143270 -0.638670743 -0.473090738 -0.532440007 0.291191727
1403637214938319104.000000 7.808767796 6.780206680 -1.580187559 -0.625427723 -0.486629397 -0.531697273 0.298881143
1403637215138319104.000000 7.736656189 6.986820221 -1.534822345 -0.620392203 -0.485124171 -0.534500539 0.306720376
1403637216238319104.000000 6.494391918 7.469677925 -1.315600991 -0.551801324 -0.581328630 -0.412144661 0.433254123
1403637216688318976.000000 5.921109200 7.362083912 -1.242062092 -0.537052989 -0.569650471 -0.413377285 0.464964151
1403637216988318976.000000 5.593813896 7.176152229 -1.213688731 -0.532204270 -0.557945669 -0.430232972 0.469419807
1403637217338319104.000000 5.275992393 6.810082912 -1.172801495 -0.564552486 -0.547170579 -0.396736324 0.473798722
1403637217488318976.000000 5.175165176 6.621821880 -1.182661176 -0.570502639 -0.542790651 -0.392577887 0.475171268
1403637217938319104.000000 4.985067368 5.957440853 -1.225401044 -0.493584901 -0.602648973 -0.407370001 0.476694733
1403637218088318976.000000 4.933268547 5.689947605 -1.220968127 -0.479826242 -0.622077584 -0.388553709 0.481468946
1403637218288318976.000000 4.868786335 5.306934357 -1.218777776 -0.470615774 -0.635636270 -0.374171525 0.484234512
1403637218488318976.000000 4.808704376 4.901924133 -1.236960053 -0.466070354 -0.638468623 -0.372787476 0.485968858
1403637218638319104.000000 4.764941692 4.583700180 -1.247233748 -0.467766196 -0.639830351 -0.371965438 0.483170420
1403637218838319104.000000 4.706353664 4.144011497 -1.252044082 -0.473462820 -0.643784463 -0.370556206 0.473352522
1403637218988318976.000000 4.660226345 3.807133675 -1.289444089 -0.470028669 -0.648904264 -0.379448563 0.462617576
1403637220788318976.000000 3.527719021 0.062576681 -1.139023066 -0.513462186 -0.644317627 -0.334958851 0.457180560
1403637223738319104.000000 2.802013159 -1.651524305 -1.249630690 -0.619810760 -0.534818709 -0.433110267 0.377119303
1403637224538319104.000000 2.804087639 -1.587057233 -1.241073966 -0.613763034 -0.534619510 -0.442270219 0.376661658
1403637226538319104.000000 2.484466791 -1.720528603 -1.253307819 -0.617431462 -0.546588600 -0.430555999 0.366934389
1403637226938319104.000000 2.343991518 -1.748500347 -1.262102604 -0.622982979 -0.545615137 -0.422705442 0.368125618
1403637227138319104.000000 2.272598743 -1.738717079 -1.280803919 -0.631213188 -0.528611600 -0.412715346 0.389622658
1403637227538319104.000000 2.186775923 -1.700219989 -1.258961320 -0.627497017 -0.533211827 -0.424191922 0.376820832
1403637228538319104.000000 2.125417948 -1.583091855 -1.337564826 -0.606068254 -0.529134631 -0.451063305 0.386315703
1403637229338319104.000000 2.003715277 -1.660792351 -1.308774590 -0.611495554 -0.531683862 -0.450697064 0.374509901
1403637229738319104.000000 1.935230970 -1.731361508 -1.387914538 -0.692259014 -0.464245349 -0.430977613 0.345705062
1403637230388318976.000000 1.959792376 -1.776419520 -1.502949476 -0.748165190 -0.351731658 -0.508751214 0.240220711
1403637230888318976.000000 1.970731497 -1.756822586 -1.420209765 -0.768628418 -0.283706248 -0.530000567 0.218679428
1403637231288318976.000000 2.002414227 -1.781154871 -1.414037466 -0.817858875 -0.161937505 -0.533574760 0.142060623
1403637231488318976.000000 2.047248602 -1.804204702 -1.494835734 -0.826888084 -0.079485446 -0.547971964 0.098310314
1403637231688318976.000000 2.104605198 -1.844986558 -1.629539728 0.834861875 -0.003284337 0.548414290 -0.047292840
1403637231938319104.000000 2.204702377 -1.927478194 -1.774336815 0.831819236 -0.087057821 0.548106790 0.008761733
1403637232188318976.000000 2.335703611 -2.050762415 -1.853577733 0.804872453 -0.157669440 0.570191920 0.046924140
1403637232438319104.000000 2.452003002 -2.220893145 -1.883683324 0.785660923 -0.205750525 0.575032353 0.098698989
1403637232688318976.000000 2.536477566 -2.422452927 -1.884968638 0.776612103 -0.279809654 0.552190661 0.116900541
1403637232938319104.000000 2.590851068 -2.679430246 -1.853559136 0.777538836 -0.332800716 0.515243828 0.138567358
1403637233188318976.000000 2.647241354 -3.011972189 -1.792967677 0.788871944 -0.339738071 0.486711681 0.159282163
1403637235588318976.000000 5.908242226 -4.188082695 -2.625758886 0.816114545 -0.115798213 0.557471216 0.098862104
1403637235838319104.000000 6.266762257 -3.945884705 -2.631925344 0.809980035 -0.068683840 0.574926734 0.093135327
1403637236088318976.000000 6.612981319 -3.652216911 -2.592686176 0.803822815 -0.002968612 0.587178111 0.095298603
1403637236338319104.000000 6.923649311 -3.262001991 -2.510726452 -0.804046988 -0.047488410 -0.588682652 -0.068601377
1403637238988318976.000000 5.201118946 0.487680107 -1.013955116 0.861050248 -0.171769366 0.470795542 -0.086252391
1403637239188318976.000000 4.982457161 0.201837882 -0.939109325 0.867827773 -0.158150420 0.469390929 -0.039185349
1403637239438319104.000000 4.831988335 -0.286020219 -0.852319658 0.847819865 -0.169757426 0.502235293 0.011984183
1403637239688318976.000000 4.751142502 -0.854300201 -0.853578687 0.825981557 -0.219761342 0.515632331 0.059855882
1403637239938319104.000000 4.708013535 -1.476927876 -0.946580410 0.783190370 -0.259062320 0.548450232 0.136755168
1403637240188318976.000000 4.661951065 -2.100587606 -1.091243863 0.749858260 -0.312587827 0.548637390 0.197480619
1403637240538319104.000000 4.578827858 -2.936523914 -1.310217738 0.755433321 -0.368350208 0.487544030 0.236515030
1403637240988318976.000000 4.584741592 -4.002839565 -1.451556444 0.738844097 -0.349870920 0.509253800 0.268998861
1403637241188318976.000000 4.622383118 -4.444224358 -1.506267190 0.742414534 -0.347701550 0.509522140 0.261364758
1403637241388318976.000000 4.676328182 -4.859891415 -1.580710411 0.747743547 -0.332854360 0.506565511 0.271070272
1403637241838319104.000000 4.897088528 -5.637116432 -1.709226012 0.736264884 -0.302468479 0.528394878 0.295340031
1403637242288318976.000000 5.180103302 -6.085229874 -1.719716072 0.725156844 -0.307520837 0.542624533 0.291782916
1403637242488318976.000000 5.300057411 -6.178581238 -1.714618683 0.725498736 -0.294204175 0.536926389 0.314333439
1403637242888318976.000000 5.569067001 -6.122227669 -1.704356432 0.730567694 -0.271048546 0.566468298 0.268173784
1403637243288318976.000000 5.803522587 -5.797262669 -1.657058716 0.748185039 -0.254375100 0.560249746 0.248259500
1403637243688318976.000000 5.999319077 -5.290898800 -1.664015293 0.759015441 -0.275273860 0.547563612 0.219758987
1403637244088318976.000000 6.171785355 -4.737716198 -1.553250194 0.762265027 -0.308329433 0.537820101 0.186103597
1403637244538319104.000000 6.317654133 -4.213765144 -1.286095023 0.771236777 -0.300484478 0.528441191 0.188819721
1403637244938319104.000000 6.464932919 -3.826920748 -1.065183520 0.796318233 -0.248669058 0.521824121 0.178158745
1403637245388318976.000000 6.724073887 -3.477304459 -0.928628147 0.804921210 -0.248142600 0.515162110 0.158540443
1403637245638319104.000000 6.924114227 -3.337244749 -0.892651021 0.809157372 -0.225046203 0.519474745 0.157367930
1403637245888318976.000000 7.163748741 -3.206196308 -0.888189197 0.807508171 -0.177447826 0.546967983 0.131411508
1403637246088318976.000000 7.366967201 -3.095895767 -0.908672273 0.808353484 -0.115650773 0.569679499 0.093031064
1403637246288318976.000000 7.564958572 -2.974545717 -0.949805200 0.812036037 -0.038332123 0.580937803 0.040490564
1403637246488318976.000000 7.750491619 -2.841686487 -1.005564690 -0.807035625 -0.053052615 -0.588086903 0.005727865
1403637246688318976.000000 7.911456108 -2.693512440 -1.076207638 -0.786570609 -0.131164730 -0.601108491 0.052640837
1403637247088318976.000000 8.091171265 -2.344151497 -1.181556702 -0.773632586 -0.241051555 -0.571317971 0.130317256
1403637247438319104.000000 8.137287140 -2.006122828 -1.262369990 -0.761234879 -0.247661009 -0.577341378 0.160818249
1403637247738319104.000000 8.111950874 -1.709681749 -1.362730861 -0.747178674 -0.264312029 -0.587888300 0.162020117
1403637247988318976.000000 8.009402275 -1.461391211 -1.422817707 -0.731789887 -0.293159097 -0.586862683 0.184752867
1403637249838319104.000000 6.127391815 0.254018754 -1.498278618 -0.738032639 -0.320397317 -0.551600814 0.219977438
1403637252788318976.000000 3.963106871 1.500199437 -1.204306006 -0.695842505 -0.438601166 -0.460608393 0.333574951
1403637255038319104.000000 3.520590305 0.955215394 -1.055933595 -0.654427111 -0.476239413 -0.476673722 0.343079180
1403637256388318976.000000 2.937314749 0.399067611 -0.972385943 -0.562385380 -0.584990859 -0.415708035 0.410725087
1403637257238319104.000000 2.481469870 0.024203731 -1.019546509 -0.559674740 -0.592745841 -0.398389667 0.420359701
1403637257738319104.000000 2.221859455 -0.180966318 -0.982412994 -0.552218854 -0.613261521 -0.382359147 0.415651411
1403637257988318976.000000 2.081029892 -0.264053851 -1.008684874 -0.545669556 -0.627399981 -0.362949669 0.420572877
1403637258238319104.000000 1.935413361 -0.316888213 -1.027646899 -0.511225760 -0.648012519 -0.349248856 0.443568736
1403637258488318976.000000 1.789464116 -0.349061877 -1.040418744 -0.487961590 -0.657769680 -0.337476313 0.464050025
1403637258738319104.000000 1.650957227 -0.373349667 -1.082835317 -0.484262317 -0.657877922 -0.328550309 0.474068940
1403637259188318976.000000 1.448128223 -0.408092916 -1.123129368 -0.486558080 -0.651826084 -0.329554230 0.479351759
1403637259638319104.000000 1.317770243 -0.437661588 -1.073903680 -0.495827317 -0.641044915 -0.323295534 0.488566011
1403637259838319104.000000 1.295219898 -0.450000942 -1.074257970 -0.493732721 -0.649605930 -0.328163654 0.475971431
1403637260238319104.000000 1.294079185 -0.471823752 -1.117417216 -0.486489296 -0.652321815 -0.337642699 0.473076999
1403637260638319104.000000 1.305520296 -0.505952120 -1.202608466 -0.483057559 -0.668313324 -0.339888275 0.452204347
1403637261038319104.000000 1.270906568 -0.531005442 -1.292855740 -0.477835596 -0.657673180 -0.344610602 0.469449371
1403637261388318976.000000 1.224527478 -0.554254174 -1.360529184 -0.485030890 -0.665725291 -0.334545910 0.457857937
1403637261738319104.000000 1.170020700 -0.555766582 -1.376660705 -0.491247922 -0.669105887 -0.326946080 0.451751143
1403637262188318976.000000 1.095613718 -0.516280174 -1.382762074 -0.485954642 -0.649312019 -0.339721352 0.476268232
1403637262488318976.000000 1.096765399 -0.520945072 -1.409757972 -0.511765718 -0.624640405 -0.348514169 0.475876182
1403637262788318976.000000 1.102029562 -0.526223540 -1.413247705 -0.512141645 -0.610870540 -0.353275061 0.489637405
1403637262988318976.000000 1.101652265 -0.525386631 -1.414382577 -0.512112439 -0.611851156 -0.352135330 0.489264458
1403637263488318976.000000 1.101664662 -0.525220692 -1.414064050 -0.511964262 -0.612066686 -0.352763802 0.488696903
1403637263788318976.000000 1.101352334 -0.525418401 -1.413613796 -0.512311041 -0.611754715 -0.352239996 0.489101797
1403637263988318976.000000 1.101545334 -0.525571406 -1.413328886 -0.512275457 -0.611846030 -0.352354318 0.488942504
1403637264488318976.000000 1.101509452 -0.525976777 -1.413817286 -0.512382388 -0.611836016 -0.352203190 0.488951921
1403637264988318976.000000 1.101863861 -0.525861561 -1.413522840 -0.512627482 -0.611768961 -0.351949960 0.488961160
1403637265488318976.000000 1.101679564 -0.526199222 -1.413361669 0.512548447 0.611822605 0.351863116 -0.489039451
