#LBA time[ms],KF opt[#],KF fixed[#],MP[#],Edges[#]
0.007986,3,1,0,471
0.003259,4,1,0,598
0.092919,5,1,0,769
0.141942,6,1,0,902
0.223655,7,1,0,1069
0.272221,8,1,0,1203
0.453606,9,1,0,1371
1.107049,10,1,0,1564
0.588905,0,0,0,0
35.948158,0,0,0,0
0.775467,0,0,0,0
0.921526,0,0,0,0
1.058158,0,0,0,0
1.141064,0,0,0,0
2.722476,0,0,0,0
1.388283,0,0,0,0
1.980092,0,0,0,0
1.610736,0,0,0,0
1.512196,0,0,0,0
1.986724,0,0,0,0
1.697819,3,1,0,804
2.346735,4,1,0,973
0.002860,5,1,0,973
0.002750,6,1,0,1020
0.206484,7,1,0,1378
0.520240,8,1,0,1746
0.274822,9,1,0,2145
0.819328,10,1,0,2300
0.700325,0,0,0,0
0.599505,0,0,0,0
0.810980,0,0,0,0
36.463905,0,0,0,0
1.044617,0,0,0,0
1.385411,0,0,0,0
0.806098,0,0,0,0
0.797274,0,0,0,0
0.781809,0,0,0,0
0.892059,0,0,0,0
1.025958,0,0,0,0
1.143603,0,0,0,0
1.414567,0,0,0,0
1.409643,0,0,0,0
1.325064,0,0,0,0
2.941954,0,0,0,0
3.199442,0,0,0,0
2.316144,0,0,0,0
2.379231,0,0,0,0
3.095162,0,0,0,0
2.252341,0,0,0,0
2.460437,0,0,0,0
2.929941,0,0,0,0
2.437254,0,0,0,0
3.103969,0,0,0,0
1.990924,0,0,0,0
2.466274,0,0,0,0
2.514744,0,0,0,0
2.119928,0,0,0,0
3.320880,0,0,0,0
2.218672,0,0,0,0
2.237807,0,0,0,0
2.581214,0,0,0,0
3.789780,0,0,0,0
2.309862,0,0,0,0
2.419469,0,0,0,0
2.676651,3,1,0,459
2.437395,4,1,0,574
2.492560,5,1,0,756
2.201971,6,1,0,968
0.003433,7,1,0,1033
0.002810,8,1,0,1160
0.433805,9,1,0,1354
0.203880,10,1,0,1533
0.555283,0,0,0,0
0.819887,0,0,0,0
1.309967,0,0,0,0
1.050800,0,0,0,0
1.122927,0,0,0,0
47.585634,0,0,0,0
1.126560,0,0,0,0
1.454895,3,1,0,576
1.959050,4,1,0,704
1.241799,5,1,0,866
1.450361,6,1,0,1053
1.520912,7,1,0,1290
2.273821,8,1,0,1476
0.003094,9,1,0,1617
0.002437,10,1,0,1778
0.350682,0,0,0,0
0.217505,3,1,0,367
0.615468,4,1,0,589
0.801802,5,1,0,807
0.460971,6,1,0,1058
1.031615,7,1,0,1351
0.666739,8,1,0,1571
28.908915,9,1,0,1864
1.070516,10,1,0,2164
0.002685,0,0,0,0
0.002560,0,0,0,0
0.124157,0,0,0,0
0.187189,0,0,0,0
0.477215,0,0,0,0
0.372932,0,0,0,0
0.439800,0,0,0,0
0.666080,0,0,0,0
0.842021,0,0,0,0
41.328450,0,0,0,0
1.154029,0,0,0,0
0.639899,0,0,0,0
0.759113,0,0,0,0
1.024953,0,0,0,0
1.193052,0,0,0,0
1.209921,0,0,0,0
2.107418,0,0,0,0
1.474148,0,0,0,0
1.777015,0,0,0,0
1.745563,0,0,0,0
1.930809,0,0,0,0
3.011052,0,0,0,0
3.021883,0,0,0,0
2.865007,0,0,0,0
3.711061,0,0,0,0
2.657471,0,0,0,0
3.314500,0,0,0,0
2.830874,0,0,0,0
2.864510,0,0,0,0
2.906157,0,0,0,0
2.861485,0,0,0,0
3.090956,0,0,0,0
2.423164,0,0,0,0
2.547085,0,0,0,0
2.839890,0,0,0,0
2.975322,0,0,0,0
4.542259,0,0,0,0
1.881978,0,0,0,0
3.170403,0,0,0,0
3.881744,0,0,0,0
2.709682,0,0,0,0
3.618030,0,0,0,0
2.173578,0,0,0,0
3.262304,0,0,0,0
2.104216,0,0,0,0
3.859442,0,0,0,0
2.879402,0,0,0,0
2.967350,0,0,0,0
2.552248,0,0,0,0
4.283441,0,0,0,0
2.661790,0,0,0,0
4.801639,0,0,0,0
3.483140,0,0,0,0
2.576465,0,0,0,0
3.178684,0,0,0,0
4.255730,0,0,0,0
3.851222,0,0,0,0
2.592452,0,0,0,0
2.599460,0,0,0,0
4.561511,0,0,0,0
2.525405,0,0,0,0
4.241324,0,0,0,0
3.291225,0,0,0,0
4.314145,0,0,0,0
2.742839,0,0,0,0
5.224424,0,0,0,0
4.002060,0,0,0,0
2.955187,0,0,0,0
4.030747,0,0,0,0
2.429720,0,0,0,0
2.211886,0,0,0,0
3.778807,0,0,0,0
3.247712,0,0,0,0
3.196910,0,0,0,0
4.452545,0,0,0,0
2.353862,0,0,0,0
2.608234,0,0,0,0
3.119127,0,0,0,0
3.212627,0,0,0,0
2.460599,0,0,0,0
2.014920,0,0,0,0
4.165717,0,0,0,0
3.184039,0,0,0,0
4.382500,0,0,0,0
3.649631,0,0,0,0
3.300185,0,0,0,0
4.050850,0,0,0,0
4.244978,0,0,0,0
3.439246,0,0,0,0
3.273689,0,0,0,0
4.060912,0,0,0,0
3.139850,0,0,0,0
4.616867,0,0,0,0
3.488001,0,0,0,0
3.972470,0,0,0,0
5.556265,0,0,0,0
4.441607,0,0,0,0
3.343346,0,0,0,0
3.326521,0,0,0,0
2.572261,0,0,0,0
3.500710,0,0,0,0
1.227664,0,0,0,0
1.964515,0,0,0,0
1.997298,0,0,0,0
3.963349,0,0,0,0
1.667512,0,0,0,0
1.789955,0,0,0,0
2.860449,0,0,0,0
2.988085,0,0,0,0
3.150956,0,0,0,0
3.087604,0,0,0,0
3.719461,0,0,0,0
3.110061,0,0,0,0
2.854912,0,0,0,0
3.680295,0,0,0,0
3.959185,0,0,0,0
3.688820,0,0,0,0
3.475516,0,0,0,0
4.620816,0,0,0,0
3.440836,0,0,0,0
4.501288,0,0,0,0
3.414572,0,0,0,0
3.697188,0,0,0,0
4.594125,0,0,0,0
4.681498,0,0,0,0
3.977718,0,0,0,0
4.525852,0,0,0,0
2.926274,0,0,0,0
5.058222,0,0,0,0
4.546129,0,0,0,0
4.325788,0,0,0,0
4.150269,0,0,0,0
4.777042,0,0,0,0
5.285224,0,0,0,0
5.525275,0,0,0,0
6.291957,0,0,0,0
5.885220,0,0,0,0
5.251325,0,0,0,0
8.691247,0,0,0,0
6.890755,0,0,0,0
8.491337,0,0,0,0
7.408955,0,0,0,0
4.399091,0,0,0,0
3.694462,0,0,0,0
7.210866,0,0,0,0
5.442775,0,0,0,0
7.675847,0,0,0,0
4.676840,0,0,0,0
7.488402,0,0,0,0
5.414746,0,0,0,0
7.372534,0,0,0,0
7.370094,0,0,0,0
8.223644,0,0,0,0
6.167952,0,0,0,0
9.036244,0,0,0,0
5.853384,0,0,0,0
6.074649,0,0,0,0
7.237904,0,0,0,0
7.645251,0,0,0,0
6.331172,0,0,0,0
8.891908,0,0,0,0
8.503900,0,0,0,0
8.289302,0,0,0,0
6.965768,0,0,0,0
7.039473,0,0,0,0
6.432407,0,0,0,0
7.372887,0,0,0,0
5.786667,0,0,0,0
8.085380,0,0,0,0
10.303065,0,0,0,0
8.507069,0,0,0,0
10.116737,0,0,0,0
11.887370,0,0,0,0
6.926533,0,0,0,0
9.019145,0,0,0,0
10.916248,0,0,0,0
12.015602,0,0,0,0
12.802618,0,0,0,0
10.422699,0,0,0,0
8.916842,0,0,0,0
8.519692,0,0,0,0
10.234164,0,0,0,0
8.006776,0,0,0,0
9.515877,0,0,0,0
10.242275,0,0,0,0
10.336428,0,0,0,0
9.023925,0,0,0,0
10.225609,0,0,0,0
6.599841,0,0,0,0
10.246205,0,0,0,0
8.664102,0,0,0,0
7.772626,0,0,0,0
9.599349,0,0,0,0
5.990825,0,0,0,0
7.909867,0,0,0,0
12.067466,0,0,0,0
8.657763,0,0,0,0
8.831254,0,0,0,0
10.928459,0,0,0,0
7.826612,0,0,0,0
9.249736,0,0,0,0
11.896274,0,0,0,0
9.246821,0,0,0,0
10.247261,0,0,0,0
10.225496,0,0,0,0
11.776428,0,0,0,0
11.788961,0,0,0,0
12.715877,0,0,0,0
9.078245,0,0,0,0
15.680762,0,0,0,0
11.619480,0,0,0,0
12.698886,0,0,0,0
9.855269,0,0,0,0
12.884608,0,0,0,0
10.364409,0,0,0,0
14.517234,0,0,0,0
11.967126,0,0,0,0
11.285582,0,0,0,0
11.087909,0,0,0,0
13.456816,0,0,0,0
15.062920,0,0,0,0
12.953471,0,0,0,0
13.719314,0,0,0,0
16.787350,0,0,0,0
11.855081,0,0,0,0
16.767162,0,0,0,0
16.334061,0,0,0,0
16.925290,0,0,0,0
14.776496,0,0,0,0
13.626383,0,0,0,0
13.174125,0,0,0,0
14.101718,0,0,0,0
13.289457,0,0,0,0
11.412372,0,0,0,0
14.289015,0,0,0,0
9.436252,0,0,0,0
15.201474,0,0,0,0
11.706359,0,0,0,0
8.949927,0,0,0,0
11.700881,0,0,0,0
10.665983,0,0,0,0
10.959429,0,0,0,0
9.860385,0,0,0,0
12.231794,0,0,0,0
8.947635,0,0,0,0
8.947349,0,0,0,0
13.220602,0,0,0,0
8.722712,0,0,0,0
9.742599,0,0,0,0
12.627144,0,0,0,0
10.674479,0,0,0,0
12.768413,0,0,0,0
11.128935,0,0,0,0
11.847117,0,0,0,0
9.916468,0,0,0,0
9.517836,0,0,0,0
8.814107,0,0,0,0
9.111174,0,0,0,0
9.280745,0,0,0,0
6.736221,0,0,0,0
10.119013,0,0,0,0
8.120797,0,0,0,0
10.753522,0,0,0,0
8.908362,0,0,0,0
10.686601,0,0,0,0
8.775305,0,0,0,0
10.781073,0,0,0,0
9.561209,0,0,0,0
8.145017,0,0,0,0
11.957929,0,0,0,0
8.078520,0,0,0,0
10.281636,0,0,0,0
9.279754,0,0,0,0
11.637330,0,0,0,0
9.294479,0,0,0,0
12.836485,0,0,0,0
10.865731,0,0,0,0
10.070336,0,0,0,0
12.809772,0,0,0,0
9.437311,0,0,0,0
10.807891,0,0,0,0
9.932916,0,0,0,0
10.843944,0,0,0,0
12.318453,0,0,0,0
8.640698,0,0,0,0
8.657339,0,0,0,0
14.446635,0,0,0,0
9.116488,0,0,0,0
10.979544,0,0,0,0
13.096487,0,0,0,0
11.913464,0,0,0,0
12.758847,0,0,0,0
9.650282,0,0,0,0
10.151808,0,0,0,0
10.532742,0,0,0,0
9.483076,0,0,0,0
10.545734,0,0,0,0
10.546723,0,0,0,0
10.373787,0,0,0,0
12.990611,0,0,0,0
10.539379,0,0,0,0
10.670771,0,0,0,0
8.462711,0,0,0,0
9.719038,0,0,0,0
7.174550,0,0,0,0
7.008514,0,0,0,0
6.208843,0,0,0,0
8.615813,0,0,0,0
9.364857,0,0,0,0
7.511366,0,0,0,0
6.327218,0,0,0,0
6.283406,0,0,0,0
7.011431,0,0,0,0
5.992298,0,0,0,0
11.497407,0,0,0,0
4.187915,0,0,0,0
9.328570,0,0,0,0
8.487047,0,0,0,0
7.183106,0,0,0,0
8.895446,0,0,0,0
6.136142,0,0,0,0
8.312138,0,0,0,0
6.892269,0,0,0,0
9.675963,0,0,0,0
7.820530,0,0,0,0
8.038906,0,0,0,0
7.191676,0,0,0,0
6.591782,0,0,0,0
7.972447,0,0,0,0
7.643637,0,0,0,0
7.119872,0,0,0,0
12.023995,0,0,0,0
9.038326,0,0,0,0
8.220480,0,0,0,0
8.761507,0,0,0,0
10.721992,0,0,0,0
11.935113,0,0,0,0
8.896312,0,0,0,0
12.122112,0,0,0,0
13.170826,0,0,0,0
11.419842,0,0,0,0
13.625755,0,0,0,0
8.860648,0,0,0,0
12.191558,0,0,0,0
13.508880,0,0,0,0
10.767986,0,0,0,0
8.583382,0,0,0,0
12.911244,0,0,0,0
11.433417,0,0,0,0
10.352560,0,0,0,0
6.659440,0,0,0,0
14.110827,0,0,0,0
8.429096,0,0,0,0
8.210564,0,0,0,0
9.463975,0,0,0,0
10.615471,0,0,0,0
6.861547,0,0,0,0
6.817077,0,0,0,0
8.864465,0,0,0,0
9.374507,0,0,0,0
8.935461,0,0,0,0
11.299856,0,0,0,0
10.249948,0,0,0,0
8.968845,0,0,0,0
7.887477,0,0,0,0
6.913252,0,0,0,0
7.084423,0,0,0,0
8.592874,0,0,0,0
8.291983,0,0,0,0
7.590654,0,0,0,0
6.823354,0,0,0,0
8.591309,0,0,0,0
7.865475,0,0,0,0
9.877028,0,0,0,0
8.582525,0,0,0,0
7.974166,0,0,0,0
9.530317,0,0,0,0
8.333775,0,0,0,0
7.957151,0,0,0,0
6.561185,0,0,0,0
7.159662,0,0,0,0
6.932226,0,0,0,0
12.326104,0,0,0,0
8.311434,0,0,0,0
8.276127,0,0,0,0
8.623325,0,0,0,0
9.473509,0,0,0,0
9.475603,0,0,0,0
9.086689,0,0,0,0
9.263891,0,0,0,0
10.213806,0,0,0,0
10.942010,0,0,0,0
10.005625,0,0,0,0
10.025693,0,0,0,0
11.321182,0,0,0,0
9.935993,0,0,0,0
13.263799,0,0,0,0
9.468730,0,0,0,0
13.183882,0,0,0,0
13.779494,0,0,0,0
14.119038,0,0,0,0
13.234106,0,0,0,0
12.534146,0,0,0,0
7.681150,0,0,0,0
8.845494,0,0,0,0
6.815347,0,0,0,0
12.129279,0,0,0,0
9.633095,0,0,0,0
9.393713,0,0,0,0
11.595603,0,0,0,0
13.293672,0,0,0,0
7.761913,0,0,0,0
11.039175,0,0,0,0
9.927649,0,0,0,0
12.616080,0,0,0,0
11.488906,0,0,0,0
9.900947,0,0,0,0
12.899589,0,0,0,0
6.766562,0,0,0,0
13.109603,0,0,0,0
10.614322,0,0,0,0
9.839440,0,0,0,0
9.858897,0,0,0,0
9.477675,0,0,0,0
9.433664,0,0,0,0
13.778435,0,0,0,0
10.976967,0,0,0,0
13.276897,0,0,0,0
9.782719,0,0,0,0
11.574754,0,0,0,0
9.210108,0,0,0,0
9.699702,0,0,0,0
14.379097,0,0,0,0
10.551600,0,0,0,0
11.483296,0,0,0,0
13.361547,0,0,0,0
12.321427,0,0,0,0
13.676936,0,0,0,0
13.065287,0,0,0,0
16.283647,0,0,0,0
8.495262,0,0,0,0
15.686843,0,0,0,0
8.968244,0,0,0,0
17.387390,0,0,0,0
11.363213,0,0,0,0
17.555964,0,0,0,0
15.507316,0,0,0,0
21.793589,0,0,0,0
14.250730,0,0,0,0
17.078166,0,0,0,0
19.459475,0,0,0,0
15.803916,0,0,0,0
25.670827,0,0,0,0
17.074491,0,0,0,0
16.413495,0,0,0,0
9.641934,0,0,0,0
17.653497,0,0,0,0
11.225000,0,0,0,0
13.862486,0,0,0,0
11.699918,0,0,0,0
9.167545,0,0,0,0
14.009065,0,0,0,0
14.709776,0,0,0,0
13.849860,0,0,0,0
14.893436,0,0,0,0
17.237659,0,0,0,0
11.077997,0,0,0,0
12.936598,0,0,0,0
14.737813,0,0,0,0
16.171978,0,0,0,0
15.699069,0,0,0,0
19.847175,0,0,0,0
16.285337,0,0,0,0
14.346257,0,0,0,0
11.822500,0,0,0,0
10.570000,0,0,0,0
18.022317,0,0,0,0
22.733496,0,0,0,0
15.393965,0,0,0,0
12.922105,0,0,0,0
13.255037,0,0,0,0
16.205319,0,0,0,0
20.759663,0,0,0,0
18.142536,0,0,0,0
17.371962,0,0,0,0
14.447138,0,0,0,0
16.349065,0,0,0,0
15.229632,0,0,0,0
12.049133,0,0,0,0
14.962327,0,0,0,0
13.911489,0,0,0,0
16.880333,0,0,0,0
13.383315,0,0,0,0
16.155308,0,0,0,0
13.919819,0,0,0,0
12.653531,0,0,0,0
15.802249,0,0,0,0
15.368048,0,0,0,0
18.372334,0,0,0,0
13.088970,0,0,0,0
15.612137,0,0,0,0
9.959503,0,0,0,0
18.743352,0,0,0,0
18.408465,0,0,0,0
17.227245,0,0,0,0
20.670296,0,0,0,0
14.925571,0,0,0,0
15.782844,0,0,0,0
15.252763,0,0,0,0
16.470891,0,0,0,0
22.470124,0,0,0,0
18.689889,0,0,0,0
14.217234,0,0,0,0
21.522153,0,0,0,0
16.348263,0,0,0,0
13.969325,0,0,0,0
13.922605,0,0,0,0
19.700730,0,0,0,0
9.832425,0,0,0,0
12.024281,0,0,0,0
29.412257,0,0,0,0
16.616416,0,0,0,0
13.705663,0,0,0,0
19.155269,0,0,0,0
14.496065,0,0,0,0
13.121202,0,0,0,0
16.616458,0,0,0,0
18.377886,0,0,0,0
16.136196,0,0,0,0
18.433501,0,0,0,0
23.152756,0,0,0,0
15.227589,0,0,0,0
17.441578,0,0,0,0
16.308251,0,0,0,0
13.694303,0,0,0,0
9.888261,0,0,0,0
15.045339,0,0,0,0
12.764551,0,0,0,0
20.029671,0,0,0,0
13.381576,0,0,0,0
21.029119,0,0,0,0
10.228426,0,0,0,0
14.988491,0,0,0,0
10.907989,0,0,0,0
11.707329,0,0,0,0
16.087503,0,0,0,0
15.413081,0,0,0,0
14.384486,0,0,0,0
15.334607,0,0,0,0
14.860226,0,0,0,0
16.379900,0,0,0,0
18.012855,0,0,0,0
16.619430,0,0,0,0
17.972474,0,0,0,0
13.795080,0,0,0,0
20.569654,0,0,0,0
14.328340,0,0,0,0
18.934350,0,0,0,0
15.905802,0,0,0,0
16.699325,0,0,0,0
14.982491,0,0,0,0
19.102246,0,0,0,0
16.200536,0,0,0,0
15.534779,0,0,0,0
16.189091,0,0,0,0
7.196662,0,0,0,0
14.545041,0,0,0,0
16.015169,0,0,0,0
18.535146,0,0,0,0
14.000034,0,0,0,0
11.539649,0,0,0,0
13.000321,0,0,0,0
17.612245,0,0,0,0
11.789019,0,0,0,0
13.632234,0,0,0,0
10.191886,0,0,0,0
14.132897,0,0,0,0
9.607123,0,0,0,0
10.212521,0,0,0,0
11.819574,0,0,0,0
15.852320,0,0,0,0
12.205604,0,0,0,0
14.710092,0,0,0,0
10.796077,0,0,0,0
12.999088,0,1087513968,1135610763,1788905418
9.918182,0,32057,1084253833,1080193908
10.609348,0,0,-1740709888,-1616007215
14.746411,0,32057,-1064979858,1080151038
12.268226,0,1528600160,0,534912407
8.676593,0,32057,0,1080173366
11.012295,0,1078519904,241,431558314
13.670816,1072693248,32057,0,1080160878
12.717021,0,1077683696,1102594800,85487029
10.102697,0,32057,32057,1080142785
