1413393216555760384.000000 -0.570489764 0.149535507 0.063356675 -0.606305361 -0.530155957 -0.440191835 0.396937996
1413393219405760512.000000 -1.162262797 -0.280533582 0.341221929 -0.630584419 -0.532300651 -0.420166671 0.377464414
1413393222005760512.000000 -1.312224030 -0.195010275 0.815017581 -0.614712000 -0.530053914 -0.444246441 0.379232466
1413393222855760384.000000 -1.327464104 -0.066714406 0.731814384 -0.624736130 -0.545208335 -0.418215066 0.370875716
1413393223305760512.000000 -1.325784206 0.112622812 0.835264206 -0.614147902 -0.549376965 -0.423965991 0.375845820
1413393224205760512.000000 -1.375185966 0.564355791 0.706707120 -0.612963378 -0.530907273 -0.447690845 0.376810819
1413393224555760384.000000 -1.435898662 0.724459291 0.591381371 -0.622149885 -0.514569283 -0.454179853 0.376654536
1413393226855760384.000000 -1.338069677 1.338557720 0.325588584 -0.774562299 -0.270822942 -0.540199876 0.186794981
1413393229555760384.000000 -0.436426640 1.957949758 0.218181044 -0.809376955 -0.086821079 -0.577090800 0.065859109
1413393232155760384.000000 1.259174705 2.427413940 0.139907286 0.809583902 -0.096568719 0.578558505 0.022770746
1413393232605760512.000000 1.468247890 2.345679998 0.081420869 0.801217854 -0.166952386 0.568365514 0.084484562
1413393232905760512.000000 1.605112553 2.248638630 0.013144616 0.798550904 -0.183073476 0.564695120 0.099598996
1413393233205760512.000000 1.747448683 2.123294115 -0.008290265 0.803056479 -0.173343718 0.558355629 0.115287587
1413393233655760384.000000 1.964429379 1.926388383 0.092429824 0.779962301 -0.213222995 0.566872776 0.157639176
1413393233805760512.000000 2.028787613 1.869696975 0.157045141 0.775001466 -0.236693859 0.557736218 0.179664314
1413393233955760384.000000 2.092111826 1.820936322 0.227491617 0.761148989 -0.255953997 0.563320398 0.194448009
1413393234105760512.000000 2.149844408 1.779948950 0.293379545 0.752443016 -0.285418808 0.559280813 0.198923245
1413393234255760384.000000 2.200777054 1.742516160 0.344838232 0.741006136 -0.311610967 0.558962584 0.203394502
1413393236955760384.000000 2.122272253 1.423691034 0.409171253 0.523406386 -0.633562565 0.389926851 0.415452987
1413393238655760384.000000 2.250728846 0.997437596 0.488908827 0.516195238 -0.633635521 0.393841833 0.420639008
1413393239105760512.000000 2.231760502 0.793567121 0.485622883 0.523373604 -0.623822153 0.375352710 0.442760020
1413393241755760384.000000 2.069318533 -0.459718108 0.407650143 0.510521770 -0.628690183 0.366869569 0.457736701
1413393244705760512.000000 1.967707634 -0.714220107 0.327044755 0.621547043 -0.508837521 0.465218902 0.371934146
1413393247605760512.000000 2.091813564 -0.259446621 0.018611522 0.672756493 -0.492248088 0.462889314 0.301370353
1413393248055760384.000000 2.100610971 -0.339573324 -0.056331143 0.653678119 -0.466333985 0.505816042 0.315258145
1413393248455760384.000000 2.027444601 -0.421579421 -0.061972238 0.658596337 -0.455227107 0.496978074 0.334711730
1413393251205760512.000000 2.031968355 -0.368988454 -0.168042123 0.632076740 -0.516956806 0.456368089 0.353500843
1413393253455760384.000000 2.023066759 -0.153827414 0.024674807 0.364007473 -0.746212184 0.249507815 0.498409271
1413393255855760384.000000 1.760833263 -0.877050042 0.424221069 0.271718800 -0.769035280 0.218245313 0.535838187
1413393256705760512.000000 1.545298815 -1.047788620 0.440556884 0.279120028 -0.773624539 0.200295970 0.532427251
1413393257055760384.000000 1.422565341 -1.167521238 0.415862262 0.287292004 -0.766982734 0.207886770 0.534774721
1413393259905760512.000000 0.665108383 -2.283479691 0.326860309 0.617648959 -0.535351634 0.441869795 0.369674921
1413393262855760384.000000 0.925366879 -2.633187771 0.351272494 0.764243603 -0.286554188 0.542418182 0.199000210
1413393265555760384.000000 1.355531454 -3.069923639 -0.054022521 0.762143195 -0.253551036 0.574194551 0.158588246
1413393267855760384.000000 1.329918027 -3.028380871 0.171618432 -0.802297175 -0.134723350 -0.575082600 0.086307473
1413393269405760512.000000 1.288375497 -3.036415339 0.153683677 -0.787964106 -0.149550736 -0.586896837 0.110902295
1413393270305760512.000000 1.202420950 -3.025827169 -0.081465200 -0.802427053 -0.180472255 -0.554580808 0.126415119
1413393271005760512.000000 1.239365458 -3.031217813 -0.130698413 -0.807247281 -0.137831599 -0.569213271 0.073148377
1413393273555760384.000000 1.156765580 -2.313540936 0.074789554 0.784189165 -0.227959663 0.553256691 0.164283127
1413393274005760512.000000 1.151273489 -2.161758423 0.152314901 0.747774720 -0.319164366 0.539676070 0.218441814
1413393274455760384.000000 1.134724259 -2.041668177 0.242168158 0.710609019 -0.400093943 0.514251411 0.265528381
1413393277405760512.000000 0.649240255 -1.809470654 0.271011651 0.547889590 -0.601093352 0.394847780 0.427316010
1413393280105760512.000000 -0.362682283 -2.046694756 0.227773786 0.463018507 -0.662029266 0.336811632 0.483620763
1413393280505760512.000000 -0.461005867 -2.108753681 0.250280142 0.451201141 -0.663181365 0.372344553 0.466869920
1413393280855760384.000000 -0.589090586 -2.107392550 0.226345897 0.453541636 -0.678281367 0.376857519 0.438420743
1413393281255760384.000000 -0.838332713 -2.083077669 0.203598216 0.480737656 -0.661719322 0.341995537 0.462663859
1413393281655760384.000000 -1.086012721 -2.089282274 0.238774583 0.477052420 -0.660121560 0.331797212 0.475994855
1413393281905760512.000000 -1.210713625 -2.108680964 0.275152981 0.460376352 -0.655785024 0.341268808 0.491462350
1413393282255760384.000000 -1.351935148 -2.118319511 0.331153303 0.449610800 -0.681000531 0.344523251 0.464103609
1413393282555760384.000000 -1.483006120 -2.125351906 0.391441584 0.460674942 -0.666992664 0.330929607 0.483099371
1413393283055760384.000000 -1.641085505 -2.139264584 0.397290230 0.496955395 -0.644471884 0.354932189 0.460124493
1413393283405760512.000000 -1.696728826 -2.154610395 0.413906753 0.562662005 -0.598116934 0.380720198 0.425111592
1413393283655760384.000000 -1.707336187 -2.188034058 0.400535226 0.600829065 -0.559457958 0.412607521 0.394672215
1413393283955760384.000000 -1.695321560 -2.239579201 0.332300782 0.640537679 -0.501764953 0.452048689 0.365507036
1413393284755760384.000000 -1.516569376 -2.340931654 0.248559356 0.746942282 -0.329946071 0.531786442 0.224535391
1413393286505760512.000000 -1.068783522 -2.748656511 0.262693644 0.810972989 -0.007598951 0.585024536 -0.003370730
1413393287255760384.000000 -0.955975950 -2.901245356 0.246473119 -0.817221642 -0.035619963 -0.575215399 0.002692156
1413393289955760384.000000 -0.292060375 -2.895608187 0.242997363 -0.766576409 -0.265895694 -0.551283538 0.194284976
1413393292755760384.000000 0.153371796 -2.901191950 0.062103376 -0.735961199 -0.328654140 -0.547316730 0.225370795
1413393294455760384.000000 -0.503731847 -2.907375813 0.213479891 -0.730440736 -0.352142990 -0.533495188 0.240488485
1413393296055760384.000000 -1.321921945 -2.711546421 0.240383297 -0.740768015 -0.349112302 -0.525094748 0.231643811
1413393297805760512.000000 -1.647711873 -2.154318810 0.066474497 -0.768988073 -0.269650578 -0.535187781 0.222530559
1413393298555760384.000000 -1.516167283 -1.986015201 0.002358712 -0.760363638 -0.304195613 -0.539747179 0.194897667
1413393298805760512.000000 -1.461805463 -1.901620507 -0.009986022 -0.761667252 -0.293105155 -0.535879254 0.216300055
1413393300655760384.000000 -1.363608479 -1.440251350 0.100609168 -0.743303537 -0.329660177 -0.513023555 0.275010735
1413393301255760384.000000 -1.372469425 -1.370921969 0.063267767 -0.682173073 -0.416331023 -0.510964930 0.316580474
1413393302555760384.000000 -1.716382504 -1.364980578 -0.062471956 -0.637223482 -0.505787969 -0.445719212 0.373442233
1413393302705760512.000000 -1.773041248 -1.357604504 -0.051530264 -0.645024776 -0.498458833 -0.442854136 0.373312265
1413393304055760384.000000 -2.086549759 -1.227955222 0.238710448 -0.648608923 -0.490046322 -0.452386886 0.366752356
1413393304205760512.000000 -2.115855932 -1.211699486 0.248842627 -0.653737307 -0.493305236 -0.445035070 0.362244934
1413393304605760512.000000 -2.167391062 -1.148537874 0.216847450 -0.643616855 -0.510757327 -0.452037126 0.347198427
1413393305505760512.000000 -2.309329987 -0.881906033 0.231563479 -0.644235253 -0.507446349 -0.455036193 0.346988767
1413393306705760512.000000 -2.727635384 -0.325391561 0.353893578 -0.704435170 -0.416273177 -0.483402401 0.311142921
1413393306905760512.000000 -2.796169519 -0.226565555 0.339415222 -0.722863317 -0.378715664 -0.488268435 0.309252560
1413393308355760384.000000 -2.780543327 0.347897947 0.436258525 -0.806450725 -0.115732126 -0.575105846 0.074139148
1413393308555760384.000000 -2.760006189 0.447517633 0.444447368 -0.814783156 -0.063461989 -0.573701143 0.054479916
1413393310855760384.000000 -2.445733309 0.960327506 0.238482267 0.810552776 -0.100556970 0.575779319 0.037024550
1413393311205760512.000000 -2.364213705 0.933057070 0.215163082 0.816429257 -0.096280172 0.565756023 0.063982107
1413393313905760512.000000 -1.525407672 0.773731768 0.131272793 0.794129789 -0.069096282 0.602387309 0.041391242
1413393314355760384.000000 -1.542823911 0.679947674 0.134065047 0.813488662 -0.076077528 0.573866546 0.055907685
1413393316755760384.000000 -1.016360402 1.056110382 0.392914921 -0.810973346 -0.080124736 -0.576820374 0.056397080
1413393317155760384.000000 -0.950925171 1.216604590 0.402454436 -0.804498792 -0.091877304 -0.583535612 0.061858598
1413393317555760384.000000 -0.911177278 1.391545892 0.374593496 -0.795193911 -0.089532040 -0.596709788 0.059900973
1413393317955760384.000000 -0.934961736 1.572777987 0.281736016 -0.800601661 -0.081900015 -0.591008008 0.055127610
1413393318355760384.000000 -0.999643564 1.759202361 0.186346889 -0.810271025 -0.055891424 -0.580053389 0.062249433
1413393318755760384.000000 -1.064815283 1.912984133 0.076436430 -0.809674978 -0.046755940 -0.581155419 0.067072913
1413393319205760512.000000 -1.152237773 2.013536692 0.025404176 -0.805294573 -0.053167284 -0.586746216 0.066353723
1413393319605760512.000000 -1.248159409 2.053974390 -0.015027475 -0.827524781 -0.051977575 -0.554057837 0.074303716
1413393320005760512.000000 -1.259464383 2.050770521 -0.121028833 -0.817819357 -0.074799106 -0.568168461 0.052547444
1413393320455760384.000000 -1.238319039 2.067998886 -0.237825066 -0.812535465 -0.069287308 -0.576479852 0.051539391
1413393320555760384.000000 -1.237324953 2.078491926 -0.234752670 -0.816320598 -0.068752185 -0.571434915 0.048538644
1413393321005760512.000000 -1.242517471 2.103650093 -0.282558292 -0.820528507 -0.074872956 -0.566080749 0.026069816
1413393321505760512.000000 -1.255038977 2.094925642 -0.307877213 -0.801931560 -0.059324201 -0.593284965 0.037409432
1413393322005760512.000000 -1.253412843 2.093770742 -0.307947576 -0.802141428 -0.057438351 -0.593022764 0.039926145
1413393322305760512.000000 -1.253137946 2.093920231 -0.308005571 -0.802279174 -0.057311289 -0.592831194 0.040183533
1413393322755760384.000000 -1.253512263 2.093976974 -0.308171153 -0.802278757 -0.057298861 -0.592820883 0.040361855
1413393323255760384.000000 -1.253872395 2.093841553 -0.307456285 -0.802251875 -0.057236787 -0.592847884 0.040587898
1413393323755760384.000000 -1.253776431 2.093832493 -0.308190852 -0.802340031 -0.056987468 -0.592739999 0.040772423
1413393324255760384.000000 -1.253724098 2.093914747 -0.308063507 -0.802419543 -0.056896344 -0.592639804 0.040790800
1413393324755760384.000000 -1.253995180 2.093863964 -0.307577044 -0.802512884 -0.056903496 -0.592505872 0.040887881
1413393325255760384.000000 -1.254499674 2.094038010 -0.307562321 -0.802588582 -0.056870624 -0.592390180 0.041125461
1413393325755760384.000000 -1.253974080 2.093692064 -0.307776481 -0.802592635 -0.056522112 -0.592417300 0.041135140
