#Stereo rect[ms], MP culling[ms], MP creation[ms], LBA[ms], KF culling[ms], Total[ms]
6.436187,0.011804,0.148869,0.006075,0.006075,6.608000
8.033596,0.068892,0.796424,0.002699,0.002699,8.903851
7.099110,0.094684,4.265377,0.145245,0.145245,18.371608
8.410845,0.225502,11.017087,0.247524,0.247524,38.838431
8.940797,0.268751,10.409027,0.376670,0.376670,45.258965
9.444751,0.207740,7.843269,0.684247,0.684247,45.869268
9.973449,0.287707,15.817805,1.177712,1.177712,64.668486
9.418114,0.217448,14.226838,1.003755,1.003755,72.110495
10.116929,0.195853,15.669894,0.973931,0.973931,64.412336
10.616793,0.129771,22.048244,46.022460,46.022460,117.697484
10.893346,0.114081,22.523188,0.883164,0.883164,78.682866
6.423116,0.115857,11.666185,0.643041,0.643041,55.562232
8.923812,0.154743,19.177345,0.750023,0.750023,67.898470
11.967252,0.231178,29.000302,1.068017,1.068017,88.664478
12.986540,0.203869,26.905751,1.290549,1.290549,95.408534
10.262177,0.087076,16.353274,1.219484,1.219484,75.281111
9.216448,0.097476,16.123271,1.302746,1.302746,78.318260
9.377613,0.095050,19.292089,1.404671,1.404671,91.641632
7.263471,0.093607,12.757340,1.367208,1.367208,79.248121
8.048422,0.087217,14.991172,1.593406,1.593406,103.359449
6.317228,0.051047,13.689803,1.330895,1.330895,86.627500
6.295269,0.082206,12.733228,2.106357,2.106357,88.746215
7.790976,0.077985,18.437858,2.493004,2.493004,110.944521
6.952227,0.045825,17.811822,2.587091,2.587091,99.247292
7.588425,0.082332,17.474166,2.845197,2.845197,98.130026
7.636984,0.083937,16.975170,2.978604,2.978604,95.924034
6.832330,0.088491,22.879903,2.378463,2.378463,125.442651
10.048037,0.130141,24.339585,2.213712,2.213712,107.581520
6.453724,0.084041,17.160052,2.425327,2.425327,98.147607
6.374694,0.079677,16.277961,2.341602,2.341602,116.375290
6.567214,0.089443,17.768858,2.165706,2.165706,259.672766
5.859926,0.122833,15.489563,2.389165,2.389165,96.760261
5.971892,0.075817,14.736616,1.938300,1.938300,85.590900
7.090131,0.106289,15.102163,2.302733,2.302733,91.676903
6.978243,0.064545,13.047666,2.194635,2.194635,93.095867
9.353611,0.067703,18.198577,2.018629,2.018629,122.215441
7.444449,0.102038,17.782005,2.634442,2.634442,102.418775
7.673942,0.080022,18.501408,2.299111,2.299111,97.116550
9.737759,0.200450,37.581184,2.093004,2.093004,123.659138
14.388131,0.243631,35.629981,2.317087,2.317087,127.783867
12.652022,0.135090,23.632531,1.855252,1.855252,119.111612
15.908953,0.251798,43.904997,3.633802,3.633802,149.757532
7.550230,0.096195,19.198821,2.071239,2.071239,123.622624
9.106673,0.144684,20.277724,3.454793,3.454793,127.012236
9.423492,0.106288,20.515692,2.046247,2.046247,121.425643
8.287405,0.077422,15.916237,3.803302,3.803302,110.179241
11.158988,0.113148,32.857109,2.338184,2.338184,136.735781
6.425362,0.042710,14.161719,2.559990,2.559990,132.900182
7.289514,0.045736,19.457681,3.177245,3.177245,104.749802
5.615982,0.068630,12.989868,1.970003,1.970003,88.655691
6.672778,0.035335,11.575541,1.835898,1.835898,99.582204
5.915044,0.043454,13.431980,3.123384,3.123384,92.267368
4.771958,0.011811,0.131520,0.001757,0.001757,4.918041
8.105545,0.071268,0.693019,0.003203,0.003203,8.874812
7.854107,0.108971,0.888021,0.299761,0.299761,15.927916
8.580172,0.085168,1.218922,0.392968,0.392968,16.028510
6.227347,0.022085,0.759516,0.312042,0.312042,12.577351
6.294737,0.018014,0.843161,0.343118,0.343118,11.037860
8.140820,0.028673,2.115013,0.579895,0.579895,19.171234
6.415460,0.012261,0.980316,0.322772,0.322772,12.333633
8.352353,0.023920,2.534947,0.724708,0.724708,21.483096
9.190872,0.017227,3.346733,52.460092,52.460092,77.984609
9.352399,0.017423,3.686810,1.050603,1.050603,41.767738
8.916532,0.003186,1.807227,0.696524,0.696524,23.983855
10.288969,0.006310,3.451373,1.482275,1.482275,40.235924
9.617696,0.005597,3.804621,1.209550,1.209550,50.244850
6.523888,0.012830,0.125435,0.001957,0.001957,6.665306
6.935809,0.076545,0.770707,0.002657,0.002657,7.787865
7.241270,0.080879,0.922228,0.291744,0.291744,14.674450
8.622824,0.177396,2.625032,0.511167,0.511167,25.599077
8.828163,0.090392,6.172536,0.551237,0.551237,28.290745
9.565987,0.242709,7.282535,0.660673,0.660673,34.223861
9.667744,0.227507,15.483431,0.804542,0.804542,62.627042
6.593613,0.189021,8.873052,0.859107,0.859107,37.549616
6.786486,0.157359,9.415663,1.177373,1.177373,56.371735
9.830305,0.282874,27.569547,73.258522,73.258522,150.318312
5.729232,0.110051,10.662657,1.242536,1.242536,53.756644
8.588123,0.222900,17.316357,1.657145,1.657145,84.378846
6.469752,0.165231,12.570703,0.992638,0.992638,64.570949
5.969414,0.125614,11.235159,1.011811,1.011811,68.049707
5.804831,0.151053,11.398042,1.293220,1.293220,64.503768
8.791533,0.177059,20.113569,1.348643,1.348643,84.589227
6.757424,0.128008,13.444314,1.671052,1.671052,84.044109
6.416467,0.139078,13.227389,1.317308,1.317308,80.614148
6.516766,0.131750,13.308806,1.568536,1.568536,84.725082
12.628505,0.320625,28.847075,1.517732,1.517732,122.814128
6.821816,0.161739,15.065080,1.965788,1.965788,97.104033
7.373478,0.182561,15.884974,2.368343,2.368343,126.787613
7.657719,0.183475,17.934215,2.331442,2.331442,117.701492
10.112789,0.169866,15.523956,2.699798,2.699798,124.213140
5.409942,0.148019,13.507820,3.549546,3.549546,97.151537
5.311628,0.137871,12.465350,2.434488,2.434488,102.809908
5.797372,0.116766,13.344374,2.762145,2.762145,96.026924
8.425906,0.174760,18.485507,2.372778,2.372778,307.743649
5.714477,0.152862,12.061895,2.840238,2.840238,104.445487
10.261307,0.196351,18.421322,2.559132,2.559132,125.106757
6.404041,0.167655,12.490259,2.606499,2.606499,102.445893
5.392433,0.114536,11.067386,2.725620,2.725620,89.075289
11.809254,0.315477,26.902672,2.293393,2.293393,123.425772
11.641324,0.271191,28.375043,1.694915,1.694915,125.290310
7.415723,0.142354,13.641692,2.251765,2.251765,120.695615
8.800789,0.171886,19.894944,1.414468,1.414468,120.575781
6.235174,0.125627,16.544270,2.805850,2.805850,115.060080
6.376095,0.148817,13.775918,2.015054,2.015054,118.580778
6.253925,0.109382,13.342116,1.810183,1.810183,105.152207
7.381133,0.132944,14.573557,1.950310,1.950310,124.796896
8.250512,0.161680,19.164305,1.815913,1.815913,126.358185
6.931090,0.146923,14.721734,2.607585,2.607585,125.509436
7.411531,0.157480,16.990885,2.270072,2.270072,124.084564
7.892787,0.169293,17.137398,1.787104,1.787104,133.247143
7.109385,0.143694,15.087112,2.343629,2.343629,129.505990
8.510902,0.170252,19.022240,3.128995,3.128995,137.848447
6.889193,0.120110,16.501524,1.571621,1.571621,119.840078
8.341027,0.132482,17.996637,2.169198,2.169198,169.868486
6.208923,0.109163,15.354520,2.616023,2.616023,123.799913
6.355146,0.105251,14.315091,2.172975,2.172975,152.783793
6.131181,0.094565,14.210818,4.312140,4.312140,145.028585
7.355099,0.135596,17.908563,3.098111,3.098111,133.238866
13.091198,0.237621,31.723215,3.622428,3.622428,161.802746
5.933385,0.096316,14.477596,1.557170,1.557170,128.593749
8.945559,0.136699,19.606035,2.898760,2.898760,132.849121
8.916330,0.239651,24.184715,2.740590,2.740590,144.179453
6.530674,0.092428,14.615792,3.137332,3.137332,149.519996
6.265157,0.118644,14.625536,2.821059,2.821059,141.565129
6.461603,0.133807,15.781239,1.533972,1.533972,126.706161
8.320651,0.143950,19.784723,2.976435,2.976435,132.248643
6.627944,0.143918,16.305626,4.045819,4.045819,132.710092
6.528110,0.130855,21.568310,3.956725,3.956725,164.897958
7.944647,0.201639,17.144178,1.755364,1.755364,129.959809
7.176740,0.138224,18.664294,1.882335,1.882335,131.188504
7.376807,0.133161,16.549321,2.633843,2.633843,130.840282
6.826154,0.129117,15.688084,2.600817,2.600817,136.793703
7.389687,0.135378,17.411238,3.871716,3.871716,141.910494
7.327312,0.149290,18.697538,4.452035,4.452035,153.763740
6.702037,0.133296,17.628101,3.125242,3.125242,129.383551
7.969990,0.172199,21.285965,5.855033,5.855033,149.521404
6.602878,0.139352,15.482369,3.337013,3.337013,127.714230
7.576621,0.189502,20.787700,3.867621,3.867621,134.462978
7.529075,0.171481,18.694969,4.034415,4.034415,141.841002
6.711826,0.162092,16.265427,6.413234,6.413234,149.529463
6.798014,0.162527,20.470201,2.019292,2.019292,129.316236
6.589297,0.186390,18.948222,5.703893,5.703893,140.754574
6.635423,0.186286,15.709269,4.390365,4.390365,149.554544
6.374267,0.161868,17.000257,4.907222,4.907222,133.309869
6.230754,0.182990,17.302270,2.730205,2.730205,128.301819
5.787775,0.181185,19.117979,3.501492,3.501492,150.756232
6.380017,0.229846,20.260344,3.736567,3.736567,159.712284
7.163762,0.202992,20.965263,4.061602,4.061602,156.453145
7.430791,0.244402,21.932347,5.457505,5.457505,165.830190
8.655866,0.286063,28.179673,5.568271,5.568271,153.643582
7.405310,0.164762,22.179086,4.339275,4.339275,153.675197
6.702662,0.184322,24.433249,6.227351,6.227351,157.743553
7.358571,0.216747,23.331814,3.909662,3.909662,163.122273
7.640878,0.204464,22.459307,8.928109,8.928109,157.485252
7.003786,0.217204,21.519111,4.911863,4.911863,136.495382
7.173049,0.171064,21.848614,3.665637,3.665637,132.048823
7.437921,0.215166,30.106321,6.941227,6.941227,536.243568
6.571497,0.198881,19.326056,3.944884,3.944884,135.756088
13.206388,0.289478,27.985302,5.997962,5.997962,166.289262
10.784975,0.203378,28.620184,6.090193,6.090193,151.445071
16.275958,0.251969,28.472861,4.414824,4.414824,166.747931
8.046365,0.187787,18.619407,5.812642,5.812642,134.120531
8.006081,0.203101,19.170093,4.445040,4.445040,133.171331
13.610981,0.339859,29.229887,5.272201,5.272201,156.929583
10.908831,0.291980,24.499116,6.507621,6.507621,171.427922
8.016014,0.229809,18.944334,7.990413,7.990413,157.309899
6.812786,0.172972,17.895834,6.118227,6.118227,154.761045
7.620059,0.174467,18.842547,5.981119,5.981119,153.317473
7.649453,0.177771,19.708347,8.508529,8.508529,155.945185
7.315159,0.144779,17.752951,6.363620,6.363620,148.200021
7.694221,0.170876,21.075568,5.176271,5.176271,161.931536
10.770950,0.288892,19.560985,10.446095,10.446095,151.431521
6.668763,0.125556,18.668534,6.622221,6.622221,141.452379
7.280906,0.159025,20.966754,8.511077,8.511077,147.376947
7.674560,0.202602,21.769285,6.970106,6.970106,154.508748
6.416010,0.201513,18.136782,8.061859,8.061859,142.241517
7.391830,0.195509,22.480178,6.961516,6.961516,151.926231
6.415676,0.168701,18.157585,10.562416,10.562416,143.448684
5.740426,0.176093,17.907115,8.193039,8.193039,158.011457
6.425060,0.162998,15.787188,11.496643,11.496643,150.418387
7.054943,0.212708,20.055841,7.675144,7.675144,162.420893
5.562063,0.153386,16.650719,10.734209,10.734209,142.017500
6.473998,0.204733,22.093343,10.296809,10.296809,160.528213
6.370990,0.220163,21.449507,7.128682,7.128682,146.750495
5.210756,0.177447,19.232115,12.194712,12.194712,146.869987
5.638310,0.192535,19.884348,11.390887,11.390887,146.936961
6.001379,0.195683,18.699849,6.700859,6.700859,154.411965
5.967833,0.246658,19.243054,9.320912,9.320912,148.546607
5.774830,0.220948,24.076162,6.845734,6.845734,163.921537
6.282559,0.164986,17.334580,9.754774,9.754774,148.393392
6.203805,0.160236,15.852437,5.218003,5.218003,134.673875
6.330926,0.189824,16.433307,7.068507,7.068507,138.301545
6.040761,0.238446,16.509085,6.113415,6.113415,146.638186
5.724493,0.230784,18.214378,6.899409,6.899409,139.194186
4.866550,0.231374,13.960462,7.956835,7.956835,146.657439
5.137941,0.211116,14.260863,4.422013,4.422013,130.548651
5.891331,0.196860,14.316916,5.096868,5.096868,136.659239
5.726073,0.210400,15.319600,5.667610,5.667610,135.904543
5.846725,0.220280,16.250062,6.367282,6.367282,146.518942
4.986622,0.211561,14.876021,4.996535,4.996535,133.512640
6.030949,0.252836,16.360610,6.986022,6.986022,155.340784
4.950692,0.143871,16.603733,4.879191,4.879191,132.370034
6.339461,0.180945,16.199738,7.123459,7.123459,156.619188
5.922124,0.128726,14.658223,6.080234,6.080234,137.388565
5.946421,0.143281,15.173577,4.300547,4.300547,142.613347
6.286707,0.153165,17.964810,5.682028,5.682028,139.272928
6.073302,0.164327,14.938314,4.535310,4.535310,157.986038
6.138278,0.197956,15.674086,7.459945,7.459945,146.846152
5.388988,0.164527,13.395001,5.719653,5.719653,133.389998
6.212015,0.184012,15.068197,3.125286,3.125286,133.512575
7.010484,0.220561,20.312906,5.708877,5.708877,148.816642
6.022479,0.198432,16.199401,6.644353,6.644353,140.229882
5.837107,0.175182,15.352283,5.971511,5.971511,143.104733
6.158749,0.190124,17.468294,4.108914,4.108914,133.540199
6.146873,0.215159,15.879823,4.476872,4.476872,135.710196
6.228700,0.210195,17.030751,4.490435,4.490435,144.910105
10.338435,0.294704,29.965561,2.690761,2.690761,162.985158
6.487799,0.138740,16.657810,4.824665,4.824665,151.121907
5.746233,0.153929,16.993187,4.733735,4.733735,141.215555
6.623297,0.143216,18.677870,4.491989,4.491989,140.021019
6.738403,0.176984,18.138778,5.739168,5.739168,143.927521
5.848184,0.149144,16.218883,4.293423,4.293423,155.839869
5.952391,0.148152,18.783826,4.584318,4.584318,141.679371
6.316136,0.149726,18.331036,4.714197,4.714197,153.512173
6.265613,0.136519,16.199291,3.654141,3.654141,138.985364
6.630907,0.161078,18.769855,3.388829,3.388829,135.191181
6.534812,0.153151,17.138159,3.540015,3.540015,132.681652
6.245231,0.138466,15.625330,5.996906,5.996906,132.588065
6.552662,0.146282,15.870745,4.765142,4.765142,132.972145
5.471706,0.150682,15.598733,3.428701,3.428701,131.892825
7.492870,0.290750,19.567868,4.702700,4.702700,151.287131
6.192519,0.182122,16.913947,4.448895,4.448895,131.275360
6.718649,0.176999,17.101652,4.451905,4.451905,129.378715
5.653159,0.176539,15.532909,5.755931,5.755931,137.198587
5.863424,0.189441,17.227559,5.176283,5.176283,133.958712
5.906138,0.178395,15.283049,5.641959,5.641959,127.225648
9.930922,0.278139,24.174575,5.782651,5.782651,155.223115
5.691669,0.191516,19.788968,5.362573,5.362573,140.959123
6.116916,0.217541,21.217808,5.466456,5.466456,131.793788
6.395076,0.174032,21.140707,7.788204,7.788204,146.783279
6.272522,0.171903,18.177260,4.078325,4.078325,131.671505
5.832486,0.233549,24.809975,6.304889,6.304889,152.036437
8.866275,0.392863,30.195328,5.723946,5.723946,145.352260
11.266763,0.533332,35.380139,7.306372,7.306372,157.959124
7.172379,0.365667,27.486000,7.004845,7.004845,148.841456
8.254869,0.317310,23.181689,7.023944,7.023944,141.548546
8.102639,0.276562,29.380070,7.241110,7.241110,148.735847
12.303447,0.493403,39.684225,4.400726,4.400726,178.244067
12.178887,0.368769,42.833168,6.768294,6.768294,181.704023
12.147004,0.380616,45.207047,5.851448,5.851448,175.405527
6.548658,0.205246,21.222247,5.078599,5.078599,133.421870
7.002717,0.176257,23.014214,7.655916,7.655916,143.610615
8.479638,0.251915,25.017361,6.245507,6.245507,157.970462
6.659738,0.318828,26.779223,6.722790,6.722790,141.678172
11.624385,0.449640,39.902519,3.833560,3.833560,180.077557
6.535249,0.302898,19.188015,7.211458,7.211458,141.923133
10.393801,0.462105,29.105150,4.073693,4.073693,166.640213
5.556743,0.271030,17.713799,6.760423,6.760423,147.589118
5.384814,0.297166,18.256406,4.688919,4.688919,151.154791
5.994908,0.281571,18.583158,7.888945,7.888945,148.634583
5.353258,0.274610,17.900979,5.715320,5.715320,153.361704
5.604999,0.273893,18.158672,6.017450,6.017450,137.611554
5.981124,0.223495,18.051897,7.553063,7.553063,157.031883
6.202508,0.234972,18.977526,4.387364,4.387364,150.690705
5.416321,0.192653,18.410152,7.069295,7.069295,150.099176
5.589677,0.213885,19.586920,4.157404,4.157404,147.010018
5.619533,0.210121,19.322551,5.264832,5.264832,141.849299
5.682709,0.178507,22.775996,5.544538,5.544538,144.565777
5.497404,0.212777,17.504352,3.515019,3.515019,137.460705
5.423126,0.246018,18.131782,5.892526,5.892526,150.668792
4.292763,0.202881,14.310118,8.508150,8.508150,142.368030
3.788630,0.201259,13.719219,4.270125,4.270125,136.739018
4.472612,0.197905,12.485669,5.371807,5.371807,128.583410
5.455488,0.231269,17.035869,5.523056,5.523056,136.000424
5.006465,0.206572,15.198868,4.459548,4.459548,132.509196
9.492276,0.470747,17.832958,4.343417,4.343417,159.185993
8.690530,0.316303,24.633041,4.036497,4.036497,159.983059
10.366567,0.435098,30.586483,3.180456,3.180456,170.911508
10.345271,0.430861,33.758970,2.650384,2.650384,170.050093
7.296212,0.233572,17.189867,4.867795,4.867795,157.291672
5.328666,0.169233,17.302777,3.531189,3.531189,154.133982
5.652143,0.223196,16.196997,6.287153,6.287153,152.218221
6.559274,0.223028,16.375084,4.967341,4.967341,141.522662
5.279414,0.135325,15.269682,5.966136,5.966136,142.813628
6.323230,0.150392,16.976614,6.878506,6.878506,144.917949
4.711427,0.169923,17.130098,9.222875,9.222875,148.298808
5.230408,0.151231,20.345791,5.753698,5.753698,152.536513
6.623025,0.213871,22.821606,4.474763,4.474763,161.805774
5.494383,0.141992,16.929261,6.041631,6.041631,142.026012
5.328670,0.136128,18.912986,5.961232,5.961232,136.863270
5.242964,0.141940,16.601998,5.146956,5.146956,158.768521
5.541885,0.128482,15.588352,7.257540,7.257540,155.684636
5.354067,0.091698,16.473668,3.991701,3.991701,144.959070
5.343855,0.108924,18.189803,6.590469,6.590469,137.917118
4.698344,0.114865,16.082628,4.322818,4.322818,128.430413
6.565799,0.126752,22.479347,5.776811,5.776811,140.718661
5.462753,0.103741,18.133150,4.403914,4.403914,131.803261
6.006753,0.121670,19.439201,5.289608,5.289608,149.577681
5.001892,0.110051,18.623324,5.564757,5.564757,162.216581
5.441054,0.127987,18.413588,6.446497,6.446497,137.877072
4.923982,0.106623,16.072226,4.625986,4.625986,130.620775
6.604690,0.120644,21.482212,4.897244,4.897244,132.989224
6.096494,0.105904,18.092449,5.229875,5.229875,135.017071
5.441755,0.089407,15.163542,6.709444,6.709444,147.048697
5.161953,0.090796,16.490377,6.947316,6.947316,137.525892
5.212820,0.073298,16.965285,3.453530,3.453530,131.334377
3.871797,0.069817,12.380953,4.708193,4.708193,114.667736
3.601674,0.068354,12.213589,5.193128,5.193128,109.914609
3.472901,0.073846,12.227629,6.045779,6.045779,110.370746
4.049568,0.118816,15.088087,3.942161,3.942161,111.611614
4.320338,0.126162,17.673640,7.055861,7.055861,127.337139
2.933104,0.097537,11.318803,5.589966,5.589966,112.059227
5.827308,0.162150,21.531299,6.278453,6.278453,138.688843
4.747132,0.112570,14.811509,3.700335,3.700335,132.267792
3.086192,0.068656,10.425148,7.162816,7.162816,103.158780
3.846029,0.088024,13.659628,5.528320,5.528320,113.348480
3.261126,0.066174,9.647083,8.195546,8.195546,96.824382
6.896893,0.122427,18.149284,5.364882,5.364882,125.899267
4.534949,0.069688,12.969891,7.879082,7.879082,120.523046
5.995953,0.086018,13.162445,4.994886,4.994886,120.407829
5.972579,0.062433,15.601925,4.199070,4.199070,110.605378
3.806331,0.048649,10.369366,5.484187,5.484187,91.289019
3.731772,0.057346,9.572220,4.597279,4.597279,88.922968
3.651760,0.046655,8.911348,5.648894,5.648894,87.809523
3.509920,0.056359,9.727772,6.953550,6.953550,98.222774
3.443707,0.065372,7.828112,5.927693,5.927693,88.723278
7.069889,0.111628,19.077257,5.309667,5.309667,121.731685
4.519643,0.036307,8.976704,7.815134,7.815134,99.332532
3.779336,0.033782,7.538947,5.618580,5.618580,85.115388
3.082015,0.026482,7.015359,4.470658,4.470658,81.613212
5.983082,0.028824,8.230434,5.392856,5.392856,89.778570
5.601471,0.066538,13.926529,5.575950,5.575950,65.528109
3.632670,0.042530,11.594209,5.236456,5.236456,90.897909
7.059566,0.099235,18.561756,5.513798,5.513798,110.046219
6.667960,0.086487,15.248772,7.032075,7.032075,119.228982
4.993928,0.098152,11.224819,4.883176,4.883176,86.145646
3.189198,0.079321,8.061107,4.851101,4.851101,79.293351
4.043656,0.069388,10.507973,4.877179,4.877179,88.279707
8.717922,0.111301,17.268337,4.999327,4.999327,126.331109
3.956493,0.066664,9.721042,5.584921,5.584921,82.638175
4.136844,0.054373,9.441651,5.230433,5.230433,82.758974
4.068992,0.054649,8.668055,5.699419,5.699419,80.105847
3.508051,0.043025,8.432597,6.305652,6.305652,79.660373
5.395409,0.036628,8.174562,5.180093,5.180093,85.016844
8.653144,0.123614,11.758295,5.056292,5.056292,88.652457
9.233262,0.086098,16.015132,7.336020,7.336020,100.857811
9.208226,0.112927,20.643139,6.005116,6.005116,126.730440
6.648722,0.097856,14.365662,6.264535,6.264535,93.323021
4.557966,0.073213,10.100757,5.879986,5.879986,76.021939
5.081088,0.091395,11.190282,5.628280,5.628280,83.745574
4.939621,0.058395,11.252360,5.804287,5.804287,81.153201
5.056639,0.076697,11.174078,5.779847,5.779847,85.600014
8.888428,0.112184,15.638371,5.653155,5.653155,104.056349
4.945632,0.079641,13.835233,5.963569,5.963569,86.172905
4.384227,0.067518,9.905645,4.354438,4.354438,73.908327
5.904981,0.069230,13.160507,5.879860,5.879860,82.332196
7.422847,0.108017,14.292257,6.056247,6.056247,85.475995
4.333494,0.044912,9.693951,5.689050,5.689050,74.536948
4.838801,0.055452,10.597407,5.662714,5.662714,79.201106
4.702897,0.056460,10.950824,5.831106,5.831106,77.684290
5.133340,0.053476,11.897702,4.569684,4.569684,77.845511
5.151550,0.051541,11.529236,7.202224,7.202224,85.231872
8.887915,0.089782,22.459832,7.923287,7.923287,111.193687
4.217708,0.056651,11.031421,5.021121,5.021121,84.570787
4.311138,0.065868,9.816604,5.928442,5.928442,77.717717
5.043137,0.067449,11.573401,6.090269,6.090269,76.999940
3.875421,0.046126,9.711308,5.040008,5.040008,73.234796
5.124981,0.042544,12.880780,5.430235,5.430235,80.584450
4.367865,0.047079,10.432615,6.115413,6.115413,77.493685
4.876547,0.047580,10.246261,6.510291,6.510291,80.294644
5.352770,0.051151,11.566708,6.277493,6.277493,81.989382
4.383579,0.056795,10.709723,4.348632,4.348632,71.201634
5.525972,0.057873,16.569100,8.751660,8.751660,91.956430
4.667113,0.059222,11.302615,6.565561,6.565561,77.088516
4.682755,0.068142,10.461833,5.349461,5.349461,74.768802
9.714741,0.183943,19.218022,7.094794,7.094794,99.981739
4.809454,0.084884,12.534655,6.024481,6.024481,79.056014
6.288756,0.078104,12.347836,7.372434,7.372434,86.373568
4.764783,0.078721,14.135763,7.068353,7.068353,82.318515
5.240086,0.070100,14.639339,10.660807,10.660807,90.497001
4.717590,0.069297,12.486048,7.312622,7.312622,83.776812
5.190398,0.065224,13.435952,5.933634,5.933634,86.539411
6.101334,0.073999,13.599775,7.733999,7.733999,88.507431
5.583355,0.081434,13.812282,6.311982,6.311982,84.133034
11.743252,0.097808,17.847345,7.067780,7.067780,108.080504
13.040366,0.256414,34.877555,6.035052,6.035052,127.935217
6.318639,0.109673,16.998580,7.001818,7.001818,110.466436
7.812942,0.180871,21.546826,7.787695,7.787695,100.827688
5.756130,0.121268,19.035607,8.509082,8.509082,98.057031
9.238406,0.152923,23.484240,7.259344,7.259344,109.807481
5.219745,0.117912,15.615032,6.867860,6.867860,96.721122
13.212412,0.238835,38.355669,8.132322,8.132322,149.094585
6.990842,0.112481,16.204326,7.369014,7.369014,107.032399
6.540164,0.124372,17.848041,6.348749,6.348749,100.819517
5.989508,0.123104,15.455279,7.036422,7.036422,100.617328
9.206281,0.250173,25.725743,4.868212,4.868212,115.963219
12.829103,0.356306,32.844507,9.089218,9.089218,131.935605
6.172481,0.211919,18.904057,5.962452,5.962452,124.905806
9.495835,0.212872,21.924612,6.838541,6.838541,128.383120
6.840832,0.177997,24.128735,6.963795,6.963795,122.669686
6.716145,0.154696,18.626349,9.079495,9.079495,131.150116
8.205060,0.173806,15.753713,5.626807,5.626807,107.171546
7.058162,0.161575,18.964819,6.396074,6.396074,122.580812
8.661492,0.166390,23.862765,6.071934,6.071934,128.203600
8.543684,0.134454,18.828352,7.090034,7.090034,126.229858
7.240149,0.151290,15.336458,7.182108,7.182108,132.529916
12.417072,0.263256,27.338907,8.310849,8.310849,132.502269
5.697110,0.098343,14.947754,5.943129,5.943129,107.258102
11.961988,0.301654,26.282442,10.059394,10.059394,143.095213
8.776249,0.128013,19.045885,5.496175,5.496175,119.197792
11.063230,0.185708,26.199538,8.913866,8.913866,140.774396
9.234263,0.180904,32.801991,9.470045,9.470045,149.632640
12.770812,0.128046,27.347235,8.083985,8.083985,154.983091
11.552157,0.201153,30.189404,8.080126,8.080126,158.004230
7.517639,0.114918,19.948456,9.189795,9.189795,137.666752
6.788458,0.113898,17.010168,5.919947,5.919947,134.187075
8.145973,0.120294,22.195218,11.053733,11.053733,138.538565
7.531934,0.124758,20.182339,10.299743,10.299743,142.454437
7.392609,0.147118,20.767371,7.511005,7.511005,132.181779
7.875449,0.179803,19.479481,13.662589,13.662589,152.224974
6.589274,0.208797,18.481739,14.057121,14.057121,145.635646
6.399304,0.162083,17.788122,7.130558,7.130558,130.352174
6.111501,0.190065,18.179355,7.993984,7.993984,129.601761
5.811837,0.204021,15.097222,10.551224,10.551224,149.395796
5.881495,0.223834,16.091364,9.538932,9.538932,136.579711
6.031108,0.205965,17.762979,6.688853,6.688853,129.104799
6.318986,0.237664,19.704997,9.858197,9.858197,141.086333
6.385090,0.236439,19.158881,6.941287,6.941287,136.741299
6.709056,0.211787,19.226534,13.144375,13.144375,141.661647
6.440235,0.211561,18.904840,12.004182,12.004182,142.165787
5.868394,0.260563,23.331279,11.383053,11.383053,152.244654
6.510238,0.175754,26.347585,13.219530,13.219530,149.324117
5.795739,0.236214,21.010596,12.076624,12.076624,149.276101
5.405692,0.191736,26.171061,11.593018,11.593018,157.991508
6.568148,0.226301,29.559157,12.011279,12.011279,155.673828
6.834799,0.197050,30.674778,9.087527,9.087527,162.624400
7.277002,0.281963,34.010562,10.138984,10.138984,164.661750
9.717784,0.295357,34.048667,11.255431,11.255431,169.740723
8.375831,0.204062,34.568954,8.483956,8.483956,161.160009
8.346517,0.104028,28.871691,9.177358,9.177358,156.501294
8.206387,0.169656,26.118448,10.922864,10.922864,147.812249
6.716654,0.141656,26.587314,11.741651,11.741651,148.208312
7.044182,0.144945,31.733613,9.674392,9.674392,162.537244
9.341424,0.252736,27.707505,10.632934,10.632934,192.344814
6.693464,0.190286,29.371102,8.630020,8.630020,149.720533
5.889488,0.119300,20.768299,8.139497,8.139497,140.624888
7.195810,0.181191,23.596471,10.275074,10.275074,140.502226
7.493898,0.188801,30.745641,10.250974,10.250974,168.936489
7.090404,0.149462,24.980250,8.699813,8.699813,150.014614
8.847620,0.243012,27.409166,10.154307,10.154307,156.943328
6.758453,0.148905,24.012087,11.935026,11.935026,147.965612
6.923936,0.187702,24.051080,12.013741,12.013741,145.522639
7.012285,0.141539,22.412973,10.137585,10.137585,142.202077
6.692364,0.137149,22.782675,12.056066,12.056066,159.106711
7.257485,0.169596,24.466748,11.521872,11.521872,154.542079
6.978644,0.148516,26.138885,10.016401,10.016401,158.171011
6.779375,0.179352,26.222625,10.993871,10.993871,150.640930
6.814362,0.175782,26.157243,11.272440,11.272440,149.436227
7.414518,0.153746,23.745956,11.617048,11.617048,153.021331
6.855136,0.175429,24.277657,9.507919,9.507919,160.812631
6.766338,0.170582,21.935067,9.244271,9.244271,152.803967
8.213380,0.218498,23.209813,9.579885,9.579885,160.412698
7.109184,0.169061,24.247320,10.543060,10.543060,159.253902
6.147924,0.156243,24.034408,10.264260,10.264260,156.021349
6.675366,0.102722,23.152786,12.600831,12.600831,151.358942
6.781274,0.128107,22.233277,10.350439,10.350439,156.633895
6.543781,0.118980,23.066956,11.895604,11.895604,159.019333
9.111700,0.202729,27.602866,8.399162,8.399162,168.232345
7.236800,0.192165,24.833230,8.838491,8.838491,160.548080
7.216204,0.167140,22.326839,12.251449,12.251449,158.814623
6.920370,0.171508,22.864006,11.245082,11.245082,159.349069
8.119625,0.217979,28.304490,9.526068,9.526068,182.878156
7.104373,0.235676,21.565336,9.596037,9.596037,171.151097
7.793804,0.212025,24.429741,10.199234,10.199234,174.308230
8.293939,0.199325,28.051590,13.266087,13.266087,193.330733
7.607013,0.171467,24.004478,13.279418,13.279418,164.590121
6.178057,0.159727,22.971183,8.462480,8.462480,162.145014
6.465885,0.126687,21.722882,12.585548,12.585548,174.068857
7.438463,0.243442,28.665325,9.586049,9.586049,164.025654
6.320850,0.139156,22.994304,11.280837,11.280837,160.174333
6.676591,0.183650,22.500685,8.347621,8.347621,159.737309
6.704362,0.168572,24.596379,8.783654,8.783654,165.786645
7.118909,0.219096,25.990734,10.237209,10.237209,161.791330
7.483838,0.204505,28.079034,9.451753,9.451753,184.677595
7.735299,0.212639,27.915027,10.079682,10.079682,169.177030
7.228127,0.147405,27.454241,7.946392,7.946392,165.646648
10.038492,0.246058,31.030407,10.208887,10.208887,190.555325
8.336200,0.189043,28.740761,6.998640,6.998640,171.109037
9.840654,0.233947,32.610795,11.643962,11.643962,193.778971
7.020002,0.180729,27.538661,9.942455,9.942455,164.392772
6.718032,0.125796,24.698215,9.727748,9.727748,161.046566
6.911724,0.166818,24.910321,9.401628,9.401628,166.231916
7.854431,0.245713,31.256943,9.281016,9.281016,176.415586
8.852711,0.275336,28.038807,11.625054,11.625054,174.993186
9.018419,0.210583,27.782247,8.713331,8.713331,167.481157
10.593547,0.263248,28.234030,10.337865,10.337865,174.717953
14.655825,0.338740,39.412939,12.748878,12.748878,213.239106
9.613840,0.313404,30.540758,14.366040,14.366040,210.726214
15.907149,0.373999,48.165855,9.303996,9.303996,203.087116
8.956503,0.238000,40.914398,10.404766,10.404766,190.973906
11.577728,0.185287,31.839138,9.046325,9.046325,195.117012
17.112851,0.371212,32.280120,10.417501,10.417501,179.711680
15.757870,0.266519,33.012519,11.222159,11.222159,196.545810
7.860794,0.175215,23.697274,7.782456,7.782456,164.688949
8.717605,0.188638,32.466393,10.074771,10.074771,180.965075
8.222362,0.146457,22.418379,7.757590,7.757590,160.567756
17.832153,0.298827,40.891748,10.868141,10.868141,200.330024
8.887865,0.145617,26.745136,10.752297,10.752297,177.438675
10.447346,0.177500,28.047297,8.723248,8.723248,175.934947
9.491021,0.168997,28.697205,8.448784,8.448784,174.354867
11.857834,0.202001,31.326173,12.245167,12.245167,201.700566
13.441137,0.154932,39.682570,10.727905,10.727905,212.727815
9.306249,0.171497,27.757778,11.583984,11.583984,188.413489
10.596957,0.235875,26.300710,13.118238,13.118238,192.544990
10.479057,0.137835,25.474701,17.560201,17.560201,185.389884
9.304980,0.143017,22.310215,13.539469,13.539469,191.150716
9.045198,0.145858,24.609746,14.442158,14.442158,201.796379
8.221771,0.132976,23.035307,9.635558,9.635558,172.562736
9.730281,0.172045,22.595402,12.918186,12.918186,171.258171
9.150065,0.214253,21.232955,11.875516,11.875516,190.211654
6.505999,0.197089,21.123694,16.910837,16.910837,170.663015
6.816267,0.274809,21.293218,10.920975,10.920975,171.768487
6.081919,0.225007,22.758943,14.537631,14.537631,170.621002
5.706493,0.202894,25.503115,11.425014,11.425014,164.968294
5.888472,0.241209,28.553064,11.980800,11.980800,190.117927
6.432645,0.257744,32.716572,11.176840,11.176840,185.983885
6.778052,0.259670,27.199461,11.546462,11.546462,170.789992
7.787322,0.317602,33.029013,13.056388,13.056388,193.575980
6.503085,0.319447,27.294886,8.529124,8.529124,168.233701
11.501485,0.525346,47.784578,9.349674,9.349674,209.638474
6.236792,0.250245,32.613556,13.061699,13.061699,197.649955
6.923624,0.268534,28.062715,9.813367,9.813367,177.689559
8.407592,0.272556,32.895808,12.619777,12.619777,196.895315
6.343388,0.185603,31.097695,13.732491,13.732491,204.107730
12.316435,0.305860,38.255941,11.813820,11.813820,202.687662
7.273434,0.164046,28.536757,11.507460,11.507460,198.640000
7.377645,0.164523,29.424059,16.510584,16.510584,198.682785
7.926756,0.204539,30.827350,13.846183,13.846183,197.056654
8.117141,0.176240,30.027037,14.980701,14.980701,215.602288
7.819450,0.190146,33.155794,15.865085,15.865085,209.647286
8.058285,0.166584,29.857623,14.643605,14.643605,199.720914
7.195136,0.141408,30.996946,16.156650,16.156650,204.410967
8.639794,0.153065,28.619225,14.884004,14.884004,195.622550
8.214331,0.104602,29.591993,11.800236,11.800236,216.650201
8.405527,0.161575,30.684007,15.685059,15.685059,196.830670
8.389802,0.141287,37.198655,18.061367,18.061367,202.114482
11.292538,0.158463,36.631343,13.533199,13.533199,213.270833
8.132030,0.151664,33.231930,11.333204,11.333204,211.519509
7.332465,0.150822,33.201682,18.685192,18.685192,204.051732
8.501400,0.148500,29.828510,18.252763,18.252763,210.560438
13.590779,0.229102,33.441363,14.752852,14.752852,209.703087
8.925419,0.144820,27.317141,13.859297,13.859297,191.169422
13.081237,0.143592,43.066686,14.421099,14.421099,223.535433
17.156167,0.360918,30.442162,11.368882,11.368882,211.814213
8.879434,0.148529,27.710889,12.489696,12.489696,209.232065
21.468110,0.265608,41.802874,17.723571,17.723571,266.797984
9.731593,0.143915,30.949164,15.339018,15.339018,206.492841
11.136958,0.127953,28.364972,17.200233,17.200233,208.373459
11.803670,0.119847,37.013788,14.813708,14.813708,248.064230
9.856895,0.117881,28.827584,15.235315,15.235315,206.427083
10.650496,0.124970,30.590134,15.134826,15.134826,215.931672
10.279829,0.115299,29.052603,15.221359,15.221359,225.804821
11.595998,0.144702,31.951746,16.956506,16.956506,230.535145
12.654207,0.136970,28.292514,13.800236,13.800236,209.707763
11.058994,0.108187,27.188944,15.757294,15.757294,212.773295
10.718700,0.101226,28.104008,18.217916,18.217916,218.086559
14.481035,0.115879,32.523912,18.920194,18.920194,260.323178
11.733684,0.097993,32.765706,14.915468,14.915468,229.168361
13.106440,0.096471,27.486893,18.860875,18.860875,211.189097
10.198964,0.092277,28.222460,20.557405,20.557405,221.364032
12.406987,0.117315,28.870306,21.264948,21.264948,224.885313
13.917143,0.117980,28.275807,21.635564,21.635564,217.304335
11.439655,0.115149,32.393842,14.859516,14.859516,211.399130
10.514585,0.096232,29.371057,18.691482,18.691482,204.541464
10.131917,0.155987,30.492297,22.979110,22.979110,238.636185
10.784401,0.104226,26.788513,14.090263,14.090263,214.126480
10.907652,0.079033,26.338844,17.846711,17.846711,199.995324
23.759373,0.119574,33.055693,14.411316,14.411316,232.806476
10.669009,0.061939,24.576944,15.526264,15.526264,211.085298
10.485933,0.064330,27.309777,21.060311,21.060311,198.342030
22.097481,0.207752,46.689317,13.969733,13.969733,228.604016
13.365622,0.086528,25.468728,15.611626,15.611626,204.980721
7.617032,0.084462,17.611856,11.286692,11.286692,108.695982
11.712525,0.059372,25.243735,19.534998,19.534998,198.572075
6.593778,0.077724,15.999986,10.891180,10.891180,114.389564
15.278243,0.154473,32.624906,14.984191,14.984191,197.400944
