1403715278412143104.000000 -0.600707591 -3.078248978 0.381289274 -0.544403255 -0.626447916 -0.367527664 0.419656426
1403715279162142976.000000 -0.635755658 -2.984938383 0.517952919 -0.537738860 -0.608736515 -0.381318450 0.441444308
1403715282062142976.000000 -0.767893255 -2.584932327 0.699192524 -0.720573246 -0.401957095 -0.492760599 0.276390463
1403715285012143104.000000 -0.739765704 -1.828190565 0.394138575 -0.808086395 -0.070000075 -0.581600666 0.061944522
1403715287912143104.000000 -0.151003718 -2.046271324 0.952846766 0.804664195 -0.132635236 0.574539304 0.069484048
1403715290612143104.000000 0.200414762 -2.393932343 0.779763937 0.781368613 -0.281143367 0.527332187 0.179839432
1403715291712143104.000000 0.590228736 -2.605004787 0.763528466 0.747669637 -0.351061046 0.530654311 0.190137342
1403715291962142976.000000 0.629623711 -2.707325459 0.736656606 0.751509130 -0.347019464 0.516461790 0.219268456
1403715292262142976.000000 0.690639257 -2.842613935 0.696196079 0.760795116 -0.330596060 0.514765382 0.216595769
1403715294962142976.000000 1.352248311 -3.524561882 0.816186607 -0.792228937 -0.219524607 -0.550643504 0.144823700
1403715296462142976.000000 1.329068065 -3.821453810 0.556065798 -0.719460547 -0.419154853 -0.464864820 0.300975740
1403715299212143104.000000 2.066946745 -3.804614305 0.528863072 -0.484536767 -0.679711819 -0.311091155 0.454354912
1403715301912143104.000000 1.920069933 -3.471665144 0.542634666 -0.291164607 -0.759717226 -0.218786374 0.538688719
1403715304562142976.000000 1.719755292 -4.211958885 0.412852585 -0.095974751 -0.808541298 -0.056452736 0.577808619
1403715306662142976.000000 1.780508280 -4.304842472 0.752304673 -0.158821970 -0.784623325 -0.069396079 0.595252931
1403715309162142976.000000 2.395859003 -4.167954445 0.540926814 -0.500472665 -0.656047046 -0.320478857 0.465212524
1403715311662142976.000000 3.130162716 -3.821116686 0.659952402 -0.540245354 -0.627817690 -0.363322705 0.426587045
1403715313262142976.000000 3.619786024 -3.310746908 0.757566690 -0.513324142 -0.618824422 -0.397685468 0.442041874
1403715315712143104.000000 3.267359734 -3.363979578 0.943215489 -0.650229394 -0.494737625 -0.452715129 0.357051015
1403715318312143104.000000 2.773964405 -3.103851795 0.613629401 -0.821116149 -0.049451310 -0.563716471 0.074474774
1403715320412143104.000000 3.481141567 -3.046674967 0.666668952 0.779686213 -0.211488813 0.568554938 0.155264512
1403715320812143104.000000 3.654520750 -2.917915583 0.746305406 0.736178219 -0.335925579 0.557285726 0.186087027
1403715321312143104.000000 3.710594893 -2.825725079 0.805537581 0.732712328 -0.373454124 0.530860364 0.204577729
1403715324112143104.000000 3.036202431 -3.939962149 0.890539348 0.666758835 -0.396666557 0.538361907 0.329020977
1403715327062142976.000000 2.567581177 -3.775480032 0.924392104 0.688602149 -0.439183831 0.500310719 0.287461013
1403715329612143104.000000 1.645646930 -3.800453901 0.746290743 0.799035132 -0.206981465 0.549089730 0.131156579
1403715332362142976.000000 1.519778132 -4.047067165 0.965054214 0.817119360 -0.107602231 0.565508723 0.030619713
1403715335312143104.000000 1.561970949 -5.418052197 0.968934774 -0.823693335 -0.018110923 -0.566553354 0.014788156
1403715337162142976.000000 1.978925228 -6.025591850 0.959294021 -0.815529943 -0.095987760 -0.566913784 0.065619737
1403715339462142976.000000 2.870017290 -6.504541397 1.088681340 -0.786258578 -0.233422965 -0.546968639 0.167739391
1403715339862142976.000000 3.038185835 -6.576620579 1.052384019 -0.786199927 -0.236293808 -0.553769708 0.139262974
1403715340312143104.000000 3.167898178 -6.548182487 1.028886318 -0.767507315 -0.288421065 -0.545443118 0.173889622
1403715340662142976.000000 3.215588331 -6.447072506 1.073184967 -0.751198947 -0.341461420 -0.512032688 0.238593340
1403715343462142976.000000 3.729308367 -5.504693031 1.177663922 -0.711336613 -0.420626312 -0.486423403 0.283665359
1403715345862142976.000000 2.976539373 -4.317763329 1.022487402 -0.662932932 -0.471182257 -0.474700183 0.336402863
1403715347012143104.000000 2.231785297 -3.942898273 1.000771999 -0.691788435 -0.441733062 -0.466477305 0.329696268
1403715349962142976.000000 1.810286403 -3.395339966 0.694808245 -0.468259186 -0.666031122 -0.320727378 0.484014302
1403715352812143104.000000 1.194640160 -2.929986715 0.590332627 -0.370448858 -0.722459376 -0.247821286 0.528587580
1403715355712143104.000000 0.745016396 -2.638491154 0.726274610 -0.248532325 -0.780881166 -0.167685568 0.548030972
1403715357662142976.000000 0.208613202 -2.367038250 0.919152021 -0.114931569 -0.816300154 -0.094025627 0.558215082
1403715358312143104.000000 -0.107391626 -2.334794044 0.934990525 -0.113189653 -0.821420610 -0.094896391 0.550863743
1403715359262142976.000000 -0.731658638 -2.525875568 0.875940800 -0.061217736 -0.805482626 -0.039161298 0.588146746
1403715359712143104.000000 -0.917577624 -2.641362190 0.851444423 -0.057155237 -0.805494785 -0.057396840 0.587041020
1403715360512143104.000000 -1.088576317 -2.925951958 0.880975962 -0.105252154 -0.811238885 -0.036115415 0.574028969
1403715360912143104.000000 -1.123280168 -2.978552103 0.909486592 -0.175232232 -0.799595475 -0.107738979 0.564210176
1403715362912143104.000000 -1.590887070 -3.000844479 0.858889639 -0.566859782 -0.594477117 -0.370633006 0.433472276
1403715363412143104.000000 -1.738564968 -2.966146708 0.873547256 -0.639614224 -0.510125160 -0.401190102 0.411961645
1403715363812143104.000000 -1.692917109 -2.958841324 0.913480163 -0.670567930 -0.466083944 -0.457491636 0.351860613
1403715366462142976.000000 -1.183292627 -3.488649368 1.219049811 -0.796529293 -0.171888545 -0.558517158 0.155093893
1403715369262142976.000000 0.016975634 -4.711801052 1.292997003 -0.788046658 -0.244753957 -0.537743628 0.172944665
1403715371012143104.000000 0.972146928 -5.087714672 1.264655471 -0.745402873 -0.357488364 -0.505420566 0.247238427
1403715373962142976.000000 2.981492519 -4.555033207 1.299780607 -0.673885703 -0.461115241 -0.483801514 0.314939529
1403715376812143104.000000 3.152851582 -3.413344860 1.194993854 -0.601525545 -0.545932889 -0.442478597 0.379917294
1403715377612143104.000000 2.833719492 -3.329098940 1.123762012 -0.586286366 -0.555752635 -0.435491711 0.397183001
1403715380512143104.000000 1.320425510 -3.339133978 1.130244017 -0.597033918 -0.559668660 -0.423332185 0.388730377
1403715383462142976.000000 -0.625032306 -2.846479654 1.106280088 -0.737272143 -0.386495382 -0.480049938 0.276772708
1403715386262142976.000000 -0.463910460 -2.262566566 1.154904366 -0.809584379 -0.068797752 -0.579807520 0.060526215
1403715388712143104.000000 0.016737029 -3.640734196 1.020829797 -0.815402031 -0.091487288 -0.566408455 0.077013694
1403715390212143104.000000 0.590046465 -4.528415680 1.022943020 -0.810675144 -0.186691239 -0.540767908 0.124588884
1403715392962142976.000000 2.590174437 -4.339090347 1.171925306 -0.656926155 -0.487033039 -0.467195570 0.336117804
1403715394312143104.000000 3.068125963 -4.103530407 1.175255060 -0.406356871 -0.711432159 -0.287041694 0.496332109
1403715394812143104.000000 3.063097477 -4.102575779 1.161343455 -0.273795366 -0.768326521 -0.203209803 0.541679084
1403715396812143104.000000 2.660823107 -4.430555820 0.962412417 0.017071566 -0.818865061 0.006266102 0.573697984
1403715399712143104.000000 1.832326412 -4.378298283 0.706855237 0.027715357 -0.826168299 0.004027499 0.562726974
1403715400212143104.000000 1.908853889 -4.582125187 0.731469452 0.000462203 -0.831848621 -0.021580188 0.554582715
1403715401012143104.000000 1.783427477 -5.083714962 0.755367994 -0.198024377 -0.814767897 -0.110255085 0.533650994
1403715401512143104.000000 1.537145972 -5.337145805 0.773452640 -0.224621743 -0.807127237 -0.143289462 0.526838601
1403715403062142976.000000 0.668602169 -5.712931156 0.855760276 -0.308772266 -0.763544738 -0.194349796 0.532810807
1403715403312143104.000000 0.562268734 -5.788615704 0.863033175 -0.318791896 -0.773108542 -0.185580149 0.515979528
1403715403612143104.000000 0.427762300 -5.818016529 0.881801724 -0.332024157 -0.763944328 -0.208948538 0.512337267
1403715403862142976.000000 0.308680207 -5.802510738 0.889081955 -0.379309982 -0.747548163 -0.227019921 0.495739490
1403715404712143104.000000 -0.163915902 -5.531628132 0.920711398 -0.448727965 -0.685347736 -0.327162176 0.471069723
1403715404962142976.000000 -0.336860478 -5.457981586 0.905893266 -0.467027456 -0.669111788 -0.325273514 0.477882773
1403715405462142976.000000 -0.615835726 -5.337028980 0.863507569 -0.567641377 -0.592476189 -0.369750232 0.435935766
1403715405912143104.000000 -0.770120144 -5.230825424 0.826216996 -0.646533191 -0.523352325 -0.428203493 0.353184164
1403715406112143104.000000 -0.827866077 -5.167349339 0.806154370 -0.672728658 -0.475923181 -0.458361834 0.332923174
1403715406312143104.000000 -0.881705165 -5.100055695 0.775513768 -0.700337827 -0.429959506 -0.479087472 0.308442801
1403715406512143104.000000 -0.930049777 -5.031613350 0.736025989 -0.731450260 -0.385039568 -0.485180199 0.285175860
1403715407412143104.000000 -0.948438585 -4.749851704 0.584561288 -0.808424473 -0.234917507 -0.513943791 0.164697707
1403715407612143104.000000 -0.897704601 -4.674710274 0.576367915 -0.805691421 -0.228577316 -0.522807598 0.159015909
1403715410312143104.000000 -0.307203740 -3.684767246 0.902816355 -0.730229557 -0.379778057 -0.503403962 0.262902886
1403715410812143104.000000 -0.258121580 -3.548164845 0.881051660 -0.716404378 -0.383449286 -0.519063413 0.265150309
1403715411312143104.000000 -0.273536652 -3.428860664 0.850283980 -0.717166007 -0.388731360 -0.501028180 0.289018661
1403715411562142976.000000 -0.287847131 -3.395209074 0.839180171 -0.708786964 -0.386703789 -0.506882131 0.301913530
1403715412062142976.000000 -0.318626642 -3.395812988 0.811598659 -0.709813237 -0.399295002 -0.499951482 0.294579625
1403715412362142976.000000 -0.341651648 -3.418307543 0.795340002 -0.712990165 -0.401178390 -0.496364325 0.290385067
1403715412612143104.000000 -0.360013932 -3.440795422 0.781949937 -0.716980994 -0.402331680 -0.491681755 0.286908597
1403715413112143104.000000 -0.384087682 -3.466015816 0.763146341 -0.715947390 -0.403819293 -0.494411349 0.282677740
1403715413412143104.000000 -0.398073494 -3.469109774 0.684499383 -0.715712607 -0.395929307 -0.495095789 0.293045551
1403715413662142976.000000 -0.405328363 -3.478844166 0.625235260 -0.714497685 -0.394777894 -0.497275591 0.293871462
1403715413912143104.000000 -0.408464342 -3.498536110 0.574738979 -0.712300956 -0.399780214 -0.501223147 0.285619527
1403715414362142976.000000 -0.435828865 -3.531501770 0.546892047 -0.726292193 -0.408323228 -0.482426465 0.270252824
1403715414762142976.000000 -0.460259825 -3.497772217 0.539649248 -0.717573464 -0.399965733 -0.496421784 0.280501753
1403715415162142976.000000 -0.481376171 -3.454970360 0.467545688 -0.728050828 -0.371746808 -0.488067538 0.305837154
1403715415512143104.000000 -0.459585875 -3.457741976 0.420161396 -0.719563842 -0.385143071 -0.510632277 0.270457953
1403715415912143104.000000 -0.457451493 -3.459227562 0.398810565 -0.716636360 -0.384584397 -0.518549263 0.263882369
1403715416312143104.000000 -0.459111929 -3.456731319 0.396284938 -0.719197810 -0.385932207 -0.515273154 0.261351317
1403715416712143104.000000 -0.457103401 -3.457374573 0.395463973 -0.720143735 -0.385815412 -0.514052153 0.261323452
1403715417112143104.000000 -0.458514571 -3.458756924 0.394182086 -0.720345974 -0.385648459 -0.513756037 0.261594683
1403715417612143104.000000 -0.460789144 -3.460170269 0.393997848 -0.720418811 -0.385363370 -0.513695896 0.261932164
1403715418012143104.000000 -0.461635143 -3.461169004 0.394426435 -0.720385790 -0.385260493 -0.513767719 0.262033194
1403715418512143104.000000 -0.461372793 -3.462309837 0.395471990 -0.720500648 -0.385197550 -0.513679445 0.261983395
