1413393216555760384.000000 0.326422602 0.715733886 -1.090140939 -0.583694696 -0.554678321 -0.424001426 0.414554358
1413393219355760384.000000 -0.217898384 0.242895052 -0.817268133 -0.608099341 -0.558240652 -0.405532330 0.392589122
1413393221955760384.000000 -0.383915454 0.305630445 -0.345272630 -0.592381477 -0.554777682 -0.429140598 0.396414429
1413393223105760512.000000 -0.418567717 0.527122498 -0.371028990 -0.597513139 -0.572278917 -0.402468413 0.391783297
1413393223555760384.000000 -0.433564663 0.744218349 -0.336425424 -0.584369838 -0.570613682 -0.417720765 0.398021936
1413393224305760512.000000 -0.530701399 1.108107328 -0.466807008 -0.589625716 -0.553875029 -0.435379714 0.394979239
1413393224755760384.000000 -0.627487600 1.290408254 -0.653480530 -0.623775661 -0.514697611 -0.441609800 0.388550222
1413393226055760384.000000 -0.649331033 1.632998586 -0.751258731 -0.726058602 -0.364983022 -0.521800518 0.259519845
1413393228955760384.000000 0.046793777 2.402171135 -0.873379886 -0.817133009 -0.108739026 -0.558265090 0.093858719
1413393231355760384.000000 1.457712531 2.975121498 -0.928009629 -0.818608522 -0.022178562 -0.573910534 0.003860461
1413393232105760512.000000 1.946689248 3.135932922 -1.012455583 0.812088609 -0.057295416 0.580662906 -0.007749494
1413393232505760512.000000 2.139620304 3.090614319 -1.048468709 0.808434069 -0.121924490 0.573393703 0.052805282
1413393232755760384.000000 2.259032011 3.030398607 -1.108987212 0.805012465 -0.147087067 0.570328176 0.071036965
1413393232905760512.000000 2.331918478 2.982932806 -1.140177250 0.805131555 -0.151521042 0.568209350 0.077089459
1413393233355760384.000000 2.565605640 2.806492805 -1.144300818 0.800770104 -0.144303769 0.571911633 0.104215384
1413393233505760512.000000 2.644920349 2.745982885 -1.109377980 0.789542854 -0.159988627 0.580854952 0.116761439
1413393233805760512.000000 2.785984039 2.636458635 -0.996739388 0.783677399 -0.205730453 0.564556837 0.157481149
1413393233955760384.000000 2.853003979 2.592877626 -0.926354170 0.770664394 -0.225682318 0.570613682 0.171883598
1413393234105760512.000000 2.913748741 2.556525469 -0.861253977 0.763078094 -0.255172074 0.566899598 0.176703066
1413393234255760384.000000 2.967812061 2.522784710 -0.811727941 0.752486825 -0.281886518 0.566969872 0.181242660
1413393237205760512.000000 2.907752275 2.154875517 -0.698073626 0.551781535 -0.592937410 0.393685311 0.434711635
1413393240155760384.000000 3.083480120 1.068940639 -0.586945176 0.549932957 -0.600874722 0.392638206 0.427034765
1413393243005760512.000000 2.990058422 0.096986808 -0.773491561 0.558144093 -0.598393202 0.405363768 0.407530338
1413393245705760512.000000 2.922091246 0.283791333 -0.860165954 0.653344810 -0.480697364 0.462156117 0.358444273
1413393248155760384.000000 3.020963192 0.424208194 -1.214854240 0.670586944 -0.431009352 0.521702886 0.303924680
1413393250855760384.000000 2.934841156 0.398517489 -1.316550374 0.661130965 -0.468858242 0.494833171 0.313397437
1413393251105760512.000000 2.959062099 0.415095240 -1.320389628 0.665275335 -0.479340523 0.474405378 0.320282578
1413393253905760512.000000 2.913805246 0.515341699 -1.065395474 0.385567635 -0.719097674 0.280373394 0.505595565
1413393256805760512.000000 2.504980326 -0.327060580 -0.715090275 0.315998644 -0.757858455 0.219924703 0.526714742
1413393257655760384.000000 2.219930887 -0.675486803 -0.814867258 0.308078468 -0.756211698 0.237200215 0.526277125
1413393257905760512.000000 2.123222113 -0.780085087 -0.848454058 0.309239984 -0.756104290 0.223798275 0.531593263
1413393260555760384.000000 1.671894312 -1.871510148 -0.786249578 0.693116784 -0.358727247 0.533078432 0.326697648
1413393262505760512.000000 1.971431613 -1.846058369 -0.761958838 0.773913145 -0.256489068 0.551609337 0.176064923
1413393265305760512.000000 2.478112936 -2.319407701 -1.187492490 0.768389404 -0.206342176 0.585253716 0.156457052
1413393267405760512.000000 2.513441801 -2.204561949 -0.922380924 -0.796630025 -0.166443199 -0.563407779 0.142298713
1413393269655760384.000000 2.416505337 -2.269644022 -1.030742168 -0.781883478 -0.190810561 -0.571428657 0.160371020
1413393270105760512.000000 2.367869139 -2.282969236 -1.176817656 -0.792619288 -0.212317392 -0.552620947 0.145897880
1413393270555760384.000000 2.358381033 -2.288786411 -1.286519527 -0.797167242 -0.197372332 -0.551436663 0.146581948
1413393272005760512.000000 2.405295849 -2.077991486 -1.274340153 -0.810457587 -0.072391249 -0.579909444 0.040287137
1413393272455760384.000000 2.368403673 -1.936092257 -1.228844166 -0.809026897 -0.017258327 -0.587219954 0.018721581
1413393274255760384.000000 2.218438387 -1.356900096 -0.949289024 0.742241561 -0.337570846 0.535335124 0.220317513
1413393274405760512.000000 2.210719347 -1.322018743 -0.915972829 0.730681837 -0.362711191 0.527177036 0.237968817
1413393277005760512.000000 1.769578218 -1.056646705 -0.883937538 0.575298131 -0.583630741 0.409931391 0.400454193
1413393279905760512.000000 0.767704844 -1.393553495 -0.920658529 0.492048889 -0.644096017 0.344781756 0.473448843
1413393280405760512.000000 0.647464335 -1.499479532 -0.914012551 0.482092261 -0.642990410 0.381547898 0.456696361
1413393280805760512.000000 0.517644703 -1.522132039 -0.919873595 0.480240822 -0.656700850 0.395180047 0.426550776
1413393281205760512.000000 0.277315676 -1.515891790 -0.953252196 0.504824221 -0.643428266 0.364935428 0.444943547
1413393281405760512.000000 0.143879205 -1.522990227 -0.938865244 0.510209620 -0.637979984 0.353968710 0.455383271
1413393281705760512.000000 -0.031082623 -1.550074220 -0.909648061 0.501425862 -0.639694870 0.352356225 0.463904738
1413393281955760384.000000 -0.148761526 -1.577392936 -0.872097075 0.484135807 -0.639017344 0.363050401 0.474830270
1413393282455760384.000000 -0.354597747 -1.604716659 -0.779630065 0.483140588 -0.653364480 0.355585694 0.461788833
1413393282805760512.000000 -0.491342127 -1.628785372 -0.757049561 0.491444588 -0.634744287 0.359187424 0.475989789
1413393283105760512.000000 -0.565134287 -1.639588118 -0.755340815 0.532570839 -0.619177103 0.375845373 0.437867999
1413393283405760512.000000 -0.609826028 -1.658462286 -0.739425182 0.586759508 -0.574644923 0.398279399 0.408497393
1413393283905760512.000000 -0.605638862 -1.735553622 -0.810204983 0.652923763 -0.485344946 0.462676585 0.352223277
1413393286655760384.000000 0.095654264 -2.250580311 -0.917890429 -0.811847925 -0.019303551 -0.583055317 0.024014728
1413393287055760384.000000 0.160282075 -2.344600677 -0.918209076 -0.814213932 -0.048208073 -0.578543663 -0.004362861
1413393290005760512.000000 0.867584050 -2.284140587 -0.909131825 -0.754613996 -0.296508640 -0.543761849 0.216710523
1413393292955760384.000000 1.266805530 -2.253254414 -1.048176527 -0.715848565 -0.364867747 -0.536867380 0.257304847
1413393295605760512.000000 -0.014985390 -2.234589577 -0.873110831 -0.736268759 -0.356482565 -0.501178026 0.282221556
1413393295955760384.000000 -0.149634197 -2.201905251 -0.907482922 -0.728734314 -0.373202264 -0.510564566 0.262659729
1413393297705760512.000000 -0.559732735 -1.692531228 -1.080375314 -0.757539570 -0.305029720 -0.525427461 0.238781542
1413393298355760384.000000 -0.483326972 -1.532427073 -1.139327645 -0.756114006 -0.322537869 -0.520581067 0.230773613
1413393299405760512.000000 -0.275269210 -1.184994698 -1.160012364 -0.733390570 -0.311868727 -0.556363165 0.235236526
1413393300155760384.000000 -0.276308417 -1.021387100 -1.113637805 -0.744176686 -0.322075665 -0.541855574 0.221045062
1413393300955760384.000000 -0.338505447 -0.879675627 -1.036165357 -0.690947056 -0.421049505 -0.498463035 0.311197907
1413393302305760512.000000 -0.596995771 -0.877702296 -1.229143381 -0.603836834 -0.544564724 -0.435470253 0.386259019
1413393302555760384.000000 -0.695187449 -0.874502718 -1.221185565 -0.616064727 -0.530853570 -0.431123972 0.390884638
1413393303255760384.000000 -0.903774083 -0.844043434 -1.115412116 -0.626377881 -0.521627307 -0.431412160 0.386573702
1413393304055760384.000000 -1.077020526 -0.768183172 -0.918480456 -0.628412127 -0.515495420 -0.437978059 0.384106636
1413393304205760512.000000 -1.107291937 -0.753991365 -0.908017218 -0.633387446 -0.518895388 -0.430824816 0.379417896
1413393305305760512.000000 -1.280450583 -0.509221137 -0.942959368 -0.615949810 -0.541246474 -0.438781649 0.367598683
1413393306355760384.000000 -1.626399875 -0.086849079 -0.803901613 -0.649208903 -0.497201562 -0.459952593 0.346066654
1413393306505760512.000000 -1.698012590 -0.017419949 -0.790309012 -0.664922774 -0.482498586 -0.457269549 0.340554625
1413393308205760512.000000 -1.891456485 0.666647613 -0.743736982 -0.795822322 -0.182747260 -0.565080941 0.118125871
1413393308405760512.000000 -1.876909375 0.763218880 -0.727117717 -0.802230418 -0.135785639 -0.574048460 0.091962576
1413393310805760512.000000 -1.611154318 1.369018197 -0.923342526 0.812996030 -0.065185890 0.578412712 0.015070206
1413393311255760384.000000 -1.500934720 1.345571995 -0.957939506 0.818840206 -0.065847598 0.568914890 0.038738407
1413393311505760512.000000 -1.420110226 1.320909739 -1.015845060 0.820782959 -0.064325675 0.565718114 0.046267472
1413393313755760384.000000 -0.676936984 1.284186721 -1.026710749 0.794176400 -0.031313840 0.606874585 -0.002561559
1413393314155760384.000000 -0.676789939 1.206081986 -1.031750321 0.814433515 -0.056554537 0.576569140 0.032677401
1413393314455760384.000000 -0.675911129 1.146547675 -1.024587989 0.818176031 -0.025863610 0.573811114 0.025689684
1413393317255760384.000000 -0.126428351 1.786774397 -0.764750779 -0.795050383 -0.124909922 -0.587294936 0.085890345
1413393317655760384.000000 -0.116380692 1.964589357 -0.806843340 -0.791218102 -0.120390087 -0.593583286 0.084493689
1413393318055760384.000000 -0.170974538 2.141322136 -0.897699594 -0.799776137 -0.111184277 -0.585009217 0.075898275
1413393318455760384.000000 -0.253410637 2.318487167 -0.995583713 -0.807189822 -0.084254719 -0.577440798 0.088926226
1413393318855760384.000000 -0.328191042 2.451256990 -1.097479582 -0.804389298 -0.081282318 -0.581696212 0.089334734
1413393319255760384.000000 -0.421570390 2.524753094 -1.131414056 -0.805303752 -0.086021170 -0.579530180 0.090724826
1413393319655760384.000000 -0.513236463 2.553363085 -1.182370305 -0.827154219 -0.083901338 -0.546667993 0.099652678
1413393320055760384.000000 -0.514862299 2.547121525 -1.294054151 -0.811323941 -0.109032936 -0.569500029 0.074398763
1413393320455760384.000000 -0.501054645 2.566048861 -1.391883969 -0.808665395 -0.101657890 -0.574523926 0.075154863
1413393320555760384.000000 -0.501365662 2.576570034 -1.388888955 -0.812522769 -0.101373121 -0.569514990 0.071993284
1413393320805760512.000000 -0.497252643 2.611546755 -1.457361817 -0.812046230 -0.099455260 -0.571042240 0.067826107
1413393321105760512.000000 -0.516308665 2.597084999 -1.456373215 -0.813395917 -0.107520752 -0.569224119 0.053013049
1413393321555760384.000000 -0.520100296 2.591001749 -1.460386038 -0.800482929 -0.089276142 -0.589118481 0.064778306
1413393322055760384.000000 -0.519258857 2.590831280 -1.460809708 -0.798849225 -0.089484267 -0.591310620 0.064686693
1413393322555760384.000000 -0.519500732 2.590725183 -1.460955143 -0.798860610 -0.089592308 -0.591277063 0.064702950
1413393323055760384.000000 -0.519747734 2.590733290 -1.460536361 -0.798939943 -0.089446314 -0.591165245 0.064946629
1413393323555760384.000000 -0.520078123 2.590686321 -1.460433483 -0.799004674 -0.089312479 -0.591069818 0.065203018
1413393324055760384.000000 -0.519640625 2.590703964 -1.460904479 -0.799102306 -0.089181185 -0.590955079 0.065224484
1413393324555760384.000000 -0.519838154 2.590746403 -1.460554123 -0.799211502 -0.089087896 -0.590808928 0.065337732
1413393325055760384.000000 -0.520157278 2.590603113 -1.460027218 -0.799266338 -0.089066386 -0.590726435 0.065443233
1413393325555760384.000000 -0.520208597 2.590698481 -1.460626602 -0.799302697 -0.088757679 -0.590713859 0.065532014
1413393326055760384.000000 -0.519524097 2.590552568 -1.460651398 -0.799300969 -0.088739060 -0.590703607 0.065670982
