1413394887055760384.000000 -0.498967677 -0.948238075 -1.171036482 -0.610679150 -0.529902399 -0.436774224 0.394338250
1413394888455760384.000000 -0.605588734 -0.819725811 -0.771839321 -0.621431887 -0.543429017 -0.432471097 0.362596273
1413394890705760512.000000 -0.817028701 -0.269959688 -0.610755265 -0.571150720 -0.466950357 -0.497777253 0.456028610
1413394892155760384.000000 -0.572073638 0.263386607 -0.558386445 -0.564375222 -0.529098928 -0.482594997 0.410654426
1413394894755760384.000000 -2.174754858 -0.728665829 -0.564051092 -0.172598541 -0.781561196 -0.123386770 0.586640835
1413394897655760384.000000 -2.767406940 -1.502823591 -0.813000739 -0.172862664 -0.790926754 -0.115018412 0.575607717
1413394899005760512.000000 -1.926969051 0.042646676 -0.467617273 -0.016993485 -0.830365598 -0.145771116 0.537545502
1413394901255760384.000000 -2.653266907 -2.196212292 -0.368427664 0.369324684 -0.697094679 0.228650838 0.570418417
1413394902955760384.000000 -1.165545344 -3.236220360 -0.410908639 0.594461977 -0.526609540 0.513645232 0.324755400
1413394905555760384.000000 -1.497497916 -3.259769917 -0.695002913 0.159723282 -0.871782064 0.127386346 0.445260972
1413394908505760512.000000 -1.490285158 -2.185673475 -0.799174428 -0.031515636 -0.884103835 -0.020525025 0.465774596
1413394909405760512.000000 -1.642387509 -1.945286870 -0.470308810 -0.059359174 -0.851277351 0.006782233 0.521303594
1413394911205760512.000000 -1.288408279 -1.092971683 -0.377733648 -0.104814097 -0.801163554 -0.059597507 0.586173356
1413394912205760512.000000 -1.001129031 -0.791297138 -0.613107800 -0.139206737 -0.826444089 -0.107537389 0.534834027
1413394912805760512.000000 -1.063891411 -0.733169556 -0.514432430 -0.280264050 -0.770102859 -0.158643141 0.550659537
1413394915605760512.000000 -2.154317856 -2.218190193 -0.643559992 0.415794849 -0.680307150 0.232247040 0.557097971
1413394917255760384.000000 -1.172126770 -3.431555510 -0.953482032 0.776608407 -0.318959266 0.500005782 0.212458387
1413394917455760384.000000 -1.150404215 -3.570040464 -1.039052248 0.804952502 -0.262763083 0.498349279 0.186158508
1413394918655760384.000000 0.003602527 -4.061201572 -1.221551657 0.815003097 -0.145688698 0.559473872 0.039165113
1413394918855760384.000000 0.265331715 -4.154096127 -1.222870350 0.815849602 -0.072278470 0.571120918 0.054645564
1413394919155760384.000000 0.632106125 -4.270001411 -1.142540693 0.786139309 -0.009357986 0.617479384 0.024834868
1413394919255760384.000000 0.730538249 -4.293702602 -1.084111691 -0.777977824 -0.010932082 -0.628192782 -0.002215236
1413394919555760384.000000 0.923775494 -4.332799911 -0.877664447 -0.767534375 -0.117354520 -0.630039334 0.013015405
1413394919655760384.000000 0.952954888 -4.328482151 -0.819797158 -0.784812033 -0.141102597 -0.602507889 0.033830103
1413394919855760384.000000 0.990557671 -4.292288780 -0.734178066 -0.814457297 -0.166077405 -0.545861721 0.105416954
1413394919955760384.000000 1.012384653 -4.265238762 -0.704478025 -0.818985641 -0.188447833 -0.525203645 0.133832291
1413394920055760384.000000 1.041030169 -4.234666824 -0.684101164 -0.816596091 -0.219906315 -0.509533703 0.158705905
1413394920155760384.000000 1.077685475 -4.200581074 -0.675482154 -0.810508013 -0.254455179 -0.495300084 0.181678757
1413394920255760384.000000 1.123409867 -4.162403107 -0.678779364 -0.800632775 -0.292667121 -0.483614624 0.198620304
1413394920355760384.000000 1.178124070 -4.118722916 -0.689908087 -0.781223118 -0.331693500 -0.485589743 0.209457859
1413394920755760384.000000 1.410699129 -3.857037306 -0.721467316 -0.707166493 -0.435640395 -0.515081227 0.211717606
1413394920855760384.000000 1.449528456 -3.766601086 -0.725830197 -0.709709644 -0.437398583 -0.507986307 0.216667145
1413394921455760384.000000 1.583011389 -3.058453798 -0.909470856 -0.772109449 -0.314533412 -0.450521201 0.319290549
1413394921555760384.000000 1.631382823 -2.942886591 -0.971187651 -0.779218137 -0.310879946 -0.446886063 0.310589343
1413394921655760384.000000 1.700426102 -2.833988905 -1.030985236 -0.767884791 -0.328849733 -0.474173844 0.278154701
1413394922655760384.000000 2.258016586 -1.934860110 -1.118413448 -0.656238794 -0.497797936 -0.461665928 0.329260379
1413394922755760384.000000 2.282581329 -1.855796337 -1.063741922 -0.662122905 -0.497159451 -0.446979582 0.338578016
1413394923555760384.000000 2.520643473 -1.033958316 -0.707245171 -0.657964468 -0.521220386 -0.429623961 0.332919329
1413394924055760384.000000 2.580066204 -0.335177630 -0.617326260 -0.548939109 -0.609732389 -0.410727829 0.397737384
1413394924255760384.000000 2.558245659 -0.054621708 -0.625258088 -0.515731871 -0.635999620 -0.365867019 0.442342103
1413394924455760384.000000 2.525678158 0.216291994 -0.622319281 -0.477362841 -0.664353251 -0.317851752 0.479301423
1413394924555760384.000000 2.511724949 0.349639922 -0.617119968 -0.451471716 -0.679765880 -0.303217560 0.492088109
1413394924655760384.000000 2.498410940 0.481040239 -0.609610081 -0.420085400 -0.700009584 -0.292135149 0.498168558
1413394924855760384.000000 2.467912674 0.734537780 -0.583782256 -0.345703632 -0.730096459 -0.284094810 0.516467214
1413394925105760512.000000 2.411661863 0.997761786 -0.536620736 -0.269082159 -0.749641478 -0.295064241 0.527796924
1413394925405760512.000000 2.278167486 1.175302625 -0.482103705 -0.228771850 -0.781789958 -0.276589155 0.509869039
1413394925605760512.000000 2.131550312 1.222591996 -0.483254611 -0.234693587 -0.782050550 -0.251417011 0.519716501
1413394926805760512.000000 0.824694097 1.103915691 -0.577974141 -0.215763226 -0.796035290 -0.081881076 0.559526324
1413394926955760384.000000 0.636174858 1.105692029 -0.580429912 -0.192108989 -0.796725988 -0.020803610 0.572616041
1413394927105760512.000000 0.460530549 1.145026326 -0.597734332 -0.149136961 -0.802290499 -0.015147123 0.577804983
1413394929005760512.000000 -1.446957588 1.645002007 -0.442879319 -0.073535629 -0.801020205 -0.066257454 0.590397358
1413394929305760512.000000 -1.628154635 1.598314166 -0.488422394 -0.082934871 -0.782972574 -0.055815537 0.613971114
1413394931105760512.000000 -1.917411089 1.445790648 -0.854190409 -0.084104225 -0.784872234 -0.081108965 0.608542144
1413394931455760384.000000 -1.959331155 1.423800588 -0.791869342 -0.089115933 -0.766692400 -0.084503822 0.630158842
1413394932405760512.000000 -1.860157132 0.954414904 -0.621181011 0.099250011 -0.778379381 0.110384263 0.609991968
1413394933955760384.000000 -1.100055695 0.461509317 -0.785383821 0.446720719 -0.663671076 0.336099863 0.497009188
1413394934105760512.000000 -1.014341593 0.446470141 -0.830843568 0.475712836 -0.655174851 0.346445709 0.473728448
1413394934255760384.000000 -0.928270817 0.430544466 -0.868460059 0.497426897 -0.625471652 0.375576615 0.469354868
1413394934855760384.000000 -0.604929984 0.428193957 -1.168106318 0.578263283 -0.569152176 0.422930062 0.403494179
1413394935255760384.000000 -0.446053743 0.448564678 -1.180076599 0.554737568 -0.571094513 0.436161786 0.419380784
1413394935705760512.000000 -0.311902761 0.560017943 -1.276892066 0.544314444 -0.590118468 0.405142188 0.437426448
1413394935955760384.000000 -0.233907953 0.656529963 -1.288489938 0.540032804 -0.596151590 0.398605794 0.440546632
1413394936205760512.000000 -0.145204440 0.759901106 -1.336743474 0.576680899 -0.599432945 0.384410560 0.400434703
1413394936405760512.000000 -0.062188476 0.824340880 -1.394610405 0.617354810 -0.536006570 0.429885924 0.383103400
1413394936505760512.000000 -0.016649447 0.853177011 -1.419209003 0.645313859 -0.491536587 0.452933609 0.369882435
1413394936705760512.000000 0.084575638 0.916755080 -1.456564665 0.700474977 -0.416439503 0.481442302 0.322686166
1413394936805760512.000000 0.139640436 0.951228976 -1.469461083 0.719681323 -0.388754636 0.492048174 0.298022240
1413394936905760512.000000 0.198439717 0.987400353 -1.479159832 0.737087786 -0.362620622 0.498505771 0.276947439
1413394937005760512.000000 0.262137145 1.024914026 -1.487931371 0.755032659 -0.335927814 0.501862705 0.255366504
1413394937305760512.000000 0.492188722 1.137009263 -1.511957645 0.795649529 -0.263615340 0.513020337 0.185091332
1413394937455760384.000000 0.626891136 1.180491567 -1.519734621 0.799805701 -0.249834493 0.521840334 0.159925908
1413394937555760384.000000 0.721670449 1.201462626 -1.524196267 0.799281716 -0.243703514 0.527280331 0.154054195
1413394937655760384.000000 0.819840252 1.216977835 -1.529097795 0.796633542 -0.241147056 0.532798350 0.152804404
1413394937855760384.000000 1.022598505 1.233470321 -1.534980059 0.787501097 -0.251281947 0.541787326 0.152203798
1413394938055760384.000000 1.223555565 1.224535942 -1.530707836 0.777864754 -0.291275322 0.536628485 0.148711443
1413394938255760384.000000 1.420235515 1.172133565 -1.483030796 0.769174874 -0.328963518 0.526980817 0.149814069
1413394938455760384.000000 1.605482578 1.060646892 -1.367227435 0.752198279 -0.343241870 0.527526796 0.195187524
1413394938555760384.000000 1.694094658 0.992368281 -1.303290844 0.744311690 -0.350961626 0.523236215 0.221472010
1413394938755760384.000000 1.867164016 0.847292006 -1.210662961 0.731272817 -0.391932786 0.493980765 0.260022759
1413394938955760384.000000 2.040644169 0.691680014 -1.161199212 0.688928425 -0.466981530 0.482698709 0.272594720
1413394939055760384.000000 2.121205807 0.606499553 -1.150654197 0.651731968 -0.509221256 0.487939805 0.279023319
1413394939455760384.000000 2.321066856 0.224317774 -1.178835034 0.575652242 -0.585866451 0.432642639 0.371759862
1413394939855760384.000000 2.406463623 -0.175560132 -1.080146670 0.524382114 -0.625480771 0.430257738 0.385584593
1413394940055760384.000000 2.401265621 -0.372602671 -1.027615905 0.531166613 -0.641835093 0.376879692 0.404810488
1413394940255760384.000000 2.373000145 -0.578240156 -1.022231579 0.499740690 -0.666222513 0.353574604 0.425901383
1413394940455760384.000000 2.325464249 -0.796097875 -1.057898283 0.441488922 -0.692127526 0.336517990 0.461305588
1413394940655760384.000000 2.260995388 -1.008511782 -1.097527385 0.403814584 -0.709961891 0.282473385 0.503087163
1413394940855760384.000000 2.205263138 -1.225347877 -1.104230762 0.381360829 -0.721987247 0.243304953 0.523546696
1413394941005760512.000000 2.178129673 -1.397304296 -1.075045705 0.353433758 -0.740799904 0.258188397 0.509547770
1413394941205760512.000000 2.130016327 -1.622648358 -1.025102377 0.312648177 -0.775583804 0.273127347 0.475523174
1413394941405760512.000000 2.030595303 -1.836331129 -0.959513664 0.304905176 -0.790000796 0.259520561 0.464306563
1413394942205760512.000000 1.324347734 -2.778168917 -0.635231555 0.203530982 -0.796966970 0.303777456 0.480768353
1413394942505760512.000000 0.850899935 -2.943037033 -0.475657523 0.136077911 -0.815417767 0.274049640 0.491399646
1413394942655760384.000000 0.551160812 -2.948090315 -0.422741354 0.099236518 -0.817397058 0.231845170 0.517940223
1413394942805760512.000000 0.231832296 -2.910916090 -0.406717420 0.076638572 -0.804731786 0.158942804 0.566807330
1413394944855760384.000000 -0.915212333 -3.496943235 -1.027068615 -0.334444404 -0.803801894 -0.159652919 0.465360552
1413394945105760512.000000 -1.005092382 -3.471464872 -1.103688478 -0.414135158 -0.756448627 -0.230607420 0.450663716
1413394946155760384.000000 -1.466015935 -3.024192095 -1.337584257 -0.707659602 -0.397015512 -0.463795424 0.355655044
1413394946355760384.000000 -1.419456840 -3.011575937 -1.355669498 -0.747311592 -0.314748079 -0.504480064 0.296578914
1413394946555760384.000000 -1.345544815 -3.031934023 -1.370410562 -0.784563601 -0.220914200 -0.525463760 0.244018137
1413394946655760384.000000 -1.299790025 -3.058899403 -1.374321222 -0.791675925 -0.182069197 -0.546146631 0.204509303
1413394946855760384.000000 -1.201659322 -3.136584759 -1.378921986 -0.794812024 -0.106742308 -0.586804748 0.111982711
1413394946955760384.000000 -1.157558203 -3.182558060 -1.379689455 -0.795823872 -0.063256390 -0.598111987 0.070179723
1413394947055760384.000000 -1.119672775 -3.230164289 -1.376230836 -0.794968009 -0.019428538 -0.605687141 0.028133439
1413394947155760384.000000 -1.089321852 -3.276967049 -1.364387631 0.797069728 -0.024115376 0.603289187 0.011856579
1413394947255760384.000000 -1.065478563 -3.321491957 -1.337189913 0.800814509 -0.066691890 0.593226314 0.048277948
1413394947855760384.000000 -0.988610446 -3.476944208 -1.033610582 0.836651742 -0.158180356 0.513969719 0.104058161
1413394948055760384.000000 -0.906784415 -3.513024569 -0.936533749 0.853375137 -0.114409745 0.503434896 0.072211981
1413394948655760384.000000 -0.395391136 -3.638411283 -0.695974588 0.735824823 -0.023168171 0.674963713 0.049488373
1413394949155760384.000000 -0.365677357 -3.573895931 -0.561000705 0.849776864 -0.044594236 0.522343338 0.055210326
1413394949955760384.000000 0.029889036 -3.245152473 -0.537303627 0.759444952 -0.057723232 0.646897435 0.037884787
1413394950055760384.000000 0.065282710 -3.184623957 -0.530166745 0.760680795 -0.056845926 0.646523356 0.011863354
1413394950155760384.000000 0.083308205 -3.126244783 -0.523817599 0.769143999 -0.053824589 0.636456490 -0.021064803
1413394950255760384.000000 0.086985961 -3.076409101 -0.521748304 0.797440827 -0.048228346 0.599523306 -0.048310619
1413394950355760384.000000 0.084743299 -3.041157007 -0.518120348 0.830961645 -0.026900582 0.554258227 -0.039710637
1413394950455760384.000000 0.087605730 -3.016936064 -0.509929776 0.854858100 -0.002905823 0.518555522 -0.017593898
1413394950655760384.000000 0.143080845 -2.972865582 -0.479356736 -0.867993295 -0.019012053 -0.496168911 -0.006533748
1413394950955760384.000000 0.335394204 -2.864011288 -0.386986375 -0.758031189 -0.054538164 -0.649871111 0.009049187
1413394951055760384.000000 0.378723234 -2.814094543 -0.355701298 -0.721114576 -0.072064079 -0.688583851 0.025552588
1413394951655760384.000000 0.170327961 -2.551105022 -0.184536174 -0.882631719 -0.136267245 -0.437681705 0.104053885
1413394951755760384.000000 0.167152897 -2.510284424 -0.141791061 -0.893937588 -0.134871304 -0.416084677 0.097769573
1413394951855760384.000000 0.208574697 -2.461605787 -0.083697617 -0.875589252 -0.138365433 -0.454119742 0.089296177
1413394952155760384.000000 0.437238812 -2.282995224 0.096648499 -0.764805317 -0.128603876 -0.623941600 0.096076794
1413394953155760384.000000 0.942845881 -1.823403955 0.294517934 -0.708411098 -0.178148508 -0.665839851 0.151902094
1413394953255760384.000000 0.940128684 -1.801099539 0.312422007 -0.698171318 -0.175436765 -0.676776171 0.154119417
1413394953355760384.000000 0.902978957 -1.791642189 0.353206813 -0.685776651 -0.171122208 -0.689944983 0.156216413
1413394953455760384.000000 0.833758950 -1.794644356 0.399602622 -0.697789311 -0.170206502 -0.678649545 0.153475389
1413394953555760384.000000 0.742526114 -1.806312799 0.420801193 -0.750309050 -0.179115802 -0.621557474 0.136456266
1413394953755760384.000000 0.535353720 -1.834805965 0.352455676 -0.835917115 -0.192371890 -0.503874719 0.101715669
1413394953955760384.000000 0.364911944 -1.833988547 0.174232274 -0.853632092 -0.194720566 -0.474437654 0.091132946
1413394954055760384.000000 0.307187498 -1.814463496 0.083695382 -0.828368485 -0.192933783 -0.516297340 0.100097001
1413394954155760384.000000 0.259950459 -1.785539389 -0.003115751 -0.794920921 -0.191557273 -0.565010071 0.110318556
1413394954255760384.000000 0.211540356 -1.752489209 -0.086961098 -0.758685529 -0.188553825 -0.611491144 0.122157194
1413394954455760384.000000 0.073209278 -1.690913558 -0.234121650 -0.729314566 -0.181774870 -0.645051718 0.137719080
1413394954655760384.000000 -0.133745849 -1.646828294 -0.341175824 -0.807483912 -0.176745906 -0.546375036 0.134926170
1413394954755760384.000000 -0.240021318 -1.629019856 -0.393651336 -0.848227084 -0.168357581 -0.484893829 0.130555168
1413394954855760384.000000 -0.327886403 -1.609174490 -0.448278427 -0.867182195 -0.161687210 -0.454937637 0.122000746
1413394954955760384.000000 -0.388613492 -1.584264398 -0.501629651 -0.853691220 -0.164822444 -0.481629372 0.109899580
1413394955055760384.000000 -0.431201190 -1.552420497 -0.558471799 -0.822060883 -0.172211006 -0.531503797 0.109831572
1413394955155760384.000000 -0.467653990 -1.514407039 -0.615598142 -0.786842227 -0.184611678 -0.576536834 0.120013319
1413394955255760384.000000 -0.509565353 -1.473643541 -0.670000136 -0.754457414 -0.201881498 -0.609270036 0.137214825
1413394955355760384.000000 -0.564010382 -1.433114290 -0.718331218 -0.747518539 -0.216083974 -0.605069578 0.168566570
1413394955455760384.000000 -0.629027009 -1.397565365 -0.758464396 -0.775061607 -0.222220644 -0.551957250 0.212698609
1413394957155760384.000000 -0.567445874 -0.823541641 -0.630166471 -0.705596805 -0.408395767 -0.502127469 0.288468719
1413394960055760384.000000 -0.493841648 -0.594260693 -0.259615600 -0.375328571 -0.715760171 -0.298189253 0.507837653
1413394962655760384.000000 -1.808461905 -0.586638808 -0.389664292 -0.154155076 -0.728912055 -0.137932986 0.652608633
1413394964905760512.000000 -1.396909595 -2.238340378 -0.849511325 -0.196613267 -0.848452568 -0.043238148 0.489491552
1413394965105760512.000000 -1.427801609 -2.295305490 -0.814063311 -0.192175686 -0.823917389 -0.060059957 0.529737294
1413394966855760384.000000 -1.091157079 -2.598487616 -0.701385856 0.231630415 -0.743704855 0.199465990 0.594528258
1413394968655760384.000000 -0.477038383 -2.879466772 -0.540581286 0.571176350 -0.612289548 0.379333764 0.393656075
1413394968905760512.000000 -0.395616144 -2.962907076 -0.547071695 0.584450424 -0.589130759 0.378272355 0.410186350
1413394969155760384.000000 -0.293270886 -3.076282978 -0.545881867 0.575178206 -0.566676319 0.428242713 0.405778617
1413394969555760384.000000 -0.150343060 -3.211323977 -0.682379484 0.585118473 -0.530104876 0.444720864 0.422904998
1413394969955760384.000000 0.039588369 -3.243452549 -0.820327520 0.621814013 -0.547346115 0.382391512 0.409312099
1413394970355760384.000000 0.360602915 -3.338430166 -0.796178758 0.581762075 -0.562045276 0.434705466 0.395839721
1413394970755760384.000000 0.610545516 -3.415589571 -0.831593156 0.525628507 -0.565248370 0.507678986 0.382715404
1413394970955760384.000000 0.645352900 -3.394062519 -0.860453069 0.578333497 -0.559015632 0.434555411 0.405208141
1413394971155760384.000000 0.668849111 -3.355762005 -0.837842584 0.602702618 -0.568891227 0.391347617 0.399949133
1413394971355760384.000000 0.709304810 -3.337877274 -0.810151637 0.618188620 -0.597471237 0.359353244 0.362954944
1413394971755760384.000000 0.807499051 -3.521647692 -0.772451520 0.574066699 -0.613067806 0.409128904 0.356663644
1413394972055760384.000000 0.796409905 -3.767116308 -0.725099206 0.493396819 -0.606192708 0.451256216 0.430648148
1413394972255760384.000000 0.733624220 -3.879225969 -0.734032691 0.435758442 -0.634339929 0.426452339 0.475253373
1413394972355760384.000000 0.689001620 -3.909770012 -0.750149608 0.402557671 -0.655228138 0.404029250 0.495362401
1413394972555760384.000000 0.580359757 -3.916819096 -0.802830338 0.337336212 -0.716948569 0.335183531 0.509746075
1413394972655760384.000000 0.517881095 -3.896009922 -0.828625977 0.309210181 -0.747758448 0.286023319 0.513261259
1413394972755760384.000000 0.448075056 -3.868932247 -0.847125232 0.283149242 -0.765763760 0.231046438 0.529197335
1413394972855760384.000000 0.375884414 -3.839318514 -0.857978284 0.255050272 -0.775651395 0.178330913 0.549101472
1413394972955760384.000000 0.305728257 -3.811647415 -0.865545988 0.219299987 -0.783211887 0.136317551 0.565600872
1413394973205760512.000000 0.147846043 -3.761712790 -0.886314392 0.104242727 -0.808507323 0.069467768 0.574998915
1413394973355760384.000000 0.059783272 -3.739900589 -0.898822606 0.032550249 -0.818404317 0.035680514 0.572609723
1413394973855760384.000000 -0.245450392 -3.645304441 -0.904306829 -0.184677795 -0.795035243 -0.114214092 0.566364169
1413394974305760512.000000 -0.481835634 -3.536113262 -0.877315521 -0.372997493 -0.723726273 -0.222299159 0.536354661
1413394974905760512.000000 -0.599258244 -3.311771631 -0.807584643 -0.544325590 -0.604617834 -0.363614768 0.453796446
1413394975205760512.000000 -0.590404689 -3.197610378 -0.857609272 -0.576230645 -0.556104898 -0.428154439 0.418795288
1413394976055760384.000000 -0.674635768 -3.028128862 -1.074768424 -0.618336082 -0.511860788 -0.469387442 0.367878348
1413394976255760384.000000 -0.732289851 -2.994128704 -1.088946342 -0.612321019 -0.512988746 -0.473931402 0.370532870
1413394977105760512.000000 -1.111791849 -3.187659025 -1.114721298 -0.700206220 -0.509670019 -0.352009177 0.355017334
1413394977305760512.000000 -1.112318277 -3.205245733 -1.079352617 -0.725620210 -0.519267023 -0.325134039 0.313249052
1413394977505760512.000000 -1.042976260 -3.115432739 -1.001743913 -0.701726198 -0.545933664 -0.366016775 0.274897277
1413394977905760512.000000 -0.856078088 -2.589885712 -0.785363913 -0.670992076 -0.534935117 -0.419873297 0.295500308
1413394978005760512.000000 -0.810422659 -2.403693438 -0.724467635 -0.653791010 -0.524895668 -0.446899563 0.311965734
1413394979655760384.000000 -0.817051172 0.272742629 -0.510433912 -0.570282578 -0.401905984 -0.530356705 0.481633961
1413394981105760512.000000 -1.315389156 -0.771557570 -0.317262799 -0.663118362 -0.476292491 -0.448626161 0.363530099
1413394981405760512.000000 -1.435483336 -1.013887167 -0.378475636 -0.667207122 -0.476898938 -0.446238697 0.358152300
1413394981805760512.000000 -1.528289795 -1.290284038 -0.453637838 -0.684509814 -0.473758429 -0.446439624 0.328163177
1413394982505760512.000000 -1.426072359 -1.610256672 -0.505479157 -0.765557587 -0.303888738 -0.480299145 0.301472872
1413394982655760384.000000 -1.320450664 -1.694070816 -0.488828599 -0.780299246 -0.261818469 -0.495283902 0.277989417
1413394982805760512.000000 -1.185864091 -1.795514226 -0.464542776 -0.790588737 -0.225702286 -0.512380123 0.247980818
1413394983005760512.000000 -0.970167160 -1.955605865 -0.426630646 -0.799004436 -0.187439427 -0.534777343 0.201175585
1413394983105760512.000000 -0.852320552 -2.042726755 -0.405999392 -0.799817801 -0.178598627 -0.544168472 0.179651529
1413394983305760512.000000 -0.607815921 -2.220871210 -0.361430049 -0.796943247 -0.172928542 -0.557298541 0.156190917
1413394984505760512.000000 0.560623348 -2.868090868 -0.503696382 -0.782438576 -0.261849344 -0.549761176 0.130335465
1413394984705760512.000000 0.676809788 -2.846794367 -0.546248257 -0.777402699 -0.289143503 -0.538747370 0.147622690
1413394985105760512.000000 0.882223666 -2.675679445 -0.583455503 -0.744451225 -0.359007508 -0.523220420 0.207717016
1413394985505760512.000000 1.037657857 -2.381331921 -0.518890738 -0.753401220 -0.356773794 -0.480595261 0.272263438
1413394986905760512.000000 1.717796087 -0.907013595 -0.087527752 -0.727353275 -0.380646229 -0.521109521 0.233474806
1413394987105760512.000000 1.793053269 -0.641517401 -0.038259063 -0.734135747 -0.354391247 -0.514369547 0.266224831
1413394987505760512.000000 1.932303071 -0.151542544 -0.038603857 -0.707787931 -0.368609250 -0.552815616 0.239913389
1413394987705760512.000000 1.959856749 0.081174992 -0.029494487 -0.692263544 -0.371062040 -0.572194457 0.235961169
1413394988105760512.000000 1.825277686 0.502791047 0.038469262 -0.676631927 -0.353402227 -0.593881011 0.254128873
1413394988205760512.000000 1.749636173 0.590956569 0.063164070 -0.682980537 -0.343090832 -0.586270154 0.268539786
1413394988405760512.000000 1.569081903 0.729194403 0.107813440 -0.711848736 -0.298487067 -0.561204910 0.298707128
1413394989405760512.000000 0.638728619 0.658907831 0.040809311 -0.784391463 -0.178717107 -0.575646400 0.146361202
1413394989505760512.000000 0.531507790 0.630808115 0.032024361 -0.786650956 -0.177297056 -0.571095884 0.153608143
1413394989605760512.000000 0.423859656 0.600719452 0.016299097 -0.789218843 -0.176415786 -0.565738857 0.161091775
1413394989705760512.000000 0.317472041 0.569088876 -0.009153180 -0.791179121 -0.179856375 -0.558643162 0.172061309
1413394990955760384.000000 -0.627071381 0.279441535 -0.649593711 -0.678059161 -0.487404436 -0.445536107 0.322754204
1413394991105760512.000000 -0.707158625 0.312188417 -0.703128576 -0.681128323 -0.481078327 -0.448465228 0.321724772
1413394991555760384.000000 -0.893022537 0.488569617 -0.818705499 -0.719944715 -0.413789988 -0.468096703 0.302229971
1413394991705760512.000000 -0.927677631 0.562085927 -0.844354868 -0.730041444 -0.382829994 -0.491732925 0.280498475
1413394992155760384.000000 -1.003164291 0.773109019 -0.899284661 -0.746125102 -0.301158309 -0.526472151 0.274641663
1413394992355760384.000000 -1.017218828 0.823682487 -0.914192677 -0.767146230 -0.273042738 -0.523176193 0.251437843
1413394992855760384.000000 -0.994995773 0.890698254 -0.898131549 -0.775294125 -0.229953706 -0.556287050 0.191272497
1413394993355760384.000000 -0.973925114 0.922411978 -0.975753486 -0.782473922 -0.224413604 -0.558097839 0.160934642
1413394993755760384.000000 -0.969913721 0.963706970 -1.098853350 -0.782310665 -0.222737223 -0.560494006 0.155642271
1413394994205760512.000000 -0.974892497 1.003329873 -1.282906055 -0.807796299 -0.099438511 -0.568581283 0.119551688
1413394994605760512.000000 -0.967181504 0.968088210 -1.315275788 -0.812024653 -0.036960594 -0.582382917 0.008942856
1413394995005760512.000000 -0.974166334 1.012316465 -1.251307130 -0.802749574 -0.017869134 -0.596047759 0.000923887
1413394995305760512.000000 -1.006512642 1.081234455 -1.332793474 -0.818475187 -0.000670771 -0.573256254 0.038407329
1413394995705760512.000000 -1.004438519 1.130302072 -1.488430619 -0.825618744 -0.011403239 -0.563467801 0.026977096
1413394995805760512.000000 -0.988876641 1.139261723 -1.514853358 -0.816521525 -0.009986739 -0.576511562 0.028764570
1413394995905760512.000000 -0.973443866 1.146935463 -1.537615776 -0.810738981 -0.007925453 -0.584548652 0.030698027
1413394996005760512.000000 -0.959488988 1.152625203 -1.574841142 -0.809610844 -0.009723719 -0.586455107 0.022497188
1413394996305760512.000000 -0.960267901 1.161340117 -1.554212570 -0.800568879 -0.017665157 -0.598598301 0.021386761
1413394996705760512.000000 -0.937194407 1.162396550 -1.537789583 -0.803723633 -0.018923620 -0.594364882 0.020018402
1413394997205760512.000000 -0.907699943 1.169160366 -1.511631727 -0.803262889 -0.018384902 -0.594986796 0.020529533
1413394997705760512.000000 -0.874740362 1.178474545 -1.484912515 -0.803267658 -0.018286344 -0.594981968 0.020571437
1413394998205760512.000000 -0.838483274 1.191380262 -1.458386660 -0.803210080 -0.017991014 -0.595065832 0.020654269
