1403715529262142976.000000 -0.647178769 0.362075269 0.468294680 -0.593593657 -0.570693016 -0.410075307 0.392166346
1403715529812143104.000000 -0.752529740 0.454897642 0.599872947 -0.544760525 -0.617845476 -0.384105772 0.417092085
1403715532562142976.000000 -1.850872397 1.070789576 1.263816237 -0.486592144 -0.645888984 -0.325022370 0.490322351
1403715532662142976.000000 -1.862288713 1.079659939 1.258283019 -0.491272599 -0.639322817 -0.314254910 0.501160204
1403715532862142976.000000 -1.852809429 1.089844823 1.242743492 -0.496546566 -0.628210425 -0.304687053 0.515712261
1403715535112143104.000000 0.773817539 0.734065294 1.150370121 -0.673059225 -0.508123279 -0.435236931 0.315231651
1403715537812143104.000000 2.293555975 2.288347244 1.013209462 -0.604135215 -0.519335508 -0.437668711 0.416842282
1403715540312143104.000000 1.038091660 -0.068836182 0.853213966 -0.829584479 -0.192377493 -0.495616853 0.170717537
1403715542062142976.000000 2.840137243 -1.020947576 1.151391983 -0.787401259 -0.256888300 -0.554581702 0.080292493
1403715543012143104.000000 3.593525171 -0.671841562 1.219605207 -0.732400179 -0.329658210 -0.540686905 0.250146210
1403715543512143104.000000 3.715220213 -0.625852525 1.140717745 -0.728586435 -0.317593873 -0.550013781 0.256477803
1403715543912143104.000000 3.717674732 -0.717367470 1.072499156 -0.709403574 -0.313310742 -0.597546339 0.203768015
1403715546662142976.000000 1.016456485 -1.570562482 0.775857806 -0.783996761 -0.250694126 -0.539558887 0.177137926
1403715546962142976.000000 0.713390291 -1.674551725 0.806548417 -0.759485066 -0.378327519 -0.472578049 0.238160864
1403715547412143104.000000 0.349310815 -1.688588381 0.857496679 -0.663091481 -0.537569940 -0.419962853 0.308155090
1403715547612143104.000000 0.193834722 -1.618195295 0.870489895 -0.627419233 -0.590554833 -0.382942349 0.333084643
1403715547762142976.000000 0.071272321 -1.528117418 0.878364563 -0.591568708 -0.630230427 -0.359955370 0.351124197
1403715547912143104.000000 -0.059427582 -1.404482961 0.886699021 -0.554038882 -0.661410451 -0.339622796 0.374477655
1403715548062142976.000000 -0.199743897 -1.250337958 0.896786690 -0.519293606 -0.671791077 -0.332992971 0.410056978
1403715548212143104.000000 -0.346378803 -1.080715537 0.904776871 -0.492003202 -0.670857072 -0.343000531 0.436158657
1403715548712143104.000000 -0.882582188 -0.518615603 0.830140948 -0.494377881 -0.658376634 -0.348785102 0.447749496
1403715549012143104.000000 -1.222784400 -0.200008094 0.768999755 -0.501658022 -0.650104463 -0.349653780 0.451049477
1403715551162142976.000000 -1.476861358 1.380503058 0.765476942 -0.768141747 -0.303091109 -0.485024661 0.287828445
1403715551362142976.000000 -1.224160433 1.443953991 0.803197980 -0.790183902 -0.235057056 -0.504089236 0.257394135
1403715551612143104.000000 -0.858000159 1.456659555 0.858788669 -0.804687560 -0.153625801 -0.536105394 0.203636989
1403715551862142976.000000 -0.468915194 1.385286331 0.917762458 -0.792855144 -0.080845565 -0.589118004 0.133359253
1403715552062142976.000000 -0.188643441 1.279084206 0.961081266 -0.781641126 -0.025243020 -0.618659079 0.075239487
1403715552262142976.000000 0.037362989 1.142936230 0.996200860 0.779048085 -0.023850633 0.626368642 -0.013325245
1403715552462142976.000000 0.201583743 0.997387469 1.025626779 0.765811503 -0.082928643 0.635977268 0.046783190
1403715552712143104.000000 0.305327713 0.828492284 1.051226854 0.741633236 -0.185866073 0.636002064 0.104572654
1403715553012143104.000000 0.271916658 0.647952080 1.052839160 0.711197972 -0.329879254 0.600059807 0.159077018
1403715554262142976.000000 -1.284962654 0.266336411 0.864722311 0.645961940 -0.570609510 0.382091165 0.333383054
1403715554612143104.000000 -1.704205275 0.142703414 0.789972782 0.702791929 -0.432053566 0.333955556 0.455946267
1403715554762142976.000000 -1.775361896 0.085520625 0.724568844 0.708155572 -0.370891750 0.321070880 0.507807553
1403715555112143104.000000 -1.439478517 0.151572362 0.671287417 0.659874439 -0.427038431 0.406294644 0.465970486
1403715557812143104.000000 -0.780225813 -0.109727107 1.083666682 0.662141383 -0.498440534 0.438271105 0.347914249
1403715558462142976.000000 -0.800911367 -0.850979209 1.219624639 0.646795332 -0.500119567 0.435794145 0.376323879
1403715558912143104.000000 -0.726051629 -1.295417786 1.227609992 0.632548153 -0.471640706 0.479295254 0.384335905
1403715559262142976.000000 -0.643370390 -1.474016786 1.224283576 0.673536122 -0.406665117 0.501714110 0.359521270
1403715560412143104.000000 -0.025227562 -1.284379840 1.028654575 0.791844547 -0.245158598 0.527626097 0.185715646
1403715562112143104.000000 1.798052430 -0.477941453 1.107888937 -0.774823129 -0.114799052 -0.618444026 0.063223191
1403715563462142976.000000 1.949421167 0.702264190 1.191981077 -0.725037098 -0.319867343 -0.565257251 0.229107887
1403715566112143104.000000 0.454258502 0.776792169 1.365221739 0.104649507 -0.790860176 0.074734472 0.598334014
1403715566312143104.000000 0.483410716 0.670574009 1.423756361 0.200978428 -0.772071719 0.144164622 0.585431099
1403715566712143104.000000 0.636026800 0.500977397 1.458404183 0.363757014 -0.705236673 0.262140632 0.549185216
1403715567012143104.000000 0.837754726 0.426295251 1.436856151 0.483122230 -0.630999565 0.356742442 0.491088033
1403715567312143104.000000 1.090421438 0.420550346 1.419851542 0.608944654 -0.529733479 0.449111789 0.383232832
1403715568212143104.000000 1.848089099 0.661198258 1.118789673 0.797909439 -0.075241365 0.591544986 0.088055253
1403715568412143104.000000 1.980711102 0.777700663 1.051192522 -0.799808919 -0.014152196 -0.599876046 -0.015941495
1403715568612143104.000000 2.079553366 0.913523555 0.999885201 -0.792790115 -0.105013885 -0.598353505 0.049285859
1403715568912143104.000000 2.154166937 1.143212914 0.957792878 -0.770355880 -0.234873757 -0.575545728 0.141891345
1403715569112143104.000000 2.162463427 1.301947474 0.934195280 -0.755536973 -0.306595117 -0.546103776 0.192181930
1403715571862142976.000000 0.721489429 1.379913092 0.640913308 -0.299535841 -0.794910729 -0.065731190 0.523521364
1403715572362142976.000000 0.491206288 1.520959258 0.500414610 -0.208521649 -0.826967835 -0.146972939 0.501040936
1403715572562142976.000000 0.317544162 1.657363892 0.456209451 -0.135838047 -0.805129170 -0.158821926 0.555059135
1403715572762142976.000000 0.132640392 1.742434859 0.408115864 -0.082395241 -0.806817293 -0.125956640 0.571307242
1403715572962142976.000000 -0.049608454 1.771289706 0.392298847 -0.040070679 -0.813451767 -0.070360817 0.575968683
1403715574062142976.000000 -0.897287726 1.647903085 0.619690895 0.267408013 -0.803821146 0.165912628 0.504814506
1403715574212143104.000000 -1.029617667 1.609455228 0.653040707 0.319115996 -0.784133613 0.203601047 0.491778642
1403715574412143104.000000 -1.219749212 1.537928939 0.701738954 0.392102242 -0.730500877 0.230808064 0.509266078
1403715575662142976.000000 -1.743486762 0.670317352 0.917648971 0.439110696 -0.674643993 0.256562382 0.534988761
1403715575812143104.000000 -1.706555963 0.562344909 0.952862084 0.440230757 -0.671233237 0.238869235 0.546428800
1403715576112143104.000000 -1.525385618 0.328361034 1.007942200 0.415096670 -0.695826054 0.265063673 0.522744775
1403715576262142976.000000 -1.402920604 0.209268302 1.031398177 0.405709743 -0.701134801 0.278879642 0.515786588
1403715576412143104.000000 -1.271955729 0.093445957 1.060372114 0.400993884 -0.690028369 0.289229572 0.528593421
1403715576562142976.000000 -1.129095912 -0.010868266 1.094840407 0.393557996 -0.674459517 0.298976839 0.548479199
1403715576712143104.000000 -0.968989611 -0.092118606 1.129281163 0.387664557 -0.669475257 0.294222772 0.561205983
1403715578712143104.000000 1.299214125 0.043467198 0.779451251 0.160567611 -0.858361065 0.099209793 0.477065772
1403715578862142976.000000 1.318791032 0.109043777 0.709383547 0.149450392 -0.871855676 0.075838014 0.460196674
1403715579162142976.000000 1.211008906 0.145815313 0.623744071 0.176755697 -0.828609526 0.023362041 0.530676901
1403715579362142976.000000 1.103251815 0.069569759 0.613694191 0.192510843 -0.798089087 0.002443249 0.570953071
1403715579512143104.000000 1.038128495 -0.044110544 0.600823045 0.182883412 -0.804329574 0.012965662 0.565189838
1403715582112143104.000000 0.387195349 -1.995371938 0.580347836 0.159069896 -0.794328570 0.086352102 0.579898477
1403715584262142976.000000 0.265507877 -2.372707367 0.464726597 0.126546174 -0.760706186 0.179263324 0.610881984
1403715587162142976.000000 1.472854853 -1.422868609 0.667462528 0.161122262 -0.806375265 0.118096232 0.556643486
1403715587662142976.000000 1.584756017 -1.432441592 0.735607147 0.128827304 -0.801350534 0.153345525 0.563672006
1403715588012143104.000000 1.655473709 -1.317236304 0.786194503 0.042034082 -0.812307119 0.085698500 0.575366139
1403715588262142976.000000 1.708445430 -1.170885324 0.785728335 -0.030151231 -0.793836296 0.007173032 0.607341349
1403715588462142976.000000 1.784313202 -1.044646502 0.711799443 -0.093688048 -0.784553409 -0.040732715 0.611587584
1403715588612143104.000000 1.867979765 -0.947217345 0.654986978 -0.137415737 -0.781807244 -0.071739182 0.603943646
1403715588762142976.000000 1.970906496 -0.848725140 0.597980142 -0.178987861 -0.788711965 -0.098900177 0.579754889
1403715588912143104.000000 2.082964897 -0.748063326 0.538487196 -0.216643408 -0.804551542 -0.130102709 0.537434518
1403715589112143104.000000 2.212130308 -0.605816662 0.467059672 -0.266522139 -0.815675318 -0.164244026 0.486480892
1403715589462142976.000000 2.288780689 -0.299299508 0.460938275 -0.339866370 -0.804523230 -0.199834943 0.444183767
1403715589762142976.000000 2.184504509 0.067107722 0.541612506 -0.367726415 -0.789140046 -0.225397572 0.437299877
1403715589962142976.000000 2.028033733 0.368184954 0.666457891 -0.350494325 -0.749626338 -0.254507840 0.500439823
1403715591312143104.000000 0.429607362 1.718112707 1.218973398 -0.006570035 -0.832753599 -0.060458172 0.550293624
1403715591512143104.000000 0.127815485 1.783439636 1.274359107 0.078942940 -0.831927061 -0.014912839 0.549038291
1403715591712143104.000000 -0.178780645 1.799684763 1.291765094 0.148463771 -0.823808968 0.041753385 0.545485020
1403715591912143104.000000 -0.485399008 1.775366068 1.259764075 0.214318931 -0.806621432 0.080595113 0.544916272
1403715592312143104.000000 -1.035194755 1.569701195 1.119746327 0.357159942 -0.740350127 0.145100817 0.550694406
1403715592512143104.000000 -1.227800012 1.371104240 1.103022933 0.426250637 -0.700813353 0.182587430 0.542063653
1403715592762142976.000000 -1.354673743 1.057385325 1.095254421 0.506822169 -0.644017518 0.229020238 0.525283217
1403715593012143104.000000 -1.344614148 0.693231106 1.086102843 0.543829918 -0.623810470 0.333929092 0.451221496
1403715593212143104.000000 -1.293523312 0.393043071 1.077902317 0.581067085 -0.582109690 0.400376856 0.403989673
1403715593462142976.000000 -1.220218778 0.028112728 1.068030238 0.649795771 -0.501301646 0.425000697 0.381885409
1403715593962142976.000000 -0.933414936 -0.584664047 1.055342436 0.730609000 -0.336132139 0.505015850 0.313344568
1403715594462142976.000000 -0.472223371 -0.904856920 1.044529438 0.800527155 -0.185747400 0.536721289 0.191270784
1403715594762142976.000000 -0.134395510 -0.965480745 1.043900013 0.833885610 -0.075619295 0.533340394 0.120269410
1403715595012143104.000000 0.196488217 -0.943327069 1.035105705 0.852800190 -0.005707396 0.521533310 0.026500227
1403715595262142976.000000 0.586082637 -0.895306230 1.028191686 -0.844513893 -0.073272645 -0.528201461 0.049301583
1403715595462142976.000000 0.928467035 -0.848713279 1.017719388 -0.820877373 -0.141236693 -0.542984545 0.106679007
1403715595962142976.000000 1.703906655 -0.699787915 1.013441086 -0.674652874 -0.349760801 -0.628671110 0.165177584
1403715596262142976.000000 1.837568164 -0.612024069 1.070645332 -0.634583175 -0.371836156 -0.634709120 0.237036645
1403715596762142976.000000 1.572116017 -0.528733313 1.212118506 -0.744179726 -0.460233271 -0.421645910 0.237900570
1403715597012143104.000000 1.459406853 -0.338800162 1.279693723 -0.745505571 -0.495439559 -0.370305061 0.248264566
1403715597312143104.000000 1.420518637 0.091034278 1.360662580 -0.710254312 -0.489681065 -0.401427239 0.307583153
1403715597612143104.000000 1.452840567 0.616533220 1.433706760 -0.639074504 -0.500387073 -0.440164864 0.383994102
1403715598362142976.000000 1.625671983 1.694892764 1.487702012 -0.552598059 -0.537738025 -0.455089360 0.445383936
1403715598662142976.000000 1.692829728 1.909468770 1.438109398 -0.539064944 -0.507112026 -0.475932628 0.475115210
1403715599962142976.000000 2.022843122 1.587665677 0.943803966 -0.593464315 -0.542880714 -0.421539724 0.418789923
1403715600262142976.000000 2.166628599 1.419585109 0.818240404 -0.555223107 -0.598967552 -0.441066414 0.372055948
1403715600512143104.000000 2.197390556 1.281573415 0.710351169 -0.511763155 -0.653742611 -0.397550046 0.390733987
1403715600762142976.000000 2.142888069 1.161625147 0.625090718 -0.470546126 -0.699355721 -0.315419912 0.435887814
1403715601112143104.000000 1.992390633 1.060589314 0.643852830 -0.379316181 -0.742024601 -0.269254118 0.482722431
1403715601862142976.000000 1.454896927 0.898374379 0.920892060 -0.350485593 -0.739181042 -0.264328837 0.510785222
1403715602112143104.000000 1.238899589 0.824277997 0.994773030 -0.363238156 -0.697043598 -0.299131751 0.541025519
1403715602612143104.000000 0.904380977 0.536452770 1.065957904 -0.473612875 -0.665430248 -0.337661684 0.467844158
1403715602862142976.000000 0.760245085 0.367321044 1.045561671 -0.517102480 -0.636786938 -0.375994921 0.430970043
1403715603112143104.000000 0.600121558 0.203213051 0.949363410 -0.560409546 -0.601067007 -0.402791053 0.403012365
1403715603362142976.000000 0.422420084 0.050799564 0.837693214 -0.601722896 -0.571763277 -0.417484492 0.369760901
1403715603612143104.000000 0.225005880 -0.072673060 0.748014331 -0.628460586 -0.541804373 -0.413351506 0.375001132
1403715603862142976.000000 0.047761656 -0.167419180 0.686650693 -0.647252381 -0.513602853 -0.398979247 0.397607982
1403715604112143104.000000 -0.059213549 -0.235700846 0.677389562 -0.656826258 -0.533906996 -0.383909464 0.368966222
1403715604512143104.000000 -0.141484827 -0.243559614 0.655187309 -0.636608899 -0.541868210 -0.415317506 0.358635336
1403715604862142976.000000 -0.203663275 -0.187543452 0.623534679 -0.624095559 -0.534530342 -0.434185952 0.369140506
1403715605262142976.000000 -0.290218532 -0.104508735 0.609829068 -0.621643782 -0.537349641 -0.432659775 0.370971650
1403715605662142976.000000 -0.372597724 -0.003458578 0.572997808 -0.625914335 -0.533674300 -0.416510373 0.387223572
1403715606112143104.000000 -0.427152634 0.116451867 0.486537814 -0.609850824 -0.543195128 -0.434013605 0.380332947
1403715606512143104.000000 -0.487490803 0.219278812 0.413107455 -0.612418652 -0.539203346 -0.421159893 0.396014452
1403715606912143104.000000 -0.516798139 0.301533610 0.383468509 -0.604737997 -0.532844007 -0.419572413 0.417526305
1403715607312143104.000000 -0.509636700 0.330894738 0.327528656 -0.595412552 -0.552878320 -0.429796249 0.393807888
1403715607712143104.000000 -0.534502923 0.318922311 0.303830922 -0.596857429 -0.551762640 -0.432331651 0.390395254
1403715608162142976.000000 -0.562828779 0.302860171 0.279808015 -0.597114980 -0.557335556 -0.429239362 0.385466367
1403715608362142976.000000 -0.562377572 0.300961345 0.278756171 -0.596736073 -0.556811988 -0.429597288 0.386410058
1403715608662142976.000000 -0.562820196 0.298592567 0.278635889 -0.596692264 -0.556577504 -0.429826587 0.386560351
1403715608912143104.000000 -0.563053608 0.295120895 0.279114693 -0.596796393 -0.556415617 -0.429680437 0.386795282
