1413393889605760512.000000 -0.507563651 -0.722151697 0.945283353 -0.615349889 -0.542015672 -0.420803398 0.387927920
1413393892505760512.000000 -1.283825040 -1.656613350 1.365040898 -0.620732367 -0.544041514 -0.428909510 0.367078781
1413393895055760384.000000 -1.563061714 -0.356390327 1.386399508 -0.612783909 -0.525265098 -0.433735073 0.400582463
1413393895505760512.000000 -1.356489539 0.170316175 1.329808593 -0.608577669 -0.525570989 -0.439931005 0.399836361
1413393897405760512.000000 -0.693215251 0.821618021 1.340856552 -0.818598151 -0.142876565 -0.556075156 0.016242223
1413393899555760384.000000 -0.057342537 1.743512392 1.685540438 -0.686152101 0.006155937 -0.727329433 0.012225444
1413393901255760384.000000 -0.746850491 1.088491797 1.502765179 0.850799084 -0.010966557 0.525016367 -0.019456562
1413393903955760384.000000 1.050092340 1.579792976 1.697566032 0.781612813 -0.188331068 0.592846632 0.046322744
1413393905005760512.000000 1.513076782 1.209120154 1.814328790 0.792385697 -0.254012555 0.513387620 0.209847167
1413393907855760384.000000 2.105324745 0.302099288 1.181495190 0.552711904 -0.588468373 0.415658385 0.418858796
1413393910005760512.000000 2.248472452 1.083339095 0.825791001 0.560749650 -0.639863372 0.327658176 0.410822093
1413393910255760384.000000 2.305134535 1.093737721 0.747661412 0.557051063 -0.657272756 0.315466255 0.397703111
1413393910555760384.000000 2.369667768 0.935941517 0.764685631 0.545781612 -0.686166584 0.319879204 0.359131336
1413393910805760512.000000 2.376606464 0.669986963 0.760861576 0.540888965 -0.666966677 0.352216989 0.372206658
1413393912005760512.000000 2.192798853 -0.805906594 0.627418399 0.551307499 -0.620681763 0.391503692 0.396911949
1413393912305760512.000000 2.160022259 -1.096897721 0.803454340 0.555765808 -0.665491819 0.360169768 0.344271451
1413393912455760384.000000 2.111633778 -1.298071027 0.904369950 0.545090199 -0.657855153 0.371101558 0.363850147
1413393912605760512.000000 2.045062065 -1.525735378 1.001052856 0.531254530 -0.638922632 0.392702490 0.394120902
1413393912755760384.000000 1.968028426 -1.756258011 1.069167733 0.527236462 -0.620331526 0.403500646 0.417609602
1413393913805760512.000000 1.152995825 -2.905261993 1.065102458 0.267248064 -0.729988992 0.310370326 0.547142506
1413393913955760384.000000 0.987747967 -2.934453726 1.082357883 0.223211348 -0.743171692 0.275149167 0.567596257
1413393914605760512.000000 0.438035905 -2.718420744 1.227669954 0.062676288 -0.806909204 0.072082490 0.582900882
1413393917505760512.000000 -1.482257605 -2.432998896 1.800937057 -0.418066174 -0.712938607 -0.222440377 0.517165005
1413393917655760384.000000 -1.505120277 -2.434285402 1.804079175 -0.474306911 -0.687649727 -0.261698812 0.483409315
1413393918055760384.000000 -1.515408993 -2.366223574 1.776406288 -0.591973662 -0.567759812 -0.380151600 0.427435189
1413393918655760384.000000 -1.319896460 -2.219926834 1.796537995 -0.745051384 -0.366014779 -0.467111260 0.304530412
1413393918705760512.000000 -1.285237312 -2.207975388 1.802140474 -0.753008544 -0.342700154 -0.478673369 0.293950230
1413393919705760512.000000 -0.573619425 -2.486117125 1.827629566 0.761068046 -0.128766835 0.635264456 -0.025173157
1413393922305760512.000000 -1.387978792 -3.691522837 0.541792870 0.830477238 -0.083766669 0.545663416 0.074446097
1413393922555760384.000000 -1.342503786 -3.661803484 0.414868802 0.842898488 -0.107446633 0.524691880 0.051729325
1413393922905760512.000000 -1.157215118 -3.679791212 0.286057770 0.829968274 -0.116823569 0.544080675 0.038484339
1413393923355760384.000000 -0.749312341 -3.801893711 0.286595106 0.839261353 -0.101428956 0.530073404 0.066141620
1413393924605760512.000000 0.900336564 -4.262501240 0.510974407 -0.755293727 -0.323454827 -0.567784429 0.050292116
1413393924755760384.000000 1.038850665 -4.182744980 0.568178713 -0.729470193 -0.336774617 -0.593792975 0.043197725
1413393924905760512.000000 1.118312478 -4.033604622 0.655327201 -0.735394239 -0.317665190 -0.595535874 0.060177028
1413393927755760384.000000 2.252705812 -0.678212404 1.796934724 -0.646081507 -0.504925311 -0.494381160 0.288472652
1413393928205760512.000000 2.322849989 -0.234162524 2.032311678 -0.602028787 -0.520390272 -0.527781188 0.296988994
1413393928655760384.000000 2.081788778 0.176913261 2.114313364 -0.636419833 -0.457578570 -0.492857635 0.377734154
1413393930155760384.000000 0.686091781 0.528775811 2.401409626 -0.804469883 -0.132125735 -0.553748786 0.169508904
1413393933005760512.000000 -0.546902359 -0.928822100 1.365371108 -0.785278320 -0.172055304 -0.586760879 0.097194217
1413393933205760512.000000 -0.555051446 -1.008390069 1.342620492 -0.766494513 -0.167222828 -0.610601187 0.108115695
1413393935355760384.000000 -1.124461532 -2.486661673 0.836152911 -0.780790210 -0.334598988 -0.485221803 0.207292348
1413393935655760384.000000 -1.037905931 -2.622249603 0.830033779 -0.716692805 -0.445257545 -0.476108909 0.247825727
1413393936105760512.000000 -1.004872918 -2.581624031 0.891586959 -0.643541813 -0.530919194 -0.449507594 0.319251835
1413393936255760384.000000 -1.044941902 -2.513944387 0.918708861 -0.625302613 -0.545748234 -0.405723274 0.382810980
1413393939055760384.000000 -0.819649041 -2.717604160 1.412573695 -0.100679919 -0.786633074 -0.071187682 0.604982972
1413393939755760384.000000 -0.568976939 -3.180117130 1.334698319 -0.079657540 -0.895062745 0.004633002 0.438743472
1413393940105760512.000000 -0.750142753 -3.277713537 1.296582103 -0.071107477 -0.744182527 -0.028107900 0.663585722
1413393940455760384.000000 -0.714341998 -3.348510027 1.267433763 -0.079858400 -0.777291000 -0.018650431 0.623773634
1413393940755760384.000000 -0.562920868 -3.352939129 1.256846189 -0.126226306 -0.875899374 0.023258470 0.465108812
1413393941205760512.000000 -0.643784225 -3.098562002 1.381675482 -0.089482583 -0.742857933 -0.036411002 0.662441850
1413393943505760512.000000 -0.761353135 -1.653413177 1.512904167 -0.070463620 -0.740111530 -0.068032473 0.665313065
1413393945405760512.000000 -0.818873942 -1.279734969 1.724479437 -0.258283734 -0.706782281 -0.227928847 0.617897093
1413393948355760384.000000 -0.687447250 -1.815265894 1.242462873 -0.746965647 -0.227510348 -0.607162833 0.147087365
1413393951155760384.000000 -1.438717127 -3.178972483 1.293791771 0.816576540 -0.039901715 0.572674870 0.060450543
1413393953705760512.000000 -0.307152182 -3.813452721 1.122506142 -0.797372580 -0.005924352 -0.603370011 0.010319632
1413393954005760512.000000 -0.214382514 -3.901459694 1.133356333 -0.797241807 -0.027484419 -0.603009641 0.005427448
1413393955255760384.000000 0.508187532 -3.781149149 1.225982428 -0.800498188 -0.209705621 -0.544643641 0.136343345
1413393956555760384.000000 1.438565731 -3.001673937 1.222540021 -0.665395260 -0.443522513 -0.500268936 0.332066357
1413393956805760512.000000 1.505463004 -2.846467733 1.221631765 -0.634837568 -0.515422404 -0.442989260 0.367534548
1413393957055760384.000000 1.564427972 -2.697821617 1.229256153 -0.595523357 -0.568072557 -0.389877230 0.413087398
1413393959655760384.000000 1.742819667 -1.617151737 0.859154642 -0.300934911 -0.728632867 -0.232738256 0.569530725
1413393961105760512.000000 1.668409824 -1.600069284 0.495120436 -0.203914240 -0.812146664 -0.123953998 0.532421231
1413393961255760384.000000 1.609775186 -1.583865523 0.474746794 -0.195984676 -0.787039161 -0.124214441 0.571603179
1413393962155760384.000000 1.696937203 -1.597799897 1.011677146 -0.192132294 -0.804923177 -0.134864017 0.544972897
1413393962505760512.000000 1.725565553 -1.645818114 1.444302678 -0.201991707 -0.834794164 -0.126562506 0.496286184
1413393962655760384.000000 1.703015208 -1.651360869 1.566918015 -0.220261440 -0.840525150 -0.142267346 0.474091232
1413393962805760512.000000 1.645647287 -1.642040491 1.665088177 -0.240299180 -0.821329296 -0.189686477 0.481345445
1413393962955760384.000000 1.555647969 -1.629892707 1.744417548 -0.266727656 -0.789193332 -0.250723839 0.493120521
1413393963155760384.000000 1.396392345 -1.635527730 1.809964299 -0.324350089 -0.741240263 -0.314213902 0.496618241
1413393963305760512.000000 1.252666116 -1.664748907 1.829401731 -0.380705029 -0.700279415 -0.336535633 0.501414239
1413393963455760384.000000 1.098045111 -1.712980747 1.823729157 -0.431265235 -0.667025745 -0.358938336 0.490153313
1413393965255760384.000000 -0.718086660 -3.097283840 1.026854515 -0.806221366 -0.318854392 -0.400626361 0.296373963
1413393968005760512.000000 -1.043668270 -1.860777378 1.171027303 -0.813189805 -0.153530985 -0.544053912 0.138405383
1413393970555760384.000000 -1.451188564 -1.527376533 1.317644358 0.817202926 -0.084549651 0.563746929 0.084972344
1413393972405760512.000000 -2.056183815 -0.779999733 1.346613169 0.816798687 -0.118897639 0.562324762 0.049941294
1413393973855760384.000000 -2.677518606 -0.359180272 1.174528480 0.775373340 -0.124906123 0.618786931 0.017246865
1413393974005760512.000000 -2.810709715 -0.257066965 1.162287116 0.807516277 -0.162656322 0.565213323 -0.044657227
1413393974205760512.000000 -2.985730171 -0.218623400 1.165424228 0.874999583 -0.160441577 0.454604954 -0.044368125
1413393974455760384.000000 -3.037349463 -0.330941796 1.234521866 0.911692381 -0.082094595 0.398435622 0.057676788
1413393974655760384.000000 -2.875178814 -0.439267337 1.326651335 0.887396336 -0.021636108 0.445041060 0.118313663
1413393974805760512.000000 -2.666697979 -0.480214596 1.398419023 -0.846271634 0.000822087 -0.516127527 -0.132045686
1413393975205760512.000000 -2.050710201 -0.413977802 1.437233567 0.788070977 -0.055638004 0.610204101 0.059156179
1413393978155760384.000000 -0.860151768 0.468845069 1.487436652 0.814683437 -0.065893367 0.573677421 0.053321213
1413393980305760512.000000 -1.188382626 0.183977380 1.558217287 0.635693848 -0.553834319 0.396682799 0.363047689
1413393980705760512.000000 -1.386343241 -0.140215501 1.547106624 0.611993372 -0.543910325 0.405367613 0.406574428
1413393981305760512.000000 -1.490391850 -0.738088489 1.605055094 0.597969592 -0.576016247 0.427958071 0.357056797
1413393983405760512.000000 -0.872847795 -3.111148834 1.629818201 -0.820572674 -0.082261734 -0.563471019 -0.048927136
1413393983655760384.000000 -0.655834377 -3.100550175 1.639051676 -0.790963769 -0.197829172 -0.578476489 0.024595825
1413393983955760384.000000 -0.467146069 -2.930111408 1.671214581 -0.751573980 -0.304175377 -0.573030233 0.119374722
1413393984605760512.000000 -0.512502730 -2.200183153 1.808753729 -0.643097222 -0.476569265 -0.534632742 0.271063983
1413393984805760512.000000 -0.656366467 -1.941002250 1.833961725 -0.649773896 -0.477120727 -0.497182727 0.320872366
1413393985405760512.000000 -1.049468637 -1.226330400 1.692594528 -0.723330081 -0.362555593 -0.525775552 0.262501746
1413393988355760384.000000 -0.851341724 0.674115777 1.487294912 0.792664170 -0.140107647 0.580535054 0.122607015
1413393991255760384.000000 -0.159806520 1.605974197 1.427091479 0.633311152 -0.450544089 0.474174410 0.413625151
1413393993205760512.000000 -0.326818615 1.560516119 1.625182509 0.668921053 -0.496785909 0.435404837 0.340838790
1413393993605760512.000000 -0.333979398 1.554901123 1.672962308 0.683262646 -0.502871692 0.411565453 0.332995713
1413393994005760512.000000 -0.233991146 1.439115882 1.696056724 0.589275539 -0.423992306 0.536653519 0.430102199
1413393994355760384.000000 -0.184639677 1.653893590 1.704295397 0.601055920 -0.476739228 0.531729341 0.358769417
1413393994755760384.000000 -0.240099445 2.030834198 1.662914157 0.704402089 -0.565387130 0.354472369 0.241877168
1413393995255760384.000000 -0.210105881 1.963304758 1.554694533 0.633889735 -0.515375555 0.478147507 0.322407722
1413393995705760512.000000 -0.232977837 1.786194444 1.429278016 0.692190409 -0.406146139 0.538110614 0.257594049
1413393996155760384.000000 -0.402043492 1.634967446 1.358404040 0.742554843 -0.240716994 0.598335743 0.180726215
1413393996405760512.000000 -0.565360904 1.590086579 1.306792855 0.773690641 -0.221700013 0.576083601 0.142757431
1413393996855760384.000000 -0.872916043 1.503134847 1.133490682 0.804640651 -0.199412808 0.542997301 0.133947372
1413393997105760512.000000 -0.989967823 1.450626969 1.067942858 0.812440872 -0.165540814 0.545243800 0.123471819
1413393997605760512.000000 -1.117702484 1.366610885 0.935124636 0.802108526 -0.139399812 0.569753230 0.112119541
1413393998005760512.000000 -1.182706237 1.355947852 0.817814052 0.804797530 -0.141071528 0.564892054 0.115311064
1413393998255760384.000000 -1.202341437 1.378415465 0.776605129 0.804569602 -0.147508934 0.562171578 0.121951215
1413393998555760384.000000 -1.198366880 1.433786154 0.759688139 0.806175888 -0.168375239 0.556204498 0.111205839
1413393998955760384.000000 -1.166810155 1.493430734 0.740096092 0.793954790 -0.183399349 0.572182178 0.092779242
1413393999305760512.000000 -1.154922128 1.508821130 0.695422888 0.805951059 -0.163669258 0.555794716 0.121439874
1413393999655760384.000000 -1.113183260 1.527482629 0.644258738 0.799510300 -0.190291911 0.562903166 0.087820582
1413394000055760384.000000 -1.061372519 1.477587581 0.562232912 0.792903781 -0.171563491 0.573177338 0.115486793
1413394000505760512.000000 -1.071134806 1.482661963 0.561687589 0.786400557 -0.179810464 0.577447534 0.125684962
1413394001005760512.000000 -1.070719838 1.481604338 0.562677205 0.783880293 -0.180818975 0.580873251 0.124187641
1413394001505760512.000000 -1.070407271 1.481161356 0.562662959 0.783922911 -0.180860564 0.580799103 0.124204092
1413394002005760512.000000 -1.071825981 1.481956244 0.562348306 0.783971429 -0.181112111 0.580744028 0.123788938
1413394002505760512.000000 -1.071585894 1.481920242 0.562589109 0.783891141 -0.181313917 0.580833137 0.123583227
1413394003005760512.000000 -1.071410418 1.481825829 0.562757313 0.784009576 -0.181611776 0.580633938 0.123331018
