1413393889605760512.000000 2.182376862 -1.758635521 -1.717780828 -0.568789124 -0.588393986 -0.391545027 0.420670807
1413393892255760384.000000 1.625371933 -2.434506655 -1.317002654 -0.566255152 -0.585975170 -0.406723559 0.412994146
1413393892905760512.000000 1.428435802 -3.268710136 -1.380778313 -0.605307579 -0.618621826 -0.358482361 0.349857360
1413393893105760512.000000 1.347438097 -3.396976948 -1.394050717 -0.611500442 -0.629403472 -0.343364358 0.334692955
1413393893455760384.000000 1.181228995 -3.384713173 -1.359993696 -0.609155476 -0.608848810 -0.350638092 0.367812216
1413393893705760512.000000 1.070324779 -3.235001802 -1.319814205 -0.615541637 -0.597304702 -0.339899689 0.385751069
1413393894155760384.000000 0.969978452 -2.754831314 -1.217175245 -0.592788815 -0.574943602 -0.374461502 0.421686947
1413393895255760384.000000 1.178358197 -1.290510774 -1.209324598 -0.567909420 -0.583336174 -0.393191755 0.427314937
1413393895405760512.000000 1.214179277 -1.107892752 -1.239631414 -0.564572871 -0.580997467 -0.397284895 0.431119561
1413393895555760384.000000 1.253571510 -0.936915457 -1.286629438 -0.567042589 -0.576015174 -0.402389228 0.429828227
1413393895705760512.000000 1.297309875 -0.777246594 -1.328885436 -0.575904191 -0.563982606 -0.414229870 0.422695756
1413393898505760512.000000 2.310953617 0.449698478 -1.175326943 -0.720541418 -0.057331577 -0.685482979 0.087443195
1413393899505760512.000000 2.280211926 0.793129861 -1.009350538 -0.702757001 -0.056864668 -0.706842899 0.057203550
1413393899605760512.000000 2.273549080 0.816983581 -0.971419632 -0.673876405 -0.045978844 -0.732585192 0.084234782
1413393899755760384.000000 2.193324327 0.831029356 -0.937751949 -0.707104087 -0.036959618 -0.695625544 0.121420890
1413393902605760512.000000 2.322954893 0.027857266 -1.161662459 -0.811286807 -0.082569517 -0.578585684 0.015318038
1413393905005760512.000000 3.892934799 0.536959589 -0.853071094 0.810717702 -0.188972309 0.527975976 0.168130204
1413393905155760384.000000 3.994455576 0.476329088 -0.861592710 0.783269465 -0.222380146 0.545383513 0.198979869
1413393908105760512.000000 4.651355267 -0.241117999 -1.612954736 0.597755194 -0.534091473 0.445531189 0.398669064
1413393909905760512.000000 4.629274368 0.493902266 -1.793667912 0.609329820 -0.585666120 0.368280441 0.387404025
1413393910105760512.000000 4.659073830 0.548617780 -1.882492781 0.610170186 -0.600588918 0.352095693 0.378172040
1413393910405760512.000000 4.740606308 0.497345090 -1.919341683 0.605211496 -0.626626968 0.340493917 0.353725255
1413393910655760384.000000 4.808915615 0.308221430 -1.895853400 0.597463369 -0.635957360 0.356745452 0.333659142
1413393912105760512.000000 4.899690151 -1.438731194 -1.988921642 0.604113221 -0.598171294 0.406178296 0.335048795
1413393912305760512.000000 4.903317928 -1.649552226 -1.865797520 0.607483923 -0.619056880 0.385882020 0.314367652
1413393913055760384.000000 4.712580681 -2.805000782 -1.543615341 0.549817383 -0.585502565 0.430072635 0.412219673
1413393913255760384.000000 4.623347759 -3.084953070 -1.552772284 0.495628387 -0.620570421 0.432655543 0.426678061
1413393913455760384.000000 4.504936695 -3.323045015 -1.592679977 0.438361496 -0.665583551 0.412428766 0.441293836
1413393914205760512.000000 3.766371250 -3.669815540 -1.538565278 0.235529155 -0.744699836 0.221019655 0.584036410
1413393914355760384.000000 3.633227825 -3.629708767 -1.506093025 0.204730883 -0.771035492 0.163964167 0.580263078
1413393914505760512.000000 3.515338659 -3.583455801 -1.467264295 0.161109403 -0.792062163 0.129842296 0.574301660
1413393914705760512.000000 3.370389938 -3.517773628 -1.409370542 0.096426278 -0.804640353 0.106549636 0.576110303
1413393917655760384.000000 1.464595914 -3.589499474 -0.850615263 -0.417997807 -0.722952068 -0.223570690 0.502627313
1413393919105760512.000000 1.998558164 -3.246119022 -0.810670793 -0.772275984 -0.189267620 -0.565370798 0.219370753
1413393919605760512.000000 2.373198271 -3.414037228 -0.806896865 -0.769033313 0.045159981 -0.630212188 0.096855916
1413393919755760384.000000 2.427675724 -3.532095671 -0.844946504 0.766039610 -0.071394838 0.635897100 -0.061000939
1413393922455760384.000000 1.804576516 -4.794824600 -2.203762770 0.852108479 -0.026925514 0.522138953 0.023604669
1413393922855760384.000000 1.986409187 -4.761412144 -2.363406420 0.832741082 -0.054701108 0.550853491 -0.010514657
1413393923005760512.000000 2.090377569 -4.779227734 -2.399057865 0.843970478 -0.038318876 0.534880757 0.012173736
1413393923305760512.000000 2.381349564 -4.818813801 -2.387509823 0.847967863 -0.028367862 0.528260767 0.032961383
1413393923455760384.000000 2.571707249 -4.829017162 -2.366890669 0.836219668 -0.045143437 0.546451390 -0.009471951
1413393924205760512.000000 3.625277281 -5.034503937 -2.240402222 -0.797361970 -0.249094471 -0.533612311 0.131999686
1413393924355760384.000000 3.841543674 -5.059767723 -2.211105108 -0.768739283 -0.317183644 -0.542105138 0.120650016
1413393924655760384.000000 4.201815128 -4.986464024 -2.133038044 -0.717832506 -0.388203025 -0.570462883 0.092666119
1413393924805760512.000000 4.303296566 -4.866384983 -2.065729380 -0.696718812 -0.392544180 -0.593765020 0.089078732
1413393924955760384.000000 4.334042072 -4.688206673 -1.966021061 -0.721950054 -0.360688686 -0.577296436 0.124180481
1413393925755760384.000000 4.282870293 -3.407742023 -1.208099365 -0.741178572 -0.370271325 -0.486908883 0.276538163
1413393928455760384.000000 4.773668289 -0.561859846 -0.538212359 -0.593516409 -0.535471082 -0.464506894 0.381106645
1413393928705760512.000000 4.588096142 -0.376247585 -0.522326410 -0.597650230 -0.503116548 -0.464255035 0.417319000
1413393929055760384.000000 4.330949783 -0.232860431 -0.489027977 -0.597746372 -0.504741311 -0.500654876 0.370513529
1413393929455760384.000000 3.956153870 -0.209894985 -0.419011593 -0.675668120 -0.426552743 -0.517666638 0.305853993
1413393930855760384.000000 2.629315853 -0.503482878 -0.476753920 -0.780935049 -0.189390466 -0.568982363 0.174730226
1413393933255760384.000000 2.175977945 -2.032398939 -1.315981269 -0.751147628 -0.222620428 -0.599728167 0.162921786
1413393935405760512.000000 1.872161984 -3.605862141 -1.833587289 -0.741122782 -0.412878275 -0.464422166 0.254127234
1413393935655760384.000000 1.961657286 -3.698693275 -1.828011632 -0.679009438 -0.500204086 -0.455647469 0.284828722
1413393935955760384.000000 2.016283989 -3.698110819 -1.787958741 -0.611239433 -0.572308302 -0.460713357 0.294266731
1413393936105760512.000000 1.986635208 -3.655663490 -1.765901566 -0.599818110 -0.579675972 -0.423150957 0.353747606
1413393936255760384.000000 1.936448455 -3.595264673 -1.739210010 -0.580383897 -0.593029380 -0.374507695 0.413781106
1413393936405760512.000000 1.888206244 -3.521109104 -1.709203839 -0.548932612 -0.619663537 -0.326654434 0.456055909
1413393939155760384.000000 2.239141226 -3.824131489 -1.238427401 -0.015743559 -0.775751829 -0.011884126 0.630729854
1413393939505760512.000000 2.447481871 -4.047181129 -1.262108564 0.004898850 -0.858445942 0.029606417 0.512025595
1413393939705760512.000000 2.518155575 -4.156973839 -1.311693072 -0.011083031 -0.897482157 0.044941224 0.438615233
1413393940305760512.000000 2.333306313 -4.353740692 -1.377414823 -0.022096999 -0.713028908 0.040243898 0.699629843
1413393940705760512.000000 2.537871361 -4.358258724 -1.406382799 -0.044905171 -0.878328979 0.050392933 0.473267764
1413393941105760512.000000 2.459216118 -4.175792217 -1.309287429 -0.037145730 -0.784152508 0.020297023 0.619122863
1413393941855760384.000000 2.468682528 -3.620088100 -1.172577739 -0.013657307 -0.882181644 0.008690723 0.470631063
1413393943105760512.000000 2.235314131 -2.832791567 -1.122298598 -0.013708192 -0.852620840 -0.018849561 0.522010088
1413393944905760512.000000 2.069674492 -2.449568033 -1.026479363 -0.164759010 -0.843741357 -0.105210908 0.499885648
1413393945055760384.000000 2.055673122 -2.416893244 -0.986295998 -0.173659831 -0.840735376 -0.109653287 0.500981510
1413393946605760512.000000 2.078503609 -2.439168453 -1.090962648 -0.489395976 -0.655258894 -0.321489245 0.477254719
1413393947505760512.000000 2.094036102 -2.551815748 -1.198595881 -0.656644106 -0.434936076 -0.490838796 0.372459978
1413393950255760384.000000 1.510800362 -3.426877260 -1.272678971 -0.845927775 -0.011006665 -0.531870544 0.037401721
1413393952505760512.000000 2.273230553 -4.765269756 -1.608704805 0.812024295 -0.006193651 0.583494306 0.010613317
1413393953805760512.000000 2.926644802 -4.790060043 -1.519922018 -0.789359987 -0.073949322 -0.607465625 0.049274236
1413393954005760512.000000 2.989204168 -4.836054325 -1.523865104 -0.792549431 -0.090251699 -0.600673139 0.053961784
1413393955105760512.000000 3.539795160 -4.694360256 -1.451529503 -0.796644390 -0.266094804 -0.518648088 0.159860551
1413393955355760384.000000 3.789272785 -4.532110214 -1.421238184 -0.775346339 -0.276792794 -0.532179594 0.197506145
1413393955605760512.000000 4.033128738 -4.356977940 -1.385941029 -0.732121348 -0.328173995 -0.545746386 0.241787136
1413393956705760512.000000 4.512295246 -3.584323883 -1.433236361 -0.605999887 -0.535516143 -0.439082623 0.391399026
1413393956905760512.000000 4.537794113 -3.456051350 -1.433557868 -0.576742709 -0.584427953 -0.388116121 0.418542296
1413393957105760512.000000 4.566833973 -3.327768803 -1.427624345 -0.535925925 -0.624669313 -0.348717660 0.448294282
1413393957305760512.000000 4.601571560 -3.191621780 -1.417349696 -0.477048069 -0.670938551 -0.314901739 0.472338349
1413393960155760384.000000 4.637680531 -2.244156599 -1.865162373 -0.254402190 -0.786660850 -0.177208543 0.533892810
1413393960655760384.000000 4.614023209 -2.249348640 -1.913198113 -0.215059876 -0.791165590 -0.155923292 0.550903022
1413393961055760384.000000 4.507894516 -2.259802341 -2.145720243 -0.143558890 -0.827393770 -0.083699219 0.536474526
1413393961255760384.000000 4.430397511 -2.252072096 -2.182091475 -0.132507399 -0.799876988 -0.079224803 0.579967380
1413393962105760512.000000 4.503584385 -2.246077061 -1.705014229 -0.125942156 -0.813988626 -0.093670592 0.559273660
1413393962505760512.000000 4.550455093 -2.295613766 -1.208792567 -0.134597510 -0.848127306 -0.087775506 0.504835606
1413393962705760512.000000 4.514004707 -2.304887772 -1.051037192 -0.158822194 -0.852169096 -0.118251711 0.484355062
1413393962905760512.000000 4.413278580 -2.303624630 -0.931180298 -0.191134483 -0.818139613 -0.192217201 0.507117212
1413393963105760512.000000 4.266114712 -2.324696064 -0.854650557 -0.246682465 -0.775877118 -0.261599869 0.518389940
1413393963305760512.000000 4.085025311 -2.388148308 -0.821826458 -0.323208034 -0.728194118 -0.296314985 0.526751757
1413393963505760512.000000 3.889490843 -2.488734961 -0.834978998 -0.392470956 -0.690001965 -0.326613396 0.513018012
1413393963705760512.000000 3.687845469 -2.615637302 -0.884871304 -0.443484306 -0.655277729 -0.357371211 0.496204197
1413393963905760512.000000 3.484964132 -2.769262791 -0.967864156 -0.482149035 -0.628532767 -0.390990943 0.468620360
1413393965105760512.000000 2.371026754 -3.974525213 -1.596989632 -0.744201303 -0.407093614 -0.397240698 0.350198746
1413393965305760512.000000 2.365260601 -4.162436962 -1.636904001 -0.784976304 -0.381806076 -0.374422044 0.312801063
1413393965705760512.000000 2.630796432 -4.327948570 -1.614594340 -0.725728869 -0.463087976 -0.474132776 0.184567779
1413393965905760512.000000 2.759286642 -4.263796806 -1.585152864 -0.707074642 -0.433682024 -0.507512689 0.233230054
1413393966205760512.000000 2.883181572 -4.076213360 -1.563670754 -0.696057558 -0.430969119 -0.522598803 0.238033563
1413393967655760384.000000 2.093254328 -2.997015715 -1.453050733 -0.745218158 -0.282486230 -0.548373222 0.253255337
1413393970605760512.000000 1.387072682 -2.687421560 -1.326929212 0.817394555 -0.016871776 0.574401677 0.040550988
1413393970905760512.000000 1.427185416 -2.706277847 -1.307830691 -0.804315388 -0.021229213 -0.586190164 -0.094905749
1413393971155760384.000000 1.450307488 -2.610375166 -1.322967410 -0.789129376 -0.009928119 -0.610102654 -0.070364378
1413393972755760384.000000 0.433225662 -2.105418921 -1.344646811 0.836323678 -0.022882851 0.545614779 0.048411164
1413393973005760512.000000 0.339906812 -2.111616373 -1.374007225 0.828583956 -0.022407701 0.555909216 0.062542163
1413393973255760384.000000 0.287508130 -2.060956478 -1.402068019 0.801932275 -0.018801669 0.593397498 0.066562526
1413393973505760512.000000 0.218145534 -1.948171377 -1.429013491 0.760899305 -0.012732928 0.645947456 0.060183339
1413393974005760512.000000 -0.178031251 -1.629461288 -1.489995241 0.818136275 -0.097639836 0.559471905 -0.090059467
1413393974255760384.000000 -0.383201301 -1.635613680 -1.477569342 0.897466719 -0.073595084 0.430830240 -0.059352230
1413393974505760512.000000 -0.357430398 -1.764450312 -1.395724177 -0.912898719 -0.008510349 -0.405690730 -0.044256952
1413393974705760512.000000 -0.140245140 -1.827718377 -1.299571991 -0.872000217 -0.058244705 -0.478029907 -0.087810867
1413393975155760384.000000 0.536486149 -1.688912034 -1.208556890 -0.790348291 -0.013689156 -0.612272680 -0.016864013
1413393977905760512.000000 1.582549453 -0.664509892 -1.201028109 -0.815965772 -0.016849345 -0.577747464 -0.011124123
1413393980105760512.000000 1.493129134 -0.781874716 -1.077758908 0.678217947 -0.475803047 0.476144135 0.294819683
1413393980355760384.000000 1.339865565 -0.960175991 -1.093914628 0.677602887 -0.505769789 0.416192621 0.334417433
1413393981055760384.000000 1.205812335 -1.610479832 -1.105226755 0.656668425 -0.521919012 0.431760103 0.331617802
1413393981355760384.000000 1.217442393 -1.948561430 -1.032599926 0.642219663 -0.528255641 0.454741746 0.318919748
1413393981605760512.000000 1.206271887 -2.264792442 -0.960223377 0.658624709 -0.512037396 0.440523803 0.331617355
1413393981855760384.000000 1.206633925 -2.609350443 -0.957803547 0.669371068 -0.493186623 0.435478836 0.345061719
1413393982855760384.000000 1.703472972 -3.855515242 -1.010846496 0.808215380 -0.154287443 0.546378553 0.156376645
1413393983105760512.000000 1.923632741 -4.048357010 -1.014197826 0.824143589 -0.014795983 0.560209990 0.082057394
1413393983355760384.000000 2.159660339 -4.149725914 -1.021360397 -0.817073107 -0.121097371 -0.563414097 -0.017078480
1413393983655760384.000000 2.420499802 -4.111154556 -1.013096333 -0.773027062 -0.259567618 -0.574511111 0.070645019
1413393983955760384.000000 2.580321550 -3.913540363 -0.979922295 -0.725406110 -0.362460226 -0.561484694 0.164753392
1413393984205760512.000000 2.608034611 -3.666289330 -0.935733795 -0.674724758 -0.442480236 -0.546550333 0.224144086
1413393985955760384.000000 1.345694304 -1.788730979 -1.107267618 -0.799172342 -0.254270732 -0.505402327 0.203072324
1413393986205760512.000000 1.238970518 -1.561445236 -1.139129162 -0.822554290 -0.168471247 -0.513726771 0.176370770
1413393986455760384.000000 1.216730475 -1.381257296 -1.146517277 -0.832897723 -0.073387556 -0.527022660 0.152128071
1413393988155760384.000000 1.585718870 -0.516916811 -1.095802784 0.807690084 -0.081710942 0.580842614 0.059849970
1413393988455760384.000000 1.648067236 -0.295903504 -1.210220218 0.800766885 -0.069938064 0.588156879 0.089177668
1413393991355760384.000000 2.218031645 0.624854565 -1.219463229 0.635323226 -0.385835916 0.549046636 0.382155478
1413393992855760384.000000 2.116644621 0.533645630 -1.034187794 0.650544107 -0.406435043 0.537659943 0.350035280
1413393993305760512.000000 2.000013828 0.625927508 -1.036656022 0.724957228 -0.464582920 0.427639216 0.275180966
1413393993655760384.000000 2.024978638 0.572938561 -0.972355723 0.706239700 -0.435819536 0.459780306 0.316052198
1413393994105760512.000000 2.152892828 0.513532996 -0.971837223 0.609796166 -0.380907297 0.582923234 0.378495514
1413393994505760512.000000 2.104907513 0.870109439 -0.932882726 0.691099465 -0.466254175 0.483192563 0.267420381
1413393994705760512.000000 2.042540789 1.051458359 -0.979272604 0.740791082 -0.505237937 0.386751264 0.215375856
1413393994905760512.000000 2.015510321 1.107025981 -1.029253244 0.739486456 -0.486044943 0.387241274 0.258774608
1413393995355760384.000000 2.086517572 0.987133443 -1.142340541 0.673448384 -0.456716001 0.518770874 0.262210816
1413393995805760512.000000 2.054730654 0.793992877 -1.250979662 0.735645354 -0.303202122 0.569980800 0.204978779
1413393996255760384.000000 1.872751117 0.635452032 -1.324024200 0.768481672 -0.172135577 0.606323600 0.110349223
1413393996505760512.000000 1.702237010 0.563812017 -1.389947414 0.799238622 -0.155561894 0.572646856 0.095360540
1413393996955760384.000000 1.431249142 0.428081781 -1.560628891 0.819440246 -0.120824538 0.553311884 0.088120297
1413393997155760384.000000 1.354126096 0.373589128 -1.606494904 0.823052943 -0.096996255 0.554174542 0.077886216
1413393997455760384.000000 1.283023715 0.307000607 -1.666176438 0.813491642 -0.079257131 0.571964979 0.069322973
1413393997905760512.000000 1.205949187 0.261319041 -1.826264381 0.812194407 -0.076648928 0.574214101 0.068872377
1413393998355760384.000000 1.164958239 0.296418250 -1.899066329 0.812205493 -0.088348664 0.571262002 0.078591049
1413393998605760512.000000 1.167827368 0.348017961 -1.905406713 0.815268695 -0.110688947 0.565123320 0.060996998
1413393998905760512.000000 1.185922861 0.396965712 -1.921195388 0.805570364 -0.125437871 0.577590346 0.041367341
1413393999205760512.000000 1.193764448 0.409169018 -1.954398751 0.810832262 -0.096195780 0.571447730 0.082127407
1413393999605760512.000000 1.226866722 0.441762924 -2.017807484 0.813558936 -0.125144050 0.566018462 0.045649819
1413394000005760512.000000 1.289432287 0.406792879 -2.102054834 0.806409121 -0.120591931 0.576828182 0.049307533
1413394000405760512.000000 1.281187534 0.403049290 -2.100190401 0.794763267 -0.117082320 0.590144753 0.079826482
1413394000655760384.000000 1.281708598 0.403855383 -2.105173111 0.796158791 -0.116422981 0.588234186 0.080977440
1413394001155760384.000000 1.282228947 0.403377175 -2.104942083 0.795697451 -0.118204221 0.588817596 0.078659400
1413394001655760384.000000 1.282240868 0.403332084 -2.105132103 0.795704007 -0.118604973 0.588790476 0.078191653
1413394002155760384.000000 1.281794667 0.403503209 -2.105335474 0.795682192 -0.118895814 0.588805795 0.077855021
1413394002655760384.000000 1.282137513 0.403242797 -2.105188847 0.795656025 -0.119000770 0.588842511 0.077683695
1413394003155760384.000000 1.282006621 0.403299391 -2.105146646 0.795737803 -0.119311683 0.588717341 0.077318117
