1403715893384058112.000000 -7.008248806 -2.529670000 4.394461155 -0.553840756 -0.614196479 -0.387010872 0.407732576
1403715894134057984.000000 -7.052513599 -2.575623751 4.489211082 -0.558083296 -0.613886297 -0.377469182 0.411343783
1403715896534057984.000000 -8.080601692 -2.614842892 5.058203697 -0.582436621 -0.565146387 -0.351168990 0.466966391
1403715899334057984.000000 -4.469817638 -2.712629318 5.147644043 -0.663852930 -0.516843259 -0.434745312 0.321199298
1403715901634057984.000000 -3.567119122 -1.421493888 5.129863739 -0.621323943 -0.481688738 -0.487603724 0.379703879
1403715901984058112.000000 -3.728773594 -1.587878227 5.177708626 -0.635346115 -0.493416041 -0.469907880 0.363404095
1403715902134057984.000000 -3.805563688 -1.679863811 5.193186283 -0.632195354 -0.494490683 -0.473283708 0.363057345
1403715902434057984.000000 -3.980502844 -1.883856893 5.211097240 -0.631783366 -0.510782897 -0.471311986 0.343243003
1403715902984058112.000000 -4.366309643 -2.229608536 5.192680359 -0.630068660 -0.554693162 -0.405983359 0.361256778
1403715905884058112.000000 -5.840882301 -2.075399876 5.190247059 0.102115266 -0.817746878 0.089417100 0.559345365
1403715906034057984.000000 -5.839029789 -2.129077196 5.132406712 0.164026082 -0.821123302 0.125770405 0.532009244
1403715906134057984.000000 -5.844818115 -2.165173769 5.099394798 0.211335778 -0.811217666 0.144607678 0.525691748
1403715906384058112.000000 -5.870710850 -2.272647858 5.028764248 0.327528536 -0.762071311 0.190977812 0.524880826
1403715908384058112.000000 -5.362584591 -2.882523537 5.156016827 0.781409085 -0.173952639 0.585984290 0.125549868
1403715911234057984.000000 -6.547140121 -2.014211178 4.858595371 -0.344643742 -0.705821574 -0.272636384 0.555613160
1403715911384058112.000000 -6.628852367 -2.091772079 4.844326973 -0.304552794 -0.726741076 -0.235925615 0.568712771
1403715912534057984.000000 -6.912703037 -2.931260824 5.003132820 -0.060663871 -0.811662257 -0.034665305 0.579933226
1403715914934057984.000000 -5.878489017 -4.830218792 5.059631348 0.085557073 -0.861347795 0.140659347 0.480598599
1403715915384058112.000000 -5.945546627 -5.119731903 5.098087311 0.082305178 -0.840042710 0.110644214 0.524701893
1403715915734057984.000000 -6.169274807 -5.242235661 5.033473492 0.121316895 -0.820312500 0.076461554 0.553645551
1403715918684058112.000000 -7.458934307 -5.330448627 4.444364548 -0.227109209 -0.782557189 -0.101143807 0.570784986
1403715919134057984.000000 -7.187978268 -5.180560589 4.397392750 -0.211405963 -0.822584510 -0.149622083 0.506236672
1403715919634057984.000000 -7.138139725 -5.043650150 4.413933754 -0.192579016 -0.800674081 -0.160673276 0.544075787
1403715919934057984.000000 -7.187006474 -5.019395351 4.299276352 -0.189712763 -0.800836921 -0.166140676 0.543200314
1403715922884058112.000000 -8.011270523 -5.045541763 5.677714348 -0.116053261 -0.798145652 -0.083001718 0.585325480
1403715923084058112.000000 -8.004923820 -5.046767712 5.735905170 -0.111355208 -0.800697207 -0.088772155 0.581896603
1403715923434057984.000000 -7.974015236 -5.080310345 5.881470680 -0.122527979 -0.812003195 -0.070512414 0.566273630
1403715923584058112.000000 -7.960595131 -5.097712040 5.931900978 -0.135373741 -0.809516191 -0.051585302 0.568943202
1403715924034057984.000000 -7.898312569 -5.076331139 5.829819202 -0.134286925 -0.788057625 -0.049630463 0.598722935
1403715924484058112.000000 -7.727437496 -4.978634834 5.563184738 -0.121247679 -0.803378820 -0.070750788 0.578684449
1403715924634057984.000000 -7.652946949 -4.944570065 5.478237629 -0.128431737 -0.811421812 -0.066496521 0.566284657
1403715924934057984.000000 -7.505652905 -4.844548702 5.315740585 -0.182100534 -0.797598541 -0.077647686 0.569777787
1403715925084058112.000000 -7.423650742 -4.771984100 5.246558666 -0.210084409 -0.777915955 -0.115062833 0.580923319
1403715925234057984.000000 -7.327010155 -4.695719719 5.204100132 -0.241039976 -0.759528995 -0.152335927 0.584644616
1403715926134057984.000000 -6.460033417 -4.212080002 5.146616459 -0.476602674 -0.651477814 -0.305564940 0.505031347
1403715926284058112.000000 -6.277446270 -4.129657269 5.101984978 -0.512849927 -0.612313807 -0.339562804 0.496743351
1403715926434057984.000000 -6.080674648 -4.061847210 5.036562443 -0.541853547 -0.576052725 -0.381334871 0.478687614
1403715929084058112.000000 -5.210502148 -5.022157192 4.441701889 -0.867089748 -0.052070718 -0.493492067 0.043698616
1403715929284058112.000000 -5.253137589 -5.153012753 4.548402786 -0.874817789 -0.095222510 -0.472895652 0.044679523
1403715932134057984.000000 -3.793910742 -4.949470520 5.012540817 -0.795594752 -0.091685489 -0.595806062 0.060316291
1403715932434057984.000000 -3.485067129 -4.893177509 5.083045006 -0.727684319 -0.088607490 -0.676850140 0.067068376
1403715932684058112.000000 -3.418621063 -4.860682011 5.152586460 -0.689804494 -0.080921777 -0.715168893 0.078453675
1403715934484058112.000000 -3.767324209 -4.802089691 5.811333179 -0.695503652 -0.051353242 -0.715023994 0.048768464
1403715934984058112.000000 -4.006090641 -4.801335812 5.851287365 -0.720919788 -0.055541910 -0.687261879 0.069720119
1403715936634057984.000000 -4.803870201 -4.805988312 5.520073891 -0.748062372 -0.037745476 -0.660554886 0.051433556
1403715937134057984.000000 -4.898169041 -4.744724751 5.443613529 -0.793449759 -0.051558048 -0.604298949 0.051010359
1403715938134057984.000000 -5.288196087 -4.616591454 5.008395195 -0.830053329 -0.246366769 -0.476730913 0.151797950
1403715938384058112.000000 -5.195834637 -4.483734608 4.978499889 -0.791286528 -0.309152722 -0.496050388 0.179510966
1403715939534057984.000000 -4.423670769 -3.332635403 5.006618023 -0.685907900 -0.355266422 -0.566568017 0.286909133
1403715941034057984.000000 -4.677621841 -3.048990250 5.542284489 -0.806501806 -0.385987461 -0.403254807 0.194818020
1403715941634057984.000000 -4.304657459 -2.341291904 5.808765411 -0.629058540 -0.285571277 -0.643142045 0.330307126
1403715942084058112.000000 -4.455976009 -2.485209465 5.724408150 -0.641009450 -0.295120895 -0.630933225 0.322387725
1403715944834057984.000000 -4.947142601 -3.329196215 4.947960377 -0.726584256 -0.535522401 -0.325969785 0.281131387
1403715946284058112.000000 -4.994807243 -3.190401793 5.376915455 -0.649428725 -0.627043784 -0.304566175 0.303805888
1403715946884058112.000000 -5.192169666 -2.725095987 5.602838516 -0.504158080 -0.577505171 -0.428355634 0.478355408
1403715947084058112.000000 -5.256238937 -2.624895573 5.655774593 -0.483020395 -0.556753516 -0.449875265 0.504310548
1403715947284058112.000000 -5.308830738 -2.633560181 5.698359489 -0.458993554 -0.514741719 -0.481021076 0.541280627
1403715947484058112.000000 -5.344524860 -2.771360159 5.685434341 -0.505575776 -0.550021291 -0.441492289 0.496944994
1403715948084058112.000000 -5.383429050 -3.333261251 5.394521713 -0.605294645 -0.666209042 -0.283376217 0.330880404
1403715949734057984.000000 -5.529663086 -2.820519209 4.952242851 -0.499436021 -0.727284908 -0.261715978 0.391312063
1403715950034057984.000000 -5.617899418 -2.678934574 4.946716309 -0.430994242 -0.772438049 -0.254422128 0.390964061
1403715952834057984.000000 -6.658637524 -2.485671282 5.490947723 -0.139963612 -0.671444714 -0.137261897 0.714654803
1403715953834057984.000000 -5.874365807 -2.590175867 5.388113022 -0.089569747 -0.910825074 -0.029815527 0.401853114
1403715954634057984.000000 -6.745193958 -2.561780214 5.328751087 -0.026757311 -0.701947868 -0.043693829 0.710383058
1403715955034057984.000000 -6.634136677 -2.762078762 5.286542416 -0.032585490 -0.767929018 -0.039368492 0.638493121
1403715955434057984.000000 -6.266883373 -2.992168903 5.262594700 -0.063424826 -0.875761926 -0.018098146 0.478216380
1403715955634057984.000000 -6.181689262 -3.078757763 5.270275116 -0.071823590 -0.901721001 0.007751282 0.426240027
1403715956434057984.000000 -6.631640434 -3.202047110 5.474042416 0.154970825 -0.724472821 0.090426236 0.665542185
1403715956834057984.000000 -6.429286957 -3.210598707 5.576501369 0.207993791 -0.709232032 0.164488226 0.653201461
1403715957634057984.000000 -5.561775684 -3.092625141 5.458600044 0.221535072 -0.895730019 0.109977707 0.369452208
1403715957934057984.000000 -5.692885876 -3.270910501 5.375751972 0.225919232 -0.840549171 0.132535279 0.474206746
1403715960134057984.000000 -5.557474136 -3.653226614 5.100290298 0.476483643 -0.585095882 0.414985240 0.508343875
1403715960384058112.000000 -5.561798096 -3.758643627 5.145981789 -0.450302154 0.537199855 -0.447967708 -0.554949760
1403715961134057984.000000 -5.263283253 -3.162270546 5.253161430 0.564115703 -0.704971433 0.250590831 0.349275142
1403715961334057984.000000 -5.178532600 -3.142563581 5.301072121 0.553769469 -0.728002191 0.248127356 0.319037706
1403715962534057984.000000 -5.088654995 -3.554104805 5.499058247 0.553331971 -0.482119143 0.550687134 0.397653937
1403715965084058112.000000 -5.346072197 -2.761365891 4.644896030 0.725568235 -0.293327928 0.594667315 0.184066400
1403715967984058112.000000 -5.060956001 -2.450781345 5.451959610 0.795955122 -0.294434160 0.519322217 0.100341208
1403715969484058112.000000 -5.818165302 -2.078053474 4.949000359 0.875428021 -0.244201139 0.400271446 0.117364101
1403715969934057984.000000 -5.635094643 -2.124801874 4.873275757 0.823669851 -0.177044749 0.502513885 0.194172621
1403715970984058112.000000 -5.396852016 -1.673923135 4.894801140 0.850869536 -0.270142615 0.448763579 0.040686503
1403715973884058112.000000 -6.047811508 -2.091264725 5.453926563 0.861067176 -0.006575322 0.504220605 -0.065435149
1403715976484058112.000000 -5.322532177 -3.565583706 5.401219845 -0.816556513 -0.069979534 -0.572709918 0.018488208
1403715978684058112.000000 -5.180432796 -2.407121420 5.336755276 -0.563199818 -0.573855698 -0.431411296 0.409120947
1403715980284058112.000000 -6.423968315 -2.582471848 5.427438259 0.015903445 -0.781397164 -0.046293866 0.622111440
1403715980484058112.000000 -6.469122887 -2.821412086 5.442210674 0.086119808 -0.777911305 0.028225685 0.621804476
1403715980684058112.000000 -6.458542347 -3.073375225 5.452461243 0.156823277 -0.764459908 0.109659567 0.615615487
1403715980934057984.000000 -6.373716354 -3.367164135 5.454218388 0.251522154 -0.743922710 0.201374546 0.585460424
1403715981184058112.000000 -6.228912830 -3.607639074 5.457227707 0.348459274 -0.696758091 0.291666061 0.555009246
1403715981434057984.000000 -6.043204308 -3.766230822 5.466982365 0.446806550 -0.632352889 0.379948825 0.506095469
1403715981884058112.000000 -5.693944931 -3.767774105 5.498837948 0.615087092 -0.482102126 0.489054263 0.387390375
1403715982084058112.000000 -5.551743984 -3.656894922 5.506206036 0.676363766 -0.419182330 0.509508669 0.327443600
1403715982384058112.000000 -5.359609604 -3.426638126 5.522320747 0.732067883 -0.320620865 0.546006620 0.251307935
1403715982634057984.000000 -5.221610069 -3.185383797 5.534096241 0.765614986 -0.227937296 0.572072029 0.186042562
1403715982834057984.000000 -5.132751942 -2.960841179 5.539680958 0.785910130 -0.147556961 0.587687194 0.123272471
1403715983034057984.000000 -5.073842049 -2.718091011 5.545487404 0.797943830 -0.065351322 0.595993400 0.061699249
1403715983234057984.000000 -5.044342995 -2.464401960 5.548658371 -0.799506247 -0.015110006 -0.600450277 0.004585832
1403715983434057984.000000 -5.046254635 -2.209379196 5.550069809 -0.790725350 -0.103283763 -0.599014819 0.072575182
1403715983634057984.000000 -5.084212303 -1.964786649 5.556708813 -0.757295549 -0.182512850 -0.607097924 0.156922892
1403715983834057984.000000 -5.169569492 -1.757166386 5.563715935 -0.723089218 -0.252457410 -0.599271834 0.232981950
1403715984234057984.000000 -5.468035698 -1.536110759 5.581901550 -0.675036311 -0.379008472 -0.533479333 0.340702951
1403715984334057984.000000 -5.556465626 -1.524207473 5.589574814 -0.660695851 -0.406274796 -0.516644359 0.362629950
1403715984484058112.000000 -5.690721035 -1.537133574 5.603728294 -0.633535683 -0.448577791 -0.495849609 0.389286190
1403715984634057984.000000 -5.824216366 -1.583667755 5.615412235 -0.610631168 -0.501419663 -0.463654399 0.400914580
1403715984734057984.000000 -5.913502216 -1.627706766 5.621329308 -0.592696369 -0.536766231 -0.437271416 0.411566317
1403715984784058112.000000 -5.958178997 -1.652290940 5.623672962 -0.582324922 -0.550946712 -0.422871500 0.422534257
1403715985834057984.000000 -6.649230480 -2.464755058 5.656336784 -0.555958390 -0.639129221 -0.326865882 0.419026047
1403715986284058112.000000 -6.878307343 -2.742516756 5.493917942 -0.575967848 -0.599149883 -0.342554122 0.438106477
1403715986584058112.000000 -6.963455200 -2.857098579 5.350186825 -0.559014797 -0.612705290 -0.364685029 0.423201472
1403715986784058112.000000 -7.010856152 -2.915396214 5.241957188 -0.569256485 -0.632969797 -0.343043596 0.397010565
1403715987234057984.000000 -7.110007763 -2.908066034 5.054323196 -0.575932920 -0.568199575 -0.378390521 0.449745566
1403715987684058112.000000 -7.103478909 -2.928300142 4.898394585 -0.585370064 -0.567407012 -0.406115443 0.412869692
1403715988084058112.000000 -7.080109596 -2.962182283 4.785536766 -0.589536309 -0.591692746 -0.387237281 0.390376747
1403715988284058112.000000 -7.074446678 -2.952725649 4.748426437 -0.574397564 -0.585582674 -0.402512401 0.406379253
1403715988784058112.000000 -7.074401855 -2.951138496 4.685092449 -0.587137759 -0.567139089 -0.383034080 0.432328016
1403715989134057984.000000 -7.026223183 -2.969159126 4.672587872 -0.586924374 -0.581060052 -0.389536440 0.407615423
1403715989284058112.000000 -6.999078751 -2.969648361 4.672505856 -0.587462068 -0.580878079 -0.391203254 0.405498356
1403715989784058112.000000 -6.906581879 -2.937567949 4.670203209 -0.577675760 -0.574762821 -0.407389253 0.412277043
1403715990184058112.000000 -6.850179195 -2.916398525 4.635327816 -0.570410669 -0.581466675 -0.411318958 0.409078270
1403715990634057984.000000 -6.841697216 -2.921060562 4.535413742 -0.569977999 -0.590945721 -0.407517254 0.399797410
1403715991034057984.000000 -6.905332565 -2.905753613 4.418984890 -0.571988881 -0.597868979 -0.402378827 0.391755909
1403715991384058112.000000 -6.937157154 -2.893199921 4.408021927 -0.570165277 -0.587405264 -0.404811651 0.407423824
1403715991634057984.000000 -6.937439442 -2.894355536 4.407975674 -0.569278538 -0.588223994 -0.405862629 0.406435728
1403715991984058112.000000 -6.937530994 -2.895674229 4.406162739 -0.569198370 -0.588042319 -0.405972034 0.406701654
1403715992484058112.000000 -6.938159943 -2.897075415 4.406934261 -0.569544375 -0.587907434 -0.405641675 0.406741649
1403715992984058112.000000 -6.938281536 -2.898519278 4.407733917 -0.569776416 -0.587778509 -0.405419350 0.406824768
1403715993484058112.000000 -6.937993526 -2.898517847 4.407723904 -0.569932878 -0.587759137 -0.405203551 0.406848699
1403715993834057984.000000 -6.937289715 -2.897729635 4.407551289 -0.569807410 -0.587432325 -0.405410260 0.407290101
