#LBA time[ms],KF opt[#],KF fixed[#],MP[#],Edges[#]
0.008220,3,1,0,1329
0.003677,4,1,0,1811
0.417232,5,1,0,2510
0.482143,6,1,0,3004
0.741448,7,1,0,3457
0.679485,8,1,0,3987
1.109414,9,1,0,4443
0.992534,10,1,0,4777
1.186237,0,0,0,0
112.419798,0,0,0,0
1.861106,0,0,0,0
2.009348,0,0,0,0
2.351207,0,0,0,0
3.753612,0,0,0,0
2.398412,0,0,0,0
3.702971,0,0,0,0
3.877910,0,0,0,0
2.937502,0,0,0,0
3.473326,0,0,0,0
3.801661,0,0,0,0
4.667787,0,0,0,0
5.246122,0,0,0,0
7.262702,0,0,0,0
5.172273,0,0,0,0
5.365720,0,0,0,0
5.153642,0,0,0,0
5.543652,0,0,0,0
6.745132,0,0,0,0
5.149357,0,0,0,0
5.382766,0,0,0,0
3.144799,0,0,0,0
1.055391,0,0,0,0
0.989501,0,0,0,0
1.208857,0,0,0,0
1.173758,0,0,0,0
1.855559,0,0,0,0
2.250841,0,0,0,0
1.548640,0,0,0,0
2.819272,0,0,0,0
3.781244,0,0,0,0
2.134900,0,0,0,0
3.179544,0,0,0,0
1.349230,0,0,0,0
2.562870,0,0,0,0
3.219108,0,0,0,0
2.166339,0,0,0,0
2.277808,0,0,0,0
2.244379,0,0,0,0
1.832656,0,0,0,0
2.214823,0,0,0,0
2.214347,0,0,0,0
9.022251,0,0,0,0
2.574361,0,0,0,0
7.133506,0,0,0,0
3.283920,0,0,0,0
4.370499,0,0,0,0
5.122607,0,0,0,0
3.647379,0,0,0,0
3.209354,0,0,0,0
4.384430,0,0,0,0
2.813370,0,0,0,0
2.972458,0,0,0,0
3.923770,0,0,0,0
3.531172,0,0,0,0
4.067808,0,0,0,0
2.708630,0,0,0,0
2.461603,0,0,0,0
2.867128,0,0,0,0
1.694049,0,0,0,0
1.840451,0,0,0,0
1.611974,0,0,0,0
2.476582,0,0,0,0
3.048140,0,0,0,0
1.299310,0,0,0,0
3.322130,0,0,0,0
0.897668,0,0,0,0
1.009492,0,0,0,0
1.033164,0,0,0,0
2.026330,0,0,0,0
2.534035,0,0,0,0
2.047987,0,0,0,0
3.535385,0,0,0,0
4.256143,0,0,0,0
3.964772,0,0,0,0
1.785030,0,0,0,0
2.430958,0,0,0,0
1.227906,0,0,0,0
2.506617,0,0,0,0
1.244080,0,0,0,0
2.657848,0,0,0,0
0.892116,0,0,0,0
1.492095,0,0,0,0
2.467116,0,0,0,0
1.016544,0,0,0,0
0.500916,0,0,0,0
0.478991,0,0,0,0
0.632949,0,0,0,0
2.141246,0,0,0,0
1.734928,0,0,0,0
0.713417,0,0,0,0
2.026779,0,0,0,0
1.936921,0,0,0,0
1.889123,0,0,0,0
1.391994,0,0,0,0
2.145741,0,0,0,0
2.023719,0,0,0,0
2.235371,0,0,0,0
3.576583,0,0,0,0
3.043703,0,0,0,0
2.898091,0,0,0,0
2.716978,0,0,0,0
2.874453,0,0,0,0
2.574555,0,0,0,0
3.531501,0,0,0,0
2.670334,0,0,0,0
4.040310,0,0,0,0
3.834086,0,0,0,0
2.906268,0,0,0,0
3.555831,0,0,0,0
3.469458,0,0,0,0
3.149204,0,0,0,0
3.957722,0,0,0,0
3.383497,0,0,0,0
2.766834,0,0,0,0
3.937755,0,0,0,0
4.162424,0,0,0,0
3.653619,0,0,0,0
3.885928,0,0,0,0
3.772529,0,0,0,0
4.159438,0,0,0,0
3.652377,0,0,0,0
6.251228,0,0,0,0
5.217922,0,0,0,0
5.620661,0,0,0,0
4.110214,0,0,0,0
4.829784,0,0,0,0
5.995137,0,0,0,0
5.748865,0,0,0,0
4.704724,0,0,0,0
6.114330,0,0,0,0
5.849465,0,0,0,0
4.153539,0,0,0,0
4.705860,0,0,0,0
4.414675,0,0,0,0
8.188905,0,0,0,0
6.682709,0,0,0,0
6.160892,0,0,0,0
6.020280,0,0,0,0
7.547983,0,0,0,0
7.279672,0,0,0,0
5.983725,0,0,0,0
7.175104,0,0,0,0
6.475026,0,0,0,0
5.649388,0,0,0,0
10.441209,0,0,0,0
8.799055,0,0,0,0
7.379348,0,0,0,0
8.868027,0,0,0,0
7.301248,0,0,0,0
6.960122,0,0,0,0
6.740349,0,0,0,0
7.941251,0,0,0,0
7.415580,0,0,0,0
8.434835,0,0,0,0
8.809145,0,0,0,0
7.254306,0,0,0,0
6.926470,0,0,0,0
7.581741,0,0,0,0
6.530790,0,0,0,0
7.965220,0,0,0,0
9.983569,0,0,0,0
7.494283,0,0,0,0
9.625730,0,0,0,0
6.771066,0,0,0,0
11.111781,0,0,0,0
11.249322,0,0,0,0
6.643452,0,0,0,0
9.497814,0,0,0,0
9.709763,0,0,0,0
10.537418,0,0,0,0
6.098333,0,0,0,0
8.034153,0,0,0,0
7.547137,0,0,0,0
4.877026,0,0,0,0
6.429788,0,0,0,0
5.695695,0,0,0,0
4.068382,0,0,0,0
4.796805,0,0,0,0
3.938948,0,0,0,0
2.749478,0,0,0,0
3.236033,0,0,0,0
5.322051,0,0,0,0
7.187917,0,0,0,0
5.651951,0,0,0,0
4.060871,0,0,0,0
4.471284,0,0,0,0
4.531427,0,0,0,0
7.539333,0,0,0,0
3.131251,0,0,0,0
6.807938,0,0,0,0
7.390652,0,0,0,0
6.797599,0,0,0,0
4.209762,0,0,0,0
5.032243,0,0,0,0
5.919898,0,0,0,0
5.902128,0,0,0,0
4.961623,0,0,0,0
3.817708,0,0,0,0
5.640092,0,0,0,0
7.303360,0,0,0,0
5.205242,0,0,0,0
6.452334,0,0,0,0
6.436082,0,0,0,0
5.275735,0,0,0,0
4.104814,0,0,0,0
4.273076,0,0,0,0
6.474306,0,0,0,0
8.869445,0,0,0,0
10.045860,0,0,0,0
7.558346,0,0,0,0
8.820196,0,0,0,0
8.532908,0,0,0,0
6.807078,0,0,0,0
7.987412,0,0,0,0
8.473018,0,0,0,0
7.032728,0,0,0,0
8.810086,0,0,0,0
10.775758,0,0,0,0
10.204220,0,0,0,0
12.336657,0,0,0,0
9.289614,0,0,0,0
9.676821,0,0,0,0
12.157405,0,0,0,0
9.453117,0,0,0,0
11.507508,0,0,0,0
12.826392,0,0,0,0
10.522305,0,0,0,0
11.563190,0,0,0,0
13.733824,0,0,0,0
13.182375,0,0,0,0
9.267871,0,0,0,0
8.517947,0,0,0,0
6.554191,0,0,0,0
17.765950,0,0,0,0
8.573712,0,0,0,0
6.555932,0,0,0,0
12.251737,0,0,0,0
12.755642,0,0,0,0
8.534472,0,0,0,0
9.048919,0,0,0,0
8.773948,0,0,0,0
7.717973,0,0,0,0
6.785526,0,0,0,0
9.693937,0,0,0,0
12.204658,0,0,0,0
12.689537,0,0,0,0
7.686785,0,0,0,0
10.955229,0,0,0,0
11.790607,0,0,0,0
10.847744,0,0,0,0
12.255056,0,0,0,0
9.669351,0,0,0,0
12.744449,0,0,0,0
11.073171,0,0,0,0
11.285456,0,0,0,0
15.277514,0,0,0,0
12.009803,0,0,0,0
9.942275,0,0,0,0
12.674648,0,0,0,0
15.292847,0,0,0,0
14.909432,0,0,0,0
20.519594,0,0,0,0
12.904638,0,0,0,0
13.337433,0,0,0,0
14.325728,0,0,0,0
12.768550,0,0,0,0
10.847201,0,0,0,0
14.093097,0,0,0,0
15.719043,0,0,0,0
10.555909,0,0,0,0
13.546549,0,0,0,0
14.847363,0,0,0,0
12.709144,0,0,0,0
15.452871,0,0,0,0
8.432132,0,0,0,0
12.461894,0,0,0,0
11.620767,0,0,0,0
15.266931,0,0,0,0
13.244725,0,0,0,0
14.695235,0,0,0,0
8.443583,0,0,0,0
10.749204,0,0,0,0
8.272942,0,0,0,0
8.424594,0,0,0,0
9.426941,0,0,0,0
13.327976,0,0,0,0
16.635888,0,0,0,0
21.281800,0,0,0,0
12.949363,0,0,0,0
10.647904,0,0,0,0
11.246669,0,0,0,0
11.226903,0,0,0,0
9.302273,0,0,0,0
9.349617,0,0,0,0
10.215179,0,0,0,0
12.682397,0,0,0,0
14.797289,0,0,0,0
17.482275,0,0,0,0
9.472576,0,0,0,0
14.001250,0,0,0,0
12.415221,0,0,0,0
7.973674,0,0,0,0
10.702967,0,0,0,0
13.838323,0,0,0,0
12.832753,0,0,0,0
10.644212,0,0,0,0
15.645015,0,0,0,0
13.265899,0,0,0,0
12.144689,0,0,0,0
10.234973,0,0,0,0
11.694852,0,0,0,0
11.801101,0,0,0,0
10.503439,0,0,0,0
15.714817,0,0,0,0
13.320886,0,0,0,0
10.671223,0,0,0,0
10.826461,0,0,0,0
10.185725,0,0,0,0
19.404788,0,0,0,0
10.822585,0,0,0,0
10.051206,0,0,0,0
11.384511,0,0,0,0
8.515479,0,0,0,0
10.754318,0,0,0,0
10.866109,0,0,0,0
9.362520,0,0,0,0
10.818826,0,0,0,0
5.168087,0,0,0,0
10.250081,0,0,0,0
9.748519,0,0,0,0
7.895016,0,0,0,0
9.515577,0,0,0,0
10.895518,0,0,0,0
10.660789,0,0,0,0
9.812501,0,0,0,0
9.619142,0,0,0,0
9.298934,0,0,0,0
10.955889,0,0,0,0
7.712684,0,0,0,0
7.186443,0,0,0,0
11.301414,0,0,0,0
5.957999,0,0,0,0
6.734017,0,0,0,0
11.328278,0,0,0,0
8.724664,0,0,0,0
11.251965,0,0,0,0
9.082295,0,0,0,0
11.646643,0,0,0,0
9.125006,0,0,0,0
7.469839,0,0,0,0
12.287020,0,0,0,0
8.409128,0,0,0,0
12.490961,0,0,0,0
9.304731,0,0,0,0
12.154260,0,0,0,0
10.691192,0,0,0,0
9.678627,0,0,0,0
15.235153,0,0,0,0
13.927816,0,0,0,0
11.030759,0,0,0,0
10.848457,0,0,0,0
11.467129,0,0,0,0
9.327623,0,0,0,0
13.835679,0,0,0,0
16.565838,0,0,0,0
12.664284,0,0,0,0
16.106469,0,0,0,0
12.931307,0,0,0,0
17.447001,0,0,0,0
12.467147,0,0,0,0
15.993365,0,0,0,0
15.587720,0,0,0,0
14.203848,0,0,0,0
14.738173,0,0,0,0
15.865098,0,0,0,0
18.697805,0,0,0,0
14.557380,0,0,0,0
19.102619,0,0,0,0
15.699942,0,0,0,0
15.087784,0,0,0,0
14.751958,0,0,0,0
17.621133,0,0,0,0
12.318157,0,0,0,0
16.118344,0,0,0,0
14.984887,0,0,0,0
16.839117,0,0,0,0
16.369166,0,0,0,0
16.234059,0,0,0,0
19.599897,0,0,0,0
13.803988,0,0,0,0
17.802896,0,0,0,0
14.622237,0,0,0,0
19.258053,0,0,0,0
16.087024,0,0,0,0
20.174856,0,0,0,0
14.978663,0,0,0,0
16.517424,0,0,0,0
16.861991,0,0,0,0
14.736778,0,0,0,0
19.303971,0,0,0,0
11.098587,0,0,0,0
11.944092,0,0,0,0
10.331623,0,0,0,0
13.813062,0,0,0,0
11.525908,0,0,0,0
11.994187,0,0,0,0
11.325188,0,0,0,0
9.414084,0,0,0,0
12.342120,0,0,0,0
9.052834,0,0,0,0
8.160219,0,0,0,0
7.178606,0,0,0,0
6.996429,0,0,0,0
5.214133,0,0,0,0
11.777421,0,0,0,0
18.116601,0,0,0,0
15.044680,0,0,0,0
5.716057,0,0,0,0
8.014959,0,0,0,0
10.959000,0,0,0,0
13.981034,0,0,0,0
9.765316,0,0,0,0
10.666854,0,0,0,0
11.959727,0,0,0,0
8.212670,0,0,0,0
8.508437,0,0,0,0
12.505939,0,0,0,0
12.385770,0,0,0,0
5.873852,0,0,0,0
4.129675,0,0,0,0
6.311515,0,0,0,0
5.736726,0,0,0,0
5.446605,0,0,0,0
5.147998,0,0,0,0
5.622205,0,0,0,0
6.773316,0,0,0,0
6.150723,0,0,0,0
10.991243,0,0,0,0
10.511735,0,0,0,0
10.001920,0,0,0,0
9.755270,0,0,0,0
9.108482,0,0,0,0
9.872767,0,0,0,0
11.416663,0,0,0,0
10.968596,0,0,0,0
10.160131,0,0,0,0
9.398838,0,0,0,0
10.814549,0,0,0,0
11.793989,0,0,0,0
10.467125,0,0,0,0
13.762908,0,0,0,0
10.989802,0,0,0,0
12.695399,0,0,0,0
10.775277,0,0,0,0
9.592566,0,0,0,0
9.800532,0,0,0,0
12.676600,0,0,0,0
13.793014,0,0,0,0
10.083333,0,0,0,0
10.873008,0,0,0,0
9.756206,0,0,0,0
11.362715,0,0,0,0
8.239027,0,0,0,0
10.365365,0,0,0,0
11.382230,0,0,0,0
9.165202,0,0,0,0
9.232238,0,0,0,0
7.767789,0,0,0,0
9.763188,0,0,0,0
9.551322,0,0,0,0
9.574294,0,0,0,0
8.378948,-1075540943,32016,1085603841,1079966362
10.210097,0,401,178455215,1769663965
